,0,1,2,3,4,5,6,7,8,9,10,11,12,13,14,15,16,17,18,19,20,21,22,23,24,25,26,27,28,29,30,31,32,33,34,35,36,37,38,39,40,41,42,43,44,45,46,47,48,49,50,51,52,53,54,55,56,57,58,59,60,61,62,63,64,65,66,67,68,69,70,71,72,73,74,75,76,77,78,79,80,81,82,83,84,85,86,87,88,89,90,91,92,93,94,95,96,97,98,99,100,101,102,103,104,105,106,107,108,109,110,111,112,113,114,115,116,117,118,119,120,121,122,123,124,125,126,127,128,129,130,131,132,133,134,135,136,137,138,139,140,141,142,143,144,145,146,147,148,149,150,151,152,153,154,155,156,157,158,159,160,161,162,163,164,165,166,167,168,169,170,171,172,173,174,175,176,177,178,179,180,181,182,183,184,185,186,187,188,189,190,191,192,193,194,195,196,197,198,199,200,201,202,203,204,205,206,207,208,209,210,211,212,213,214,215,216,217,218,219,220,221,222,223,224,225,226,227,228,229,230,231,232,233,234,235,236,237,238,239,240,241,242,243,244,245,246,247,248,249,250,251,252,253,254,255,256,257,258,259,260,261,262,263,264,265,266,267,268,269,270,271,272,273,274,275,276,277,278,279,280,281,282,283,284,285,286,287,288,289,290,291,292,293,294,295,296,297,298,299,300,301,302,303,304,305,306,307,308,309,310,311,312,313,314,315,316,317,318,319,320,321,322,323,324,325,326,327,328,329,330,331,332,333,334,335,336,337,338,339,340,341,342,343,344,345,346,347,348,349,350,351,352,353,354,355,356,357,358,359,360,361,362,363,364,365,366,367,368,369,370,371,372,373,374,375,376,377,378,379,380,381,382,383,384,385,386,387,388,389,390,391,392,393,394,395,396,397,398,399,400,401,402,403,404,405,406,407,408,409,410,411,412,413,414,415,416,417,418,419,420,421,422,423,424,425,426,427,428,429,430,431,432,433,434,435,436,437,438,439,440,441,442,443,444,445,446,447,448,449,450,451,452,453,454,455,456,457,458,459,460,461,462,463,464,465,466,467,468,469,470,471,472,473,474,475,476,477,478,479,480,481,482,483,484,485,486,487,488,489,490,491,492,493,494,495,496,497,498,499,500,501,502,503,504,505,506,507,508,509,510,511,512,513,514,515,516,517,518,519,520,521,522,523,524,525,526,527,528,529,530,531,532,533,534,535,536,537,538,539,540,541,542,543,544,545,546,547,548,549,550,551,552,553,554,555,556,557,558,559,560,561,562,563,564,565,566,567,568,569,570,571,572,573,574,575,576,577,578,579,580,581,582,583,584,585,586,587,588,589,590,591,592,593,594,595,596,597,598,599,600,601,602,603,604,605,606,607,608,609,610,611,612,613,614,615,616,617,618,619,620,621,622,623,624,625,626,627,628,629,630,631,632,633,634,635,636,637,638,639,640,641,642,643,644,645,646,647,648,649,650,651,652,653,654,655,656,657,658,659,660,661,662,663,664,665,666,667,668,669,670,671,672,673,674,675,676,677,678,679,680,681,682,683,684,685,686,687,688,689,690,691,692,693,694,695,696,697,698,699,700,701,702,703,704,705,706,707,708,709,710,711,712,713,714,715,716,717,718,719,720,721,722,723,724,725,726,727,728,729,730,731,732,733,734,735,736,737,738,739,740,741,742,743,744,745,746,747,748,749,750,751,752,753,754,755,756,757,758,759,760,761,762,763,764,765,766,767,768,769,770,771,772,773,774,775,776,777,778,779,780,781,782,783,784,785,786,787,788,789,790,791,792,793,794,795,796,797,798,799,800,801,802,803,804,805,806,807,808,809,810,811,812,813,814,815,816,817,818,819,820,821,822,823,824,825,826,827,828,829,830,831,832,833,834,835,836,837,838,839,840,841,842,843,844,845,846,847,848,849,850,851,852,853,854,855,856,857,858,859,860,861,862,863,864,865,866,867,868,869,870,871,872,873,874,875,876,877,878,879,880,881,882,883,884,885,886,887,888,889,890,891,892,893,894,895,896,897,898,899,900,901,902,903,904,905,906,907,908,909,910,911,912,913,914,915,916,917,918,919,920,921,922,923,924,925,926,927,928,929,930,931,932,933,934,935,936,937,938,939,940,941,942,943,944,945,946,947,948,949,950,951,952,953,954,955,956,957,958,959,960,961,962,963,964,965,966,967,968,969,970,971,972,973,974,975,976,977,978,979,980,981,982,983,984,985,986,987,988,989,990,991,992,993,994,995,996,997,998,999,1000,1001,1002,1003,1004,1005,1006,1007,1008,1009,1010,1011,1012,1013,1014,1015,1016,1017,1018,1019,1020,1021,1022,1023,1024,1025,1026,1027,1028,1029,1030,1031,1032,1033,1034,1035,1036,1037,1038,1039,1040,1041,1042,1043,1044,1045,1046,1047,1048,1049,1050,1051,1052,1053,1054,1055,1056,1057,1058,1059,1060,1061,1062,1063,1064,1065,1066,1067,1068,1069,1070,1071,1072,1073,1074,1075,1076,1077,1078,1079,1080,1081,1082,1083,1084,1085,1086,1087,1088,1089,1090,1091,1092,1093,1094,1095,1096,1097,1098,1099,1100,1101,1102,1103,1104,1105,1106,1107,1108,1109,1110,1111,1112,1113,1114,1115,1116,1117,1118,1119,1120,1121,1122,1123,1124,1125,1126,1127,1128,1129,1130,1131,1132,1133,1134,1135,1136,1137,1138,1139,1140,1141,1142,1143,1144,1145,1146,1147,1148,1149,1150,1151,1152,1153,1154,1155,1156,1157,1158,1159,1160,1161,1162,1163,1164,1165,1166,1167,1168,1169,1170,1171,1172,1173,1174,1175,1176,1177,1178,1179,1180,1181,1182,1183,1184,1185,1186,1187,1188,1189,1190,1191,1192,1193,1194,1195,1196,1197,1198,1199,1200,1201,1202,1203,1204,1205,1206,1207,1208,1209,1210,1211,1212,1213,1214,1215,1216,1217,1218,1219,1220,1221,1222,1223,1224,1225,1226,1227,1228,1229,1230,1231,1232,1233,1234,1235,1236,1237,1238,1239,1240,1241,1242,1243,1244,1245,1246,1247,1248,1249,1250,1251,1252,1253,1254,1255,1256,1257,1258,1259,1260,1261,1262,1263,1264,1265,1266,1267,1268,1269,1270,1271,1272,1273,1274,1275,1276,1277,1278,1279,1280,1281,1282,1283,1284,1285,1286,1287,1288,1289,1290,1291,1292,1293,1294,1295,1296,1297,1298,1299,1300,1301,1302,1303,1304,1305,1306,1307,1308,1309,1310,1311,1312,1313,1314,1315,1316,1317,1318,1319,1320,1321,1322,1323,1324,1325,1326,1327,1328,1329,1330,1331,1332,1333,1334,1335,1336,1337,1338,1339,1340,1341,1342,1343,1344,1345,1346,1347,1348,1349,1350,1351,1352,1353,1354,1355,1356,1357,1358,1359,1360,1361,1362,1363,1364,1365,1366,1367,1368,1369,1370,1371,1372,1373,1374,1375,1376,1377,1378,1379,1380,1381,1382,1383,1384,1385,1386,1387,1388,1389,1390,1391,1392,1393,1394,1395,1396,1397,1398,1399,1400,1401,1402,1403,1404,1405,1406,1407,1408,1409,1410,1411,1412,1413,1414,1415,1416,1417,1418,1419,1420,1421,1422,1423,1424,1425,1426,1427,1428,1429,1430,1431,1432,1433,1434,1435,1436,1437,1438,1439,1440,1441,1442,1443,1444,1445,1446,1447,1448,1449,1450,1451,1452,1453,1454,1455,1456,1457,1458,1459,1460,1461,1462,1463,1464,1465,1466,1467,1468,1469,1470,1471,1472,1473,1474,1475,1476,1477,1478,1479,1480,1481,1482,1483,1484,1485,1486,1487,1488,1489,1490,1491,1492,1493,1494,1495,1496,1497,1498,1499,1500,1501,1502,1503,1504,1505,1506,1507,1508,1509,1510,1511,1512,1513,1514,1515,1516,1517,1518,1519,1520,1521,1522,1523,1524,1525,1526,1527,1528,1529,1530,1531,1532,1533,1534,1535,1536,1537,1538,1539,1540,1541,1542,1543,1544,1545,1546,1547,1548,1549,1550,1551,1552,1553,1554,1555,1556,1557,1558,1559,1560,1561,1562,1563,1564,1565,1566,1567,1568,1569,1570,1571,1572,1573,1574,1575,1576,1577,1578,1579,1580,1581,1582,1583,1584,1585,1586,1587,1588,1589,1590,1591,1592,1593,1594,1595,1596,1597,1598,1599,1600,1601,1602,1603,1604,1605,1606,1607,1608,1609,1610,1611,1612,1613,1614,1615,1616,1617,1618,1619,1620,1621,1622,1623,1624,1625,1626,1627,1628,1629,1630,1631,1632,1633,1634,1635,1636,1637,1638,1639,1640,1641,1642,1643,1644,1645,1646,1647,1648,1649,1650,1651,1652,1653,1654,1655,1656,1657,1658,1659,1660,1661,1662,1663,1664,1665,1666,1667,1668,1669,1670,1671,1672,1673,1674,1675,1676,1677,1678,1679,1680,1681,1682,1683,1684,1685,1686,1687,1688,1689,1690,1691,1692,1693,1694,1695,1696,1697,1698,1699,1700,1701,1702,1703,1704,1705,1706,1707,1708,1709,1710,1711,1712,1713,1714,1715,1716,1717,1718,1719,1720,1721,1722,1723,1724,1725,1726,1727,1728,1729,1730,1731,1732,1733,1734,1735,1736,1737,1738,1739,1740,1741,1742,1743,1744,1745,1746,1747,1748,1749,1750,1751,1752,1753,1754,1755,1756,1757,1758,1759,1760,1761,1762,1763,1764,1765,1766,1767,1768,1769,1770,1771,1772,1773,1774,1775,1776,1777,1778,1779,1780,1781,1782,1783,1784,1785,1786,1787,1788,1789,1790,1791,1792,1793,1794,1795,1796,1797,1798,1799,1800,1801,1802,1803,1804,1805,1806,1807,1808,1809,1810,1811,1812,1813,1814,1815,1816,1817,1818,1819,1820,1821,1822,1823,1824,1825,1826,1827,1828,1829,1830,1831,1832,1833,1834,1835,1836,1837,1838,1839,1840,1841,1842,1843,1844,1845,1846,1847,1848,1849,1850,1851,1852,1853,1854,1855,1856,1857,1858,1859,1860,1861,1862,1863,1864,1865,1866,1867,1868,1869,1870,1871,1872,1873,1874,1875,1876,1877,1878,1879,1880,1881,1882,1883,1884,1885,1886,1887,1888,1889,1890,1891,1892,1893,1894,1895,1896,1897,1898,1899,1900,1901,1902,1903,1904,1905,1906,1907,1908,1909,1910,1911,1912,1913,1914,1915,1916,1917,1918,1919,1920,1921,1922,1923,1924,1925,1926,1927,1928,1929,1930,1931,1932,1933,1934,1935,1936,1937,1938,1939,1940,1941,1942,1943,1944,1945,1946,1947,1948,1949,1950,1951,1952,1953,1954,1955,1956,1957,1958,1959,1960,1961,1962,1963,1964,1965,1966,1967,1968,1969,1970,1971,1972,1973,1974,1975,1976,1977,1978,1979,1980,1981,1982,1983,1984,1985,1986,1987,1988,1989,1990,1991,1992,1993,1994,1995,1996,1997,1998,1999,2000,2001,2002,2003,2004,2005,2006,2007,2008,2009,2010,2011,2012,2013,2014,2015,2016,2017,2018,2019,2020,2021,2022,2023,2024,2025,2026,2027,2028,2029,2030,2031,2032,2033,2034,2035,2036,2037,2038,2039,2040,2041,2042,2043,2044,2045,2046,2047,2048,2049,2050,2051,2052,2053,2054,2055,2056,2057,2058,2059,2060,2061,2062,2063,2064,2065,2066,2067,2068,2069,2070,2071,2072,2073,2074,2075,2076,2077,2078,2079,2080,2081,2082,2083,2084,2085,2086,2087,2088,2089,2090,2091,2092,2093,2094,2095,2096,2097,2098,2099,2100,2101,2102,2103,2104,2105,2106,2107,2108,2109,2110,2111,2112,2113,2114,2115,2116,2117,2118,2119,2120,2121,2122,2123,2124,2125,2126,2127,2128,2129,2130,2131,2132,2133,2134,2135,2136,2137,2138,2139,2140,2141,2142,2143,2144,2145,2146,2147,2148,2149,2150,2151,2152,2153,2154,2155,2156,2157,2158,2159,2160,2161,2162,2163,2164,2165,2166,2167,2168,2169,2170,2171,2172,2173,2174,2175,2176,2177,2178,2179,2180,2181,2182,2183,2184,2185,2186,2187,2188,2189,2190,2191,2192,2193,2194,2195,2196,2197,2198,2199,2200,2201,2202,2203,2204,2205,2206,2207,2208,2209,2210,2211,2212,2213,2214,2215,2216,2217,2218,2219,2220,2221,2222,2223,2224,2225,2226,2227,2228,2229,2230,2231,2232,2233,2234,2235,2236,2237,2238,2239,2240,2241,2242,2243,2244,2245,2246,2247,2248,2249,2250,2251,2252,2253,2254,2255,2256,2257,2258,2259,2260,2261,2262,2263,2264,2265,2266,2267,2268,2269,2270,2271,2272,2273,2274,2275,2276,2277,2278,2279,2280,2281,2282,2283,2284,2285,2286,2287,2288,2289,2290,2291,2292,2293,2294,2295,2296,2297,2298,2299,2300,2301,2302,2303,2304,2305,2306,2307,2308,2309,2310,2311,2312,2313,2314,2315,2316,2317,2318,2319,2320,2321,2322,2323,2324,2325,2326,2327,2328,2329,2330,2331,2332,2333,2334,2335,2336,2337,2338,2339,2340,2341,2342,2343,2344,2345,2346,2347,2348,2349,2350,2351,2352,2353,2354,2355,2356,2357,2358,2359,2360,2361,2362,2363,2364,2365,2366,2367,2368,2369,2370,2371,2372,2373,2374,2375,2376,2377,2378,2379,2380,2381,2382,2383,2384,2385,2386,2387,2388,2389,2390,2391,2392,2393,2394,2395,2396,2397,2398,2399,2400,2401,2402,2403,2404,2405,2406,2407,2408,2409,2410,2411,2412,2413,2414,2415,2416,2417,2418,2419,2420,2421,2422,2423,2424,2425,2426,2427,2428,2429,2430,2431,2432,2433,2434,2435,2436,2437,2438,2439,2440,2441,2442,2443,2444,2445,2446,2447,2448,2449,2450,2451,2452,2453,2454,2455,2456,2457,2458,2459,2460,2461,2462,2463,2464,2465,2466,2467,2468,2469,2470,2471,2472,2473,2474,2475,2476,2477,2478,2479,2480,2481,2482,2483,2484,2485,2486,2487,2488,2489,2490,2491,2492,2493,2494,2495,2496,2497,2498,2499,2500,2501,2502,2503,2504,2505,2506,2507,2508,2509,2510,2511,2512,2513,2514,2515,2516,2517,2518,2519,2520,2521,2522,2523,2524,2525,2526,2527,2528,2529,2530,2531,2532,2533,2534,2535,2536,2537,2538,2539,2540,2541,2542,2543,2544,2545,2546,2547,2548,2549,2550,2551,2552,2553,2554,2555,2556,2557,2558,2559,2560,2561,2562,2563,2564,2565,2566,2567,2568,2569,2570,2571,2572,2573,2574,2575,2576,2577,2578,2579,2580,2581,2582,2583,2584,2585,2586,2587,2588,2589,2590,2591,2592,2593,2594,2595,2596,2597,2598,2599,2600,2601,2602,2603,2604,2605,2606,2607,2608,2609,2610,2611,2612,2613,2614,2615,2616,2617,2618,2619,2620,2621,2622,2623,2624,2625,2626,2627,2628,2629,2630,2631,2632,2633,2634,2635,2636,2637,2638,2639,2640,2641,2642,2643,2644,2645,2646,2647,2648,2649,2650,2651,2652,2653,2654,2655,2656,2657,2658,2659,2660,2661,2662,2663,2664,2665,2666,2667,2668,2669,2670,2671,2672,2673,2674,2675,2676,2677,2678,2679,2680,2681,2682,2683,2684,2685,2686,2687,2688,2689,2690,2691,2692,2693,2694,2695,2696,2697,2698,2699,2700,2701,2702,2703,2704,2705,2706,2707,2708,2709,2710,2711,2712,2713,2714,2715,2716,2717,2718,2719,2720,2721,2722,2723,2724,2725,2726,2727,2728,2729,2730,2731,2732,2733,2734,2735,2736,2737,2738,2739,2740,2741,2742,2743,2744,2745,2746,2747,2748,2749,2750,2751,2752,2753,2754,2755,2756,2757,2758,2759,2760,2761,2762,2763,2764,2765,2766,2767,2768,2769,2770,2771,2772,2773,2774,2775,2776,2777,2778,2779,2780,2781,2782,2783,2784,2785,2786,2787,2788,2789,2790,2791,2792,2793,2794,2795,2796,2797,2798,2799,2800,2801,2802,2803,2804,2805,2806,2807,2808,2809,2810,2811,2812,2813,2814,2815,2816,2817,2818,2819,2820,2821,2822,2823,2824,2825,2826,2827,2828,2829,2830,2831,2832,2833,2834,2835,2836,2837,2838,2839,2840,2841,2842,2843,2844,2845,2846,2847,2848,2849,2850,2851,2852,2853,2854,2855,2856,2857,2858,2859,2860,2861,2862,2863,2864,2865,2866,2867,2868,2869,2870,2871,2872,2873,2874,2875,2876,2877,2878,2879,2880,2881,2882,2883,2884,2885,2886,2887,2888,2889,2890,2891,2892,2893,2894,2895,2896,2897,2898,2899,2900,2901,2902,2903,2904,2905,2906,2907,2908,2909,2910,2911,2912,2913,2914,2915,2916,2917,2918,2919,2920,2921,2922,2923,2924,2925,2926,2927,2928,2929,2930,2931,2932,2933,2934,2935,2936,2937,2938,2939,2940,2941,2942,2943,2944,2945,2946,2947,2948,2949,2950,2951,2952,2953,2954,2955,2956,2957,2958,2959,2960,2961,2962,2963,2964,2965,2966,2967,2968,2969,2970,2971,2972,2973,2974,2975,2976,2977,2978,2979,2980,2981,2982,2983,2984,2985,2986,2987,2988,2989,2990,2991,2992,2993,2994,2995,2996,2997,2998,2999,3000,3001,3002,3003,3004,3005,3006,3007,3008,3009,3010,3011,3012,3013,3014,3015,3016,3017,3018,3019,3020,3021,3022,3023,3024,3025,3026,3027,3028,3029,3030,3031,3032,3033,3034,3035,3036,3037,3038,3039,3040,3041,3042,3043,3044,3045,3046,3047,3048,3049,3050,3051,3052,3053,3054,3055,3056,3057,3058,3059,3060,3061,3062,3063,3064,3065,3066,3067,3068,3069,3070,3071,3072,3073,3074,3075,3076,3077,3078,3079,3080,3081,3082,3083,3084,3085,3086,3087,3088,3089,3090,3091,3092,3093,3094,3095,3096,3097,3098,3099,3100,3101,3102,3103,3104,3105,3106,3107,3108,3109,3110,3111,3112,3113,3114,3115,3116,3117,3118,3119,3120,3121,3122,3123,3124,3125,3126,3127,3128,3129,3130,3131,3132,3133,3134,3135,3136,3137,3138,3139,3140,3141,3142,3143,3144,3145,3146,3147,3148,3149,3150,3151,3152,3153,3154,3155,3156,3157,3158,3159,3160,3161,3162,3163,3164,3165,3166,3167,3168,3169,3170,3171,3172,3173,3174,3175,3176,3177,3178,3179,3180,3181,3182,3183,3184,3185,3186,3187,3188,3189,3190,3191,3192,3193,3194,3195,3196,3197,3198,3199,3200,3201,3202,3203,3204,3205,3206,3207,3208,3209,3210,3211,3212,3213,3214,3215,3216,3217,3218,3219,3220,3221,3222,3223,3224,3225,3226,3227,3228,3229,3230,3231,3232,3233,3234,3235,3236,3237,3238,3239,3240,3241,3242,3243,3244,3245,3246,3247,3248,3249,3250,3251,3252,3253,3254,3255,3256,3257,3258,3259,3260,3261,3262,3263,3264,3265,3266,3267,3268,3269,3270,3271,3272,3273,3274,3275,3276,3277,3278,3279,3280,3281,3282,3283,3284,3285,3286,3287,3288,3289,3290,3291,3292,3293,3294,3295,3296,3297,3298,3299,3300,3301,3302,3303,3304,3305,3306,3307,3308,3309,3310,3311,3312,3313,3314,3315,3316,3317,3318,3319,3320,3321,3322,3323,3324,3325,3326,3327,3328,3329,3330,3331,3332,3333,3334,3335,3336,3337,3338,3339,3340,3341,3342,3343,3344,3345,3346,3347,3348,3349,3350,3351,3352,3353,3354,3355,3356,3357,3358,3359,3360,3361,3362,3363,3364,3365,3366,3367,3368,3369,3370,3371,3372,3373,3374,3375,3376,3377,3378,3379,3380,3381,3382,3383,3384,3385,3386,3387,3388,3389,3390,3391,3392,3393,3394,3395,3396,3397,3398,3399,3400,3401,3402,3403,3404,3405,3406,3407,3408,3409,3410,3411,3412,3413,3414,3415,3416,3417,3418,3419,3420,3421,3422,3423,3424,3425,3426,3427,3428,3429,3430,3431,3432,3433,3434,3435,3436,3437,3438,3439,3440,3441,3442,3443,3444,3445,3446,3447,3448,3449,3450,3451,3452,3453,3454,3455,3456,3457,3458,3459,3460,3461,3462,3463,3464,3465,3466,3467,3468,3469,3470,3471,3472,3473,3474,3475,3476,3477,3478,3479,3480,3481,3482,3483,3484,3485,3486,3487,3488,3489,3490,3491,3492,3493,3494,3495,3496,3497,3498,3499,3500,3501,3502,3503,3504,3505,3506,3507,3508,3509,3510,3511,3512,3513,3514,3515,3516,3517,3518,3519,3520,3521,3522,3523,3524,3525,3526,3527,3528,3529,3530,3531,3532,3533,3534,3535,3536,3537,3538,3539,3540,3541,3542,3543,3544,3545,3546,3547,3548,3549,3550,3551,3552,3553,3554,3555,3556,3557,3558,3559,3560,3561,3562,3563,3564,3565,3566,3567,3568,3569,3570,3571,3572,3573,3574,3575,3576,3577,3578,3579,3580,3581,3582,3583,3584,3585,3586,3587,3588,3589,3590,3591,3592,3593,3594,3595,3596,3597,3598,3599,3600,3601,3602,3603,3604,3605,3606,3607,3608,3609,3610,3611,3612,3613,3614,3615,3616,3617,3618,3619,3620,3621,3622,3623,3624,3625,3626,3627,3628,3629,3630,3631,3632,3633,3634,3635,3636,3637,3638,3639,3640,3641,3642,3643,3644,3645,3646,3647,3648,3649,3650,3651,3652,3653,3654,3655,3656,3657,3658,3659,3660,3661,3662,3663,3664,3665,3666,3667,3668,3669,3670,3671,3672,3673,3674,3675,3676,3677,3678,3679,3680,3681,3682,3683,3684,3685,3686,3687,3688,3689,3690,3691,3692,3693,3694,3695,3696,3697,3698,3699,3700,3701,3702,3703,3704,3705,3706,3707,3708,3709,3710,3711,3712,3713,3714,3715,3716,3717,3718,3719,3720,3721,3722,3723,3724,3725,3726,3727,3728,3729,3730,3731,3732,3733,3734,3735,3736,3737,3738,3739,3740,3741,3742,3743,3744,3745,3746,3747,3748,3749,3750,3751,3752,3753,3754,3755,3756,3757,3758,3759,3760,3761,3762,3763,3764,3765,3766,3767,3768,3769,3770,3771,3772,3773,3774,3775,3776,3777,3778,3779,3780,3781,3782,3783,3784,3785,3786,3787,3788,3789,3790,3791,3792,3793,3794,3795,3796,3797,3798,3799,3800,3801,3802,3803,3804,3805,3806,3807,3808,3809,3810,3811,3812,3813,3814,3815,3816,3817,3818,3819,3820,3821,3822,3823,3824,3825,3826,3827,3828,3829,3830,3831,3832,3833,3834,3835,3836,3837,3838,3839,3840,3841,3842,3843,3844,3845,3846,3847,3848,3849,3850,3851,3852,3853,3854,3855,3856,3857,3858,3859,3860,3861,3862,3863,3864,3865,3866,3867,3868,3869,3870,3871,3872,3873,3874,3875,3876,3877,3878,3879,3880,3881,3882,3883,3884,3885,3886,3887,3888,3889,3890,3891,3892,3893,3894,3895,3896,3897,3898,3899,3900,3901,3902,3903,3904,3905,3906,3907,3908,3909,3910,3911,3912,3913,3914,3915,3916,3917,3918,3919,3920,3921,3922,3923,3924,3925,3926,3927,3928,3929,3930,3931,3932,3933,3934,3935,3936,3937,3938,3939,3940,3941,3942,3943,3944,3945,3946,3947,3948,3949,3950,3951,3952,3953,3954,3955,3956,3957,3958,3959,3960,3961,3962,3963,3964,3965,3966,3967,3968,3969,3970,3971,3972,3973,3974,3975,3976,3977,3978,3979,3980,3981,3982,3983,3984,3985,3986,3987,3988,3989,3990,3991,3992,3993,3994,3995,3996,3997,3998,3999,4000,4001,4002,4003,4004,4005,4006,4007,4008,4009,4010,4011,4012,4013,4014,4015,4016,4017,4018,4019,4020,4021,4022,4023,4024,4025,4026,4027,4028,4029,4030,4031,4032,4033,4034,4035,4036,4037,4038,4039,4040,4041,4042,4043,4044,4045,4046,4047,4048,4049,4050,4051,4052,4053,4054,4055,4056,4057,4058,4059,4060,4061,4062,4063,4064,4065,4066,4067,4068,4069,4070,4071,4072,4073,4074,4075,4076,4077,4078,4079,4080,4081,4082,4083,4084,4085,4086,4087,4088,4089,4090,4091,4092,4093,4094,4095,4096,4097,4098,4099,4100,4101,4102,4103,4104,4105,4106,4107,4108,4109,4110,4111,4112,4113,4114,4115,4116,4117,4118,4119,4120,4121,4122,4123,4124,4125,4126,4127,4128,4129,4130,4131,4132,4133,4134,4135,4136,4137,4138,4139,4140,4141,4142,4143,4144,4145,4146,4147,4148,4149,4150,4151,4152,4153,4154,4155,4156,4157,4158,4159,4160,4161,4162,4163,4164,4165,4166,4167,4168,4169,4170,4171,4172,4173,4174,4175,4176,4177,4178,4179,4180,4181,4182,4183,4184,4185,4186,4187,4188,4189,4190,4191,4192,4193,4194,4195,4196,4197,4198,4199,4200,4201,4202,4203,4204,4205,4206,4207,4208,4209,4210,4211,4212,4213,4214,4215,4216,4217,4218,4219,4220,4221,4222,4223,4224,4225,4226,4227,4228,4229,4230,4231,4232,4233,4234,4235,4236,4237,4238,4239,4240,4241,4242,4243,4244,4245,4246,4247,4248,4249,4250,4251,4252,4253,4254,4255,4256,4257,4258,4259,4260,4261,4262,4263,4264,4265,4266,4267,4268,4269,4270,4271,4272,4273,4274,4275,4276,4277,4278,4279,4280,4281,4282,4283,4284,4285,4286,4287,4288,4289,4290,4291,4292,4293,4294,4295,4296,4297,4298,4299,4300,4301,4302,4303,4304,4305,4306,4307,4308,4309,4310,4311,4312,4313,4314,4315,4316,4317,4318,4319,4320,4321,4322,4323,4324,4325,4326,4327,4328,4329,4330,4331,4332,4333,4334,4335,4336,4337,4338,4339,4340,4341,4342,4343,4344,4345,4346,4347,4348,4349,4350,4351,4352,4353,4354,4355,4356,4357,4358,4359,4360,4361,4362,4363,4364,4365,4366,4367,4368,4369,4370,4371,4372,4373,4374,4375,4376,4377,4378,4379,4380,4381,4382,4383,4384,4385,4386,4387,4388,4389,4390,4391,4392,4393,4394,4395,4396,4397,4398,4399,4400,4401,4402,4403,4404,4405,4406,4407,4408,4409,4410,4411,4412,4413,4414,4415,4416,4417,4418,4419,4420,4421,4422,4423,4424,4425,4426,4427,4428,4429,4430,4431,4432,4433,4434,4435,4436,4437,4438,4439,4440,4441,4442,4443,4444,4445,4446,4447,4448,4449,4450,4451,4452,4453,4454,4455,4456,4457,4458,4459,4460,4461,4462,4463,4464,4465,4466,4467,4468,4469,4470,4471,4472,4473,4474,4475,4476,4477,4478,4479,4480,4481,4482,4483,4484,4485,4486,4487,4488,4489,4490,4491,4492,4493,4494,4495,4496,4497,4498,4499,4500,4501,4502,4503,4504,4505,4506,4507,4508,4509,4510,4511,4512,4513,4514,4515,4516,4517,4518,4519,4520,4521,4522,4523,4524,4525,4526,4527,4528,4529,4530,4531,4532,4533,4534,4535,4536,4537,4538,4539,4540,4541,4542,4543,4544,4545,4546,4547,4548,4549,4550,4551,4552,4553,4554,4555,4556,4557,4558,4559,4560,4561,4562,4563,4564,4565,4566,4567,4568,4569,4570,4571,4572,4573,4574,4575,4576,4577,4578,4579,4580,4581,4582,4583,4584,4585,4586,4587,4588,4589,4590,4591,4592,4593,4594,4595,4596,4597,4598,4599,4600,4601,4602,4603,4604,4605,4606,4607,4608,4609,4610,4611,4612,4613,4614,4615,4616,4617,4618,4619,4620,4621,4622,4623,4624,4625,4626,4627,4628,4629,4630,4631,4632,4633,4634,4635,4636,4637,4638,4639,4640,4641,4642,4643,4644,4645,4646,4647,4648,4649,4650,4651,4652,4653,4654,4655,4656,4657,4658,4659,4660,4661,4662,4663,4664,4665,4666,4667,4668,4669,4670,4671,4672,4673,4674,4675,4676,4677,4678,4679,4680,4681,4682,4683,4684,4685,4686,4687,4688,4689,4690,4691,4692,4693,4694,4695,4696,4697,4698,4699,4700,4701,4702,4703,4704,4705,4706,4707,4708,4709,4710,4711,4712,4713,4714,4715,4716,4717,4718,4719,4720,4721,4722,4723,4724,4725,4726,4727,4728,4729,4730,4731,4732,4733,4734,4735,4736,4737,4738,4739,4740,4741,4742,4743,4744,4745,4746,4747,4748,4749,4750,4751,4752,4753,4754,4755,4756,4757,4758,4759,4760,4761,4762,4763,4764,4765,4766,4767,4768,4769,4770,4771,4772,4773,4774,4775,4776,4777,4778,4779,4780,4781,4782,4783,4784,4785,4786,4787,4788,4789,4790,4791,4792,4793,4794,4795,4796,4797,4798,4799,4800,4801,4802,4803,4804,4805,4806,4807,4808,4809,4810,4811,4812,4813,4814,4815,4816,4817,4818,4819,4820,4821,4822,4823,4824,4825,4826,4827,4828,4829,4830,4831,4832,4833,4834,4835,4836,4837,4838,4839,4840,4841,4842,4843,4844,4845,4846,4847,4848,4849,4850,4851,4852,4853,4854,4855,4856,4857,4858,4859,4860,4861,4862,4863,4864,4865,4866,4867,4868,4869,4870,4871,4872,4873,4874,4875,4876,4877,4878,4879,4880,4881,4882,4883,4884,4885,4886,4887,4888,4889,4890,4891,4892,4893,4894,4895,4896,4897,4898,4899,4900,4901,4902,4903,4904,4905,4906,4907,4908,4909,4910,4911,4912,4913,4914,4915,4916,4917,4918,4919,4920,4921,4922,4923,4924,4925,4926,4927,4928,4929,4930,4931,4932,4933,4934,4935,4936,4937,4938,4939,4940,4941,4942,4943,4944,4945,4946,4947,4948,4949,4950,4951,4952,4953,4954,4955,4956,4957,4958,4959,4960,4961,4962,4963,4964,4965,4966,4967,4968,4969,4970,4971,4972,4973,4974,4975,4976,4977,4978,4979,4980,4981,4982,4983,4984,4985,4986,4987,4988,4989,4990,4991,4992,4993,4994,4995,4996,4997,4998,4999,5000,5001,5002,5003,5004,5005,5006,5007,5008,5009,5010,5011,5012,5013,5014,5015,5016,5017,5018,5019,5020,5021,5022,5023,5024,5025,5026,5027,5028,5029,5030,5031,5032,5033,5034,5035,5036,5037,5038,5039,5040,5041,5042,5043,5044,5045,5046,5047,5048,5049,5050,5051,5052,5053,5054,5055,5056,5057,5058,5059,5060,5061,5062,5063,5064,5065,5066,5067,5068,5069,5070,5071,5072,5073,5074,5075,5076,5077,5078,5079,5080,5081,5082,5083,5084,5085,5086,5087,5088,5089,5090,5091,5092,5093,5094,5095,5096,5097,5098,5099,5100,5101,5102,5103,5104,5105,5106,5107,5108,5109,5110,5111,5112,5113,5114,5115,5116,5117,5118,5119,5120,5121,5122,5123,5124,5125,5126,5127,5128,5129,5130,5131,5132,5133,5134,5135,5136,5137,5138,5139,5140,5141,5142,5143,5144,5145,5146,5147,5148,5149,5150,5151,5152,5153,5154,5155,5156,5157,5158,5159,5160,5161,5162,5163,5164,5165,5166,5167,5168,5169,5170,5171,5172,5173,5174,5175,5176,5177,5178,5179,5180,5181,5182,5183,5184,5185,5186,5187,5188,5189,5190,5191,5192,5193,5194,5195,5196,5197,5198,5199,5200,5201,5202,5203,5204,5205,5206,5207,5208,5209,5210,5211,5212,5213,5214,5215,5216,5217,5218,5219,5220,5221,5222,5223,5224,5225,5226,5227,5228,5229,5230,5231,5232,5233,5234,5235,5236,5237,5238,5239,5240,5241,5242,5243,5244,5245,5246,5247,5248,5249,5250,5251,5252,5253,5254,5255,5256,5257,5258,5259,5260,5261,5262,5263,5264,5265,5266,5267,5268,5269,5270,5271,5272,5273,5274,5275,5276,5277,5278,5279,5280,5281,5282,5283,5284,5285,5286,5287,5288,5289,5290,5291,5292,5293,5294,5295,5296,5297,5298,5299,5300,5301,5302,5303,5304,5305,5306,5307,5308,5309,5310,5311,5312,5313,5314,5315,5316,5317,5318,5319,5320,5321,5322,5323,5324,5325,5326,5327,5328,5329,5330,5331,5332,5333,5334,5335,5336,5337,5338,5339,5340,5341,5342,5343,5344,5345,5346,5347,5348,5349,5350,5351,5352,5353,5354,5355,5356,5357,5358,5359,5360,5361,5362,5363,5364,5365,5366,5367,5368,5369,5370,5371,5372,5373,5374,5375,5376,5377,5378,5379,5380,5381,5382,5383,5384,5385,5386,5387,5388,5389,5390,5391,5392,5393,5394,5395,5396,5397,5398,5399,5400,5401,5402,5403,5404,5405,5406,5407,5408,5409,5410,5411,5412,5413,5414,5415,5416,5417,5418,5419,5420,5421,5422,5423,5424,5425,5426,5427,5428,5429,5430,5431,5432,5433,5434,5435,5436,5437,5438,5439,5440,5441,5442,5443,5444,5445,5446,5447,5448,5449,5450,5451,5452,5453,5454,5455,5456,5457,5458,5459,5460,5461,5462,5463,5464,5465,5466,5467,5468,5469,5470,5471,5472,5473,5474,5475,5476,5477,5478,5479,5480,5481,5482,5483,5484,5485,5486,5487,5488,5489,5490,5491,5492,5493,5494,5495,5496,5497,5498,5499,5500,5501,5502,5503,5504,5505,5506,5507,5508,5509,5510,5511,5512,5513,5514,5515,5516,5517,5518,5519,5520,5521,5522,5523,5524,5525,5526,5527,5528,5529,5530,5531,5532,5533,5534,5535,5536,5537,5538,5539,5540,5541,5542,5543,5544,5545,5546,5547,5548,5549,5550,5551,5552,5553,5554,5555,5556,5557,5558,5559,5560,5561,5562,5563,5564,5565,5566,5567,5568,5569,5570,5571,5572,5573,5574,5575,5576,5577,5578,5579,5580,5581,5582,5583,5584,5585,5586,5587,5588,5589,5590,5591,5592,5593,5594,5595,5596,5597,5598,5599,5600,5601,5602,5603,5604,5605,5606,5607,5608,5609,5610,5611,5612,5613,5614,5615,5616,5617,5618,5619,5620,5621,5622,5623,5624,5625,5626,5627,5628,5629,5630,5631,5632,5633,5634,5635,5636,5637,5638,5639,5640,5641,5642,5643,5644,5645,5646,5647,5648,5649,5650,5651,5652,5653,5654,5655,5656,5657,5658,5659,5660,5661,5662,5663,5664,5665,5666,5667,5668,5669,5670,5671,5672,5673,5674,5675,5676,5677,5678,5679,5680,5681,5682,5683,5684,5685,5686,5687,5688,5689,5690,5691,5692,5693,5694,5695,5696,5697,5698,5699,5700,5701,5702,5703,5704,5705,5706,5707,5708,5709,5710,5711,5712,5713,5714,5715,5716,5717,5718,5719,5720,5721,5722,5723,5724,5725,5726,5727,5728,5729,5730,5731,5732,5733,5734,5735,5736,5737,5738,5739,5740,5741,5742,5743,5744,5745,5746,5747,5748,5749,5750,5751,5752,5753,5754,5755,5756,5757,5758,5759,5760,5761,5762,5763,5764,5765,5766,5767,5768,5769,5770,5771,5772,5773,5774,5775,5776,5777,5778,5779,5780,5781,5782,5783,5784,5785,5786,5787,5788,5789,5790,5791,5792,5793,5794,5795,5796,5797,5798,5799,5800,5801,5802,5803,5804,5805,5806,5807,5808,5809,5810,5811,5812,5813,5814,5815,5816,5817,5818,5819,5820,5821,5822,5823,5824,5825,5826,5827,5828,5829,5830,5831,5832,5833,5834,5835,5836,5837,5838,5839,5840,5841,5842,5843,5844,5845,5846,5847,5848,5849,5850,5851,5852,5853,5854,5855,5856,5857,5858,5859,5860,5861,5862,5863,5864,5865,5866,5867,5868,5869,5870,5871,5872,5873,5874,5875,5876,5877,5878,5879,5880,5881,5882,5883,5884,5885,5886,5887,5888,5889,5890,5891,5892,5893,5894,5895,5896,5897,5898,5899,5900,5901,5902,5903,5904,5905,5906,5907,5908,5909,5910,5911,5912,5913,5914,5915,5916,5917,5918,5919,5920,5921,5922,5923,5924,5925,5926,5927,5928,5929,5930,5931,5932,5933,5934,5935,5936,5937,5938,5939,5940,5941,5942,5943,5944,5945,5946,5947,5948,5949,5950,5951,5952,5953,5954,5955,5956,5957,5958,5959,5960,5961,5962,5963,5964,5965,5966,5967,5968,5969,5970,5971,5972,5973,5974,5975,5976,5977,5978,5979,5980,5981,5982,5983,5984,5985,5986,5987,5988,5989,5990,5991,5992,5993,5994,5995,5996,5997,5998,5999,6000,6001,6002,6003,6004,6005,6006,6007,6008,6009,6010,6011,6012,6013,6014,6015,6016,6017,6018,6019,6020,6021,6022,6023,6024,6025,6026,6027,6028,6029,6030,6031,6032,6033,6034,6035,6036,6037,6038,6039,6040,6041,6042,6043,6044,6045,6046,6047,6048,6049,6050,6051,6052,6053,6054,6055,6056,6057,6058,6059,6060,6061,6062,6063,6064,6065,6066,6067,6068,6069,6070,6071,6072,6073,6074,6075,6076,6077,6078,6079,6080,6081,6082,6083,6084,6085,6086,6087,6088,6089,6090,6091,6092,6093,6094,6095,6096,6097,6098,6099,6100,6101,6102,6103,6104,6105,6106,6107,6108,6109,6110,6111,6112,6113,6114,6115,6116,6117,6118,6119,6120,6121,6122,6123,6124,6125,6126,6127,6128,6129,6130,6131,6132,6133,6134,6135,6136,6137,6138,6139,6140,6141,6142,6143,6144,6145,6146,6147,6148,6149,6150,6151,6152,6153,6154,6155,6156,6157,6158,6159,6160,6161,6162,6163,6164,6165,6166,6167,6168,6169,6170,6171,6172,6173,6174,6175,6176,6177,6178,6179,6180,6181,6182,6183,6184,6185,6186,6187,6188,6189,6190,6191,6192,6193,6194,6195,6196,6197,6198,6199,6200,6201,6202,6203,6204,6205,6206,6207,6208,6209,6210,6211,6212,6213,6214,6215,6216,6217,6218,6219,6220,6221,6222,6223,6224,6225,6226,6227,6228,6229,6230,6231,6232,6233,6234,6235,6236,6237,6238,6239,6240,6241,6242,6243,6244,6245,6246,6247,6248,6249,6250,6251,6252,6253,6254,6255,6256,6257,6258,6259,6260,6261,6262,6263,6264,6265,6266,6267,6268,6269,6270,6271,6272,6273,6274,6275,6276,6277,6278,6279,6280,6281,6282,6283,6284,6285,6286,6287,6288,6289,6290,6291,6292,6293,6294,6295,6296,6297,6298,6299,6300,6301,6302,6303,6304,6305,6306,6307,6308,6309,6310,6311,6312,6313,6314,6315,6316,6317,6318,6319,6320,6321,6322,6323,6324,6325,6326,6327,6328,6329,6330,6331,6332,6333,6334,6335,6336,6337,6338,6339,6340,6341,6342,6343,6344,6345,6346,6347,6348,6349,6350,6351,6352,6353,6354,6355,6356,6357,6358,6359,6360,6361,6362,6363,6364,6365,6366,6367,6368,6369,6370,6371,6372,6373,6374,6375,6376,6377,6378,6379,6380,6381,6382,6383,6384,6385,6386,6387,6388,6389,6390,6391,6392,6393,6394,6395,6396,6397,6398,6399,6400,6401,6402,6403,6404,6405,6406,6407,6408,6409,6410,6411,6412,6413,6414,6415,6416,6417,6418,6419,6420,6421,6422,6423,6424,6425,6426,6427,6428,6429,6430,6431,6432,6433,6434,6435,6436,6437,6438,6439,6440,6441,6442,6443,6444,6445,6446,6447,6448,6449,6450,6451,6452,6453,6454,6455,6456,6457,6458,6459,6460,6461,6462,6463,6464,6465,6466,6467,6468,6469,6470,6471,6472,6473,6474,6475,6476,6477,6478,6479,6480,6481,6482,6483,6484,6485,6486,6487,6488,6489,6490,6491,6492,6493,6494,6495,6496,6497,6498,6499,6500,6501,6502,6503,6504,6505,6506,6507,6508,6509,6510,6511,6512,6513,6514,6515,6516,6517,6518,6519,6520,6521,6522,6523,6524,6525,6526,6527,6528,6529,6530,6531,6532,6533,6534,6535,6536,6537,6538,6539,6540,6541,6542,6543,6544,6545,6546,6547,6548,6549,6550,6551,6552,6553,6554,6555,6556,6557,6558,6559,6560,6561,6562,6563,6564,6565,6566,6567,6568,6569,6570,6571,6572,6573,6574,6575,6576,6577,6578,6579,6580,6581,6582,6583,6584,6585,6586,6587,6588,6589,6590,6591,6592,6593,6594,6595,6596,6597,6598,6599,6600,6601,6602,6603,6604,6605,6606,6607,6608,6609,6610,6611,6612,6613,6614,6615,6616,6617,6618,6619,6620,6621,6622,6623,6624,6625,6626,6627,6628,6629,6630,6631,6632,6633,6634,6635,6636,6637,6638,6639,6640,6641,6642,6643,6644,6645,6646,6647,6648,6649,6650,6651,6652,6653,6654,6655,6656,6657,6658,6659,6660,6661,6662,6663,6664,6665,6666,6667,6668,6669,6670,6671,6672,6673,6674,6675,6676,6677,6678,6679,6680,6681,6682,6683,6684,6685,6686,6687,6688,6689,6690,6691,6692,6693,6694,6695,6696,6697,6698,6699,6700,6701,6702,6703,6704,6705,6706,6707,6708,6709,6710,6711,6712,6713,6714,6715,6716,6717,6718,6719,6720,6721,6722,6723,6724,6725,6726,6727,6728,6729,6730,6731,6732,6733,6734,6735,6736,6737,6738,6739,6740,6741,6742,6743,6744,6745,6746,6747,6748,6749,6750,6751,6752,6753,6754,6755,6756,6757,6758,6759,6760,6761,6762,6763,6764,6765,6766,6767,6768,6769,6770,6771,6772,6773,6774,6775,6776,6777,6778,6779,6780,6781,6782,6783,6784,6785,6786,6787,6788,6789,6790,6791,6792,6793,6794,6795,6796,6797,6798,6799,6800,6801,6802,6803,6804,6805,6806,6807,6808,6809,6810,6811,6812,6813,6814,6815,6816,6817,6818,6819,6820,6821,6822,6823,6824,6825,6826,6827,6828,6829,6830,6831,6832,6833,6834,6835,6836,6837,6838,6839,6840,6841,6842,6843,6844,6845,6846,6847,6848,6849,6850,6851,6852,6853,6854,6855,6856,6857,6858,6859,6860,6861,6862,6863,6864,6865,6866,6867,6868,6869,6870,6871,6872,6873,6874,6875,6876,6877,6878,6879,6880,6881,6882,6883,6884,6885,6886,6887,6888,6889,6890,6891,6892,6893,6894,6895,6896,6897,6898,6899,6900,6901,6902,6903,6904,6905,6906,6907,6908,6909,6910,6911,6912,6913,6914,6915,6916,6917,6918,6919,6920,6921,6922,6923,6924,6925,6926,6927,6928,6929,6930,6931,6932,6933,6934,6935,6936,6937,6938,6939,6940,6941,6942,6943,6944,6945,6946,6947,6948,6949,6950,6951,6952,6953,6954,6955,6956,6957,6958,6959,6960,6961,6962,6963,6964,6965,6966,6967,6968,6969,6970,6971,6972,6973,6974,6975,6976,6977,6978,6979,6980,6981,6982,6983,6984,6985,6986,6987,6988,6989,6990,6991,6992,6993,6994,6995,6996,6997,6998,6999,7000,7001,7002,7003,7004,7005,7006,7007,7008,7009,7010,7011,7012,7013,7014,7015,7016,7017,7018,7019,7020,7021,7022,7023,7024,7025,7026,7027,7028,7029,7030,7031,7032,7033,7034,7035,7036,7037,7038,7039,7040,7041,7042,7043,7044,7045,7046,7047,7048,7049,7050,7051,7052,7053,7054,7055,7056,7057,7058,7059,7060,7061,7062,7063,7064,7065,7066,7067,7068,7069,7070,7071,7072,7073,7074,7075,7076,7077,7078,7079,7080,7081,7082,7083,7084,7085,7086,7087,7088,7089,7090,7091,7092,7093,7094,7095,7096,7097,7098,7099,7100,7101,7102,7103,7104,7105,7106,7107,7108,7109,7110,7111,7112,7113,7114,7115,7116,7117,7118,7119,7120,7121,7122,7123,7124,7125,7126,7127,7128,7129,7130,7131,7132,7133,7134,7135,7136,7137,7138,7139,7140,7141,7142,7143,7144,7145,7146,7147,7148,7149,7150,7151,7152,7153,7154,7155,7156,7157,7158,7159,7160,7161,7162,7163,7164,7165,7166,7167,7168,7169,7170,7171,7172,7173,7174,7175,7176,7177,7178,7179,7180,7181,7182,7183,7184,7185,7186,7187,7188,7189,7190,7191,7192,7193,7194,7195,7196,7197,7198,7199,7200,7201,7202,7203,7204,7205,7206,7207,7208,7209,7210,7211,7212,7213,7214,7215,7216,7217,7218,7219,7220,7221,7222,7223,7224,7225,7226,7227,7228,7229,7230,7231,7232,7233,7234,7235,7236,7237,7238,7239,7240,7241,7242,7243,7244,7245,7246,7247,7248,7249,7250,7251,7252,7253,7254,7255,7256,7257,7258,7259,7260,7261,7262,7263,7264,7265,7266,7267,7268,7269,7270,7271,7272,7273,7274,7275,7276,7277,7278,7279,7280,7281,7282,7283,7284,7285,7286,7287,7288,7289,7290,7291,7292,7293,7294,7295,7296,7297,7298,7299,7300,7301,7302,7303,7304,7305,7306,7307,7308,7309,7310,7311,7312,7313,7314,7315,7316,7317,7318,7319,7320,7321,7322,7323,7324,7325,7326,7327,7328,7329,7330,7331,7332,7333,7334,7335,7336,7337,7338,7339,7340,7341,7342,7343,7344,7345,7346,7347,7348,7349,7350,7351,7352,7353,7354,7355,7356,7357,7358,7359,7360,7361,7362,7363,7364,7365,7366,7367,7368,7369,7370,7371,7372,7373,7374,7375,7376,7377,7378,7379,7380,7381,7382,7383,7384,7385,7386,7387,7388,7389,7390,7391,7392,7393,7394,7395,7396,7397,7398,7399,7400,7401,7402,7403,7404,7405,7406,7407,7408,7409,7410,7411,7412,7413,7414,7415,7416,7417,7418,7419,7420,7421,7422,7423,7424,7425,7426,7427,7428,7429,7430,7431,7432,7433,7434,7435,7436,7437,7438,7439,7440,7441,7442,7443,7444,7445,7446,7447,7448,7449,7450,7451,7452,7453,7454,7455,7456,7457,7458,7459,7460,7461,7462,7463,7464,7465,7466,7467,7468,7469,7470,7471,7472,7473,7474,7475,7476,7477,7478,7479,7480,7481,7482,7483,7484,7485,7486,7487,7488,7489,7490,7491,7492,7493,7494,7495,7496,7497,7498,7499,7500,7501,7502,7503,7504,7505,7506,7507,7508,7509,7510,7511,7512,7513,7514,7515,7516,7517,7518,7519,7520,7521,7522,7523,7524,7525,7526,7527,7528,7529,7530,7531,7532,7533,7534,7535,7536,7537,7538,7539,7540,7541,7542,7543,7544,7545,7546,7547,7548,7549,7550,7551,7552,7553,7554,7555,7556,7557,7558,7559,7560,7561,7562,7563,7564,7565,7566,7567,7568,7569,7570,7571,7572,7573,7574,7575,7576,7577,7578,7579,7580,7581,7582,7583,7584,7585,7586,7587,7588,7589,7590,7591,7592,7593,7594,7595,7596,7597,7598,7599,7600,7601,7602,7603,7604,7605,7606,7607,7608,7609,7610,7611,7612,7613,7614,7615,7616,7617,7618,7619,7620,7621,7622,7623,7624,7625,7626,7627,7628,7629,7630,7631,7632,7633,7634,7635,7636,7637,7638,7639,7640,7641,7642,7643,7644,7645,7646,7647,7648,7649,7650,7651,7652,7653,7654,7655,7656,7657,7658,7659,7660,7661,7662,7663,7664,7665,7666,7667,7668,7669,7670,7671,7672,7673,7674,7675,7676,7677,7678,7679,7680,7681,7682,7683,7684,7685,7686,7687,7688,7689,7690,7691,7692,7693,7694,7695,7696,7697,7698,7699,7700,7701,7702,7703,7704,7705,7706,7707,7708,7709,7710,7711,7712,7713,7714,7715,7716,7717,7718,7719,7720,7721,7722,7723,7724,7725,7726,7727,7728,7729,7730,7731,7732,7733,7734,7735,7736,7737,7738,7739,7740,7741,7742,7743,7744,7745,7746,7747,7748,7749,7750,7751,7752,7753,7754,7755,7756,7757,7758,7759,7760,7761,7762,7763,7764,7765,7766,7767,7768,7769,7770,7771,7772,7773,7774,7775,7776,7777,7778,7779,7780,7781,7782,7783,7784,7785,7786,7787,7788,7789,7790,7791,7792,7793,7794,7795,7796,7797,7798,7799,7800,7801,7802,7803,7804,7805,7806,7807,7808,7809,7810,7811,7812,7813,7814,7815,7816,7817,7818,7819,7820,7821,7822,7823,7824,7825,7826,7827,7828,7829,7830,7831,7832,7833,7834,7835,7836,7837,7838,7839,7840,7841,7842,7843,7844,7845,7846,7847,7848,7849,7850,7851,7852,7853,7854,7855,7856,7857,7858,7859,7860,7861,7862,7863,7864,7865,7866,7867,7868,7869,7870,7871,7872,7873,7874,7875,7876,7877,7878,7879,7880,7881,7882,7883,7884,7885,7886,7887,7888,7889,7890,7891,7892,7893,7894,7895,7896,7897,7898,7899,7900,7901,7902,7903,7904,7905,7906,7907,7908,7909,7910,7911,7912,7913,7914,7915,7916,7917,7918,7919,7920,7921,7922,7923,7924,7925,7926,7927,7928,7929,7930,7931,7932,7933,7934,7935,7936,7937,7938,7939,7940,7941,7942,7943,7944,7945,7946,7947,7948,7949,7950,7951,7952,7953,7954,7955,7956,7957,7958,7959,7960,7961,7962,7963,7964,7965,7966,7967,7968,7969,7970,7971,7972,7973,7974,7975,7976,7977,7978,7979,7980,7981,7982,7983,7984,7985,7986,7987,7988,7989,7990,7991,7992,7993,7994,7995,7996,7997,7998,7999,8000,8001,8002,8003,8004,8005,8006,8007,8008,8009,8010,8011,8012,8013,8014,8015,8016,8017,8018,8019,8020,8021,8022,8023,8024,8025,8026,8027,8028,8029,8030,8031,8032,8033,8034,8035,8036,8037,8038,8039,8040,8041,8042,8043,8044,8045,8046,8047,8048,8049,8050,8051,8052,8053,8054,8055,8056,8057,8058,8059,8060,8061,8062,8063,8064,8065,8066,8067,8068,8069,8070,8071,8072,8073,8074,8075,8076,8077,8078,8079,8080,8081,8082,8083,8084,8085,8086,8087,8088,8089,8090,8091,8092,8093,8094,8095,8096,8097,8098,8099,8100,8101,8102,8103,8104,8105,8106,8107,8108,8109,8110,8111,8112,8113,8114,8115,8116,8117,8118,8119,8120,8121,8122,8123,8124,8125,8126,8127,8128,8129,8130,8131,8132,8133,8134,8135,8136,8137,8138,8139,8140,8141,8142,8143,8144,8145,8146,8147,8148,8149,8150,8151,8152,8153,8154,8155,8156,8157,8158,8159,8160,8161,8162,8163,8164,8165,8166,8167,8168,8169,8170,8171,8172,8173,8174,8175,8176,8177,8178,8179,8180,8181,8182,8183,8184,8185,8186,8187,8188,8189,8190,8191,8192,8193,8194,8195,8196,8197,8198,8199,8200,8201,8202,8203,8204,8205,8206,8207,8208,8209,8210,8211,8212,8213,8214,8215,8216,8217,8218,8219,8220,8221,8222,8223,8224,8225,8226,8227,8228,8229,8230,8231,8232,8233,8234,8235,8236,8237,8238,8239,8240,8241,8242,8243,8244,8245,8246,8247,8248,8249,8250,8251,8252,8253,8254,8255,8256,8257,8258,8259,8260,8261,8262,8263,8264,8265,8266,8267,8268,8269,8270,8271,8272,8273,8274,8275,8276,8277,8278,8279,8280,8281,8282,8283,8284,8285,8286,8287,8288,8289,8290,8291,8292,8293,8294,8295,8296,8297,8298,8299,8300,8301,8302,8303,8304,8305,8306,8307,8308,8309,8310,8311,8312,8313,8314,8315,8316,8317,8318,8319,8320,8321,8322,8323,8324,8325,8326,8327,8328,8329,8330,8331,8332,8333,8334,8335,8336,8337,8338,8339,8340,8341,8342,8343,8344,8345,8346,8347,8348,8349,8350,8351,8352,8353,8354,8355,8356,8357,8358,8359,8360,8361,8362,8363,8364,8365,8366,8367,8368,8369,8370,8371,8372,8373,8374,8375,8376,8377,8378,8379,8380,8381,8382,8383,8384,8385,8386,8387,8388,8389,8390,8391,8392,8393,8394,8395,8396,8397,8398,8399,8400,8401,8402,8403,8404,8405,8406,8407,8408,8409,8410,8411,8412,8413,8414,8415,8416,8417,8418,8419,8420,8421,8422,8423,8424,8425,8426,8427,8428,8429,8430,8431,8432,8433,8434,8435,8436,8437,8438,8439,8440,8441,8442,8443,8444,8445,8446,8447,8448,8449,8450,8451,8452,8453,8454,8455,8456,8457,8458,8459,8460,8461,8462,8463,8464,8465,8466,8467,8468,8469,8470,8471,8472,8473,8474,8475,8476,8477,8478,8479,8480,8481,8482,8483,8484,8485,8486,8487,8488,8489,8490,8491,8492,8493,8494,8495,8496,8497,8498,8499,8500,8501,8502,8503,8504,8505,8506,8507,8508,8509,8510,8511,8512,8513,8514,8515,8516,8517,8518,8519,8520,8521,8522,8523,8524,8525,8526,8527,8528,8529,8530,8531,8532,8533,8534,8535,8536,8537,8538,8539,8540,8541,8542,8543,8544,8545,8546,8547,8548,8549,8550,8551,8552,8553,8554,8555,8556,8557,8558,8559,8560,8561,8562,8563,8564,8565,8566,8567,8568,8569,8570,8571,8572,8573,8574,8575,8576,8577,8578,8579,8580,8581,8582,8583,8584,8585,8586,8587,8588,8589,8590,8591,8592,8593,8594,8595,8596,8597,8598,8599,8600,8601,8602,8603,8604,8605,8606,8607,8608,8609,8610,8611,8612,8613,8614,8615,8616,8617,8618,8619,8620,8621,8622,8623,8624,8625,8626,8627,8628,8629,8630,8631,8632,8633,8634,8635,8636,8637,8638,8639,8640,8641,8642,8643,8644,8645,8646,8647,8648,8649,8650,8651,8652,8653,8654,8655,8656,8657,8658,8659,8660,8661,8662,8663,8664,8665,8666,8667,8668,8669,8670,8671,8672,8673,8674,8675,8676,8677,8678,8679,8680,8681,8682,8683,8684,8685,8686,8687,8688,8689,8690,8691,8692,8693,8694,8695,8696,8697,8698,8699,8700,8701,8702,8703,8704,8705,8706,8707,8708,8709,8710,8711,8712,8713,8714,8715,8716,8717,8718,8719,8720,8721,8722,8723,8724,8725,8726,8727,8728,8729,8730,8731,8732,8733,8734,8735,8736,8737,8738,8739,8740,8741,8742,8743,8744,8745,8746,8747,8748,8749,8750,8751,8752,8753,8754,8755,8756,8757,8758,8759,8760,8761,8762,8763,8764,8765,8766,8767,8768,8769,8770,8771,8772,8773,8774,8775,8776,8777,8778,8779,8780,8781,8782,8783,8784,8785,8786,8787,8788,8789,8790,8791,8792,8793,8794,8795,8796,8797,8798,8799,8800,8801,8802,8803,8804,8805,8806,8807,8808,8809,8810,8811,8812,8813,8814,8815,8816,8817,8818,8819,8820,8821,8822,8823,8824,8825,8826,8827,8828,8829,8830,8831,8832,8833,8834,8835,8836,8837,8838,8839,8840,8841,8842,8843,8844,8845,8846,8847,8848,8849,8850,8851,8852,8853,8854,8855,8856,8857,8858,8859,8860,8861,8862,8863,8864,8865,8866,8867,8868,8869,8870,8871,8872,8873,8874,8875,8876,8877,8878,8879,8880,8881,8882,8883,8884,8885,8886,8887,8888,8889,8890,8891,8892,8893,8894,8895,8896,8897,8898,8899,8900,8901,8902,8903,8904,8905,8906,8907,8908,8909,8910,8911,8912,8913,8914,8915,8916,8917,8918,8919,8920,8921,8922,8923,8924,8925,8926,8927,8928,8929,8930,8931,8932,8933,8934,8935,8936,8937,8938,8939,8940,8941,8942,8943,8944,8945,8946,8947,8948,8949,8950,8951,8952,8953,8954,8955,8956,8957,8958,8959,8960,8961,8962,8963,8964,8965,8966,8967,8968,8969,8970,8971,8972,8973,8974,8975,8976,8977,8978,8979,8980,8981,8982,8983,8984,8985,8986,8987,8988,8989,8990,8991,8992,8993,8994,8995,8996,8997,8998,8999,9000,9001,9002,9003,9004,9005,9006,9007,9008,9009,9010,9011,9012,9013,9014,9015,9016,9017,9018,9019,9020,9021,9022,9023,9024,9025,9026,9027,9028,9029,9030,9031,9032,9033,9034,9035,9036,9037,9038,9039,9040,9041,9042,9043,9044,9045,9046,9047,9048,9049,9050,9051,9052,9053,9054,9055,9056,9057,9058,9059,9060,9061,9062,9063,9064,9065,9066,9067,9068,9069,9070,9071,9072,9073,9074,9075,9076,9077,9078,9079,9080,9081,9082,9083,9084,9085,9086,9087,9088,9089,9090,9091,9092,9093,9094,9095,9096,9097,9098,9099,9100,9101,9102,9103,9104,9105,9106,9107,9108,9109,9110,9111,9112,9113,9114,9115,9116,9117,9118,9119,9120,9121,9122,9123,9124,9125,9126,9127,9128,9129,9130,9131,9132,9133,9134,9135,9136,9137,9138,9139,9140,9141,9142,9143,9144,9145,9146,9147,9148,9149,9150,9151,9152,9153,9154,9155,9156,9157,9158,9159,9160,9161,9162,9163,9164,9165,9166,9167,9168,9169,9170,9171,9172,9173,9174,9175,9176,9177,9178,9179,9180,9181,9182,9183,9184,9185,9186,9187,9188,9189,9190,9191,9192,9193,9194,9195,9196,9197,9198,9199,9200,9201,9202,9203,9204,9205,9206,9207,9208,9209,9210,9211,9212,9213,9214,9215,9216,9217,9218,9219,9220,9221,9222,9223,9224,9225,9226,9227,9228,9229,9230,9231,9232,9233,9234,9235,9236,9237,9238,9239,9240,9241,9242,9243,9244,9245,9246,9247,9248,9249,9250,9251,9252,9253,9254,9255,9256,9257,9258,9259,9260,9261,9262,9263,9264,9265,9266,9267,9268,9269,9270,9271,9272,9273,9274,9275,9276,9277,9278,9279,9280,9281,9282,9283,9284,9285,9286,9287,9288,9289,9290,9291,9292,9293,9294,9295,9296,9297,9298,9299,9300,9301,9302,9303,9304,9305,9306,9307,9308,9309,9310,9311,9312,9313,9314,9315,9316,9317,9318,9319,9320,9321,9322,9323,9324,9325,9326,9327,9328,9329,9330,9331,9332,9333,9334,9335,9336,9337,9338,9339,9340,9341,9342,9343,9344,9345,9346,9347,9348,9349,9350,9351,9352,9353,9354,9355,9356,9357,9358,9359,9360,9361,9362,9363,9364,9365,9366,9367,9368,9369,9370,9371,9372,9373,9374,9375,9376,9377,9378,9379,9380,9381,9382,9383,9384,9385,9386,9387,9388,9389,9390,9391,9392,9393,9394,9395,9396,9397,9398,9399,9400,9401,9402,9403,9404,9405,9406,9407,9408,9409,9410,9411,9412,9413,9414,9415,9416,9417,9418,9419,9420,9421,9422,9423,9424,9425,9426,9427,9428,9429,9430,9431,9432,9433,9434,9435,9436,9437,9438,9439,9440,9441,9442,9443,9444,9445,9446,9447,9448,9449,9450,9451,9452,9453,9454,9455,9456,9457,9458,9459,9460,9461,9462,9463,9464,9465,9466,9467,9468,9469,9470,9471,9472,9473,9474,9475,9476,9477,9478,9479,9480,9481,9482,9483,9484,9485,9486,9487,9488,9489,9490,9491,9492,9493,9494,9495,9496,9497,9498,9499,9500,9501,9502,9503,9504,9505,9506,9507,9508,9509,9510,9511,9512,9513,9514,9515,9516,9517,9518,9519,9520,9521,9522,9523,9524,9525,9526,9527,9528,9529,9530,9531,9532,9533,9534,9535,9536,9537,9538,9539,9540,9541,9542,9543,9544,9545,9546,9547,9548,9549,9550,9551,9552,9553,9554,9555,9556,9557,9558,9559,9560,9561,9562,9563,9564,9565,9566,9567,9568,9569,9570,9571,9572,9573,9574,9575,9576,9577,9578,9579,9580,9581,9582,9583,9584,9585,9586,9587,9588,9589,9590,9591,9592,9593,9594,9595,9596,9597,9598,9599,9600,9601,9602,9603,9604,9605,9606,9607,9608,9609,9610,9611,9612,9613,9614,9615,9616,9617,9618,9619,9620,9621,9622,9623,9624,9625,9626,9627,9628,9629,9630,9631,9632,9633,9634,9635,9636,9637,9638,9639,9640,9641,9642,9643,9644,9645,9646,9647,9648,9649,9650,9651,9652,9653,9654,9655,9656,9657,9658,9659,9660,9661,9662,9663,9664,9665,9666,9667,9668,9669,9670,9671,9672,9673,9674,9675,9676,9677,9678,9679,9680,9681,9682,9683,9684,9685,9686,9687,9688,9689,9690,9691,9692,9693,9694,9695,9696,9697,9698,9699,9700,9701,9702,9703,9704,9705,9706,9707,9708,9709,9710,9711,9712,9713,9714,9715,9716,9717,9718,9719,9720,9721,9722,9723,9724,9725,9726,9727,9728,9729,9730,9731,9732,9733,9734,9735,9736,9737,9738,9739,9740,9741,9742,9743,9744,9745,9746,9747,9748,9749,9750,9751,9752,9753,9754,9755,9756,9757,9758,9759,9760,9761,9762,9763,9764,9765,9766,9767,9768,9769,9770,9771,9772,9773,9774,9775,9776,9777,9778,9779,9780,9781,9782,9783,9784,9785,9786,9787,9788,9789,9790,9791,9792,9793,9794,9795,9796,9797,9798,9799,9800,9801,9802,9803,9804,9805,9806,9807,9808,9809,9810,9811,9812,9813,9814,9815,9816,9817,9818,9819,9820,9821,9822,9823,9824,9825,9826,9827,9828,9829,9830,9831,9832,9833,9834,9835,9836,9837,9838,9839,9840,9841,9842,9843,9844,9845,9846,9847,9848,9849,9850,9851,9852,9853,9854,9855,9856,9857,9858,9859,9860,9861,9862,9863,9864,9865,9866,9867,9868,9869,9870,9871,9872,9873,9874,9875,9876,9877,9878,9879,9880,9881,9882,9883,9884,9885,9886,9887,9888,9889,9890,9891,9892,9893,9894,9895,9896,9897,9898,9899,9900,9901,9902,9903,9904,9905,9906,9907,9908,9909,9910,9911,9912,9913,9914,9915,9916,9917,9918,9919,9920,9921,9922,9923,9924,9925,9926,9927,9928,9929,9930,9931,9932,9933,9934,9935,9936,9937,9938,9939,9940,9941,9942,9943,9944,9945,9946,9947,9948,9949,9950,9951,9952,9953,9954,9955,9956,9957,9958,9959,9960,9961,9962,9963,9964,9965,9966,9967,9968,9969,9970,9971,9972,9973,9974,9975,9976,9977,9978,9979,9980,9981,9982,9983,9984,9985,9986,9987,9988,9989,9990,9991,9992,9993,9994,9995,9996,9997,9998,9999
ADHD_ch,-1.015036945140422,-0.9132907532653554,-0.9155872432488343,-0.842436941260294,-0.8363611660042569,-0.8200609733428362,-0.8652745229116594,-0.8816461875378354,-0.8937001734362594,-0.8620324819866129,-0.8243178998420452,-0.9076893741803966,-0.933648756224738,-0.861103942622492,-0.9464142856064675,-0.9532575727472612,-0.838510584310061,-0.862612311528186,-0.9188579868510695,-0.9410100955887775,-0.8659676668328906,-0.8411301920630361,-0.9401595609256974,-0.8461087400565013,-0.918313671900838,-0.8377947242612596,-0.9092304438369847,-0.875728268357257,-0.8815327560561774,-0.8742425292789181,-0.894371287553441,-0.9327915093953204,-0.7868290792796108,-0.7810889834071404,-0.8021845174272563,-0.7978095010715278,-0.9566085928947116,-0.9330058949438638,-0.8646964785403026,-0.8736704184073076,-0.9438749917229505,-0.847761758986568,-0.8498823447983845,-0.8989438247187641,-0.8833459118601275,-0.7693503753167343,-0.8615683373940805,-1.0157263410978374,-0.8181075723888639,-0.8712634503983282,-0.845754101379355,-0.8567963585356791,-0.9497894503520241,-0.8847033401089882,-0.954725091322104,-0.8548099203916623,-0.9103296106356203,-0.9337558567420073,-0.7936623967405789,-0.8491760712596653,-0.8539906322671227,-0.9464142856064675,-0.9031611151948471,-0.8344459239519358,-0.9190756225686764,-0.8385105843100612,-0.8254089895318564,-0.9478923989567593,-0.8392258337301111,-0.9533624704172071,-0.8459905436823747,-0.8616843969807043,-0.9481033698917012,-0.8536392680752216,-0.8477617589865681,-0.9197282207261013,-0.8324061508662703,-0.9374966666607408,-0.9219002115196634,-0.876184911990614,-0.9583840566286567,-0.8644651525654461,-0.8551608035919327,-0.9196194865269004,-0.800312438988674,-0.9121951545584969,-0.8889881888979179,-0.8212794895770867,-0.7613803254615922,-0.907909687138539,-0.9508417323613853,-0.893364427319557,-0.9637945839233587,-0.8570297544426332,-0.8971621926942753,-0.7671375365604267,-0.914166286842826,-0.7620367445208925,-0.9703092290605094,-0.9532575727472612,-0.9483142938920619,-0.9263368717696603,-0.9691749068150702,-0.9363225939813692,-0.932148056909416,-0.8850423718670198,-0.8951536181013848,-0.9236341266973629,-0.8616843969807043,-0.8844772467395644,-0.8456358554366058,-0.9098901032542337,-0.8879752248796136,-0.9518928511129812,-0.8036790404135223,-0.8814193099768124,-0.8957120072880569,-0.9106591019695571,-0.9599479152537391,-0.840178552451799,-0.8791473141629905,-0.7945438943192503,-0.8566796367370945,-0.8704596486914257,-0.8062877898120497,-0.9164605828948674,-0.9567131231461184,-0.77272245987806,-0.879374777896205,-0.9082400563727632,-0.9492628719169416,-0.904267659490264,-0.8525843066817499,-0.7416872656315464,-0.8206704576137732,-0.8136952746575342,-0.8566796367370945,-0.961717214153932,-0.8801704380402695,-0.8599418584997476,-0.9489467845985885,-0.7601973427998813,-0.8638865666278184,-0.8316850365372699,-0.8769834662067467,-0.8973850901368933,-0.9239588735436227,-0.7879720807236765,-0.8997221793420455,-0.9064766957842876,-0.9295697929687691,-0.9013878188659973,-0.8099999999999999,-0.8458723307923011,-0.9578622030334007,-0.7801922839915812,-0.8522323626805075,-0.8963816151617569,-0.8008120878208571,-0.9444045743218316,-0.8086408349817612,-0.8557452892070164,-0.8215229759416349,-0.8807383266328314,-0.8411301920630362,-0.8488227141164403,-0.8957120072880569,-0.9175510884958941,-0.9221171292194935,-0.7990619500389191,-0.8904493247793498,-0.886171540955813,-0.9061456836513652,-0.8785783971849068,-0.8744712688247682,-0.929569792968769,-0.8981647955692763,-0.8793747778962051,-0.8914594774862177,-0.8824397996464123,-0.8406545069170805,-0.8407734534343957,-0.9299999999999999,-0.9478923989567593,-0.8362415918859812,-0.9651424765287246,-0.840535543567314,-0.8791473141629906,-0.8251666498350501,-0.8588946384743591,-0.8833459118601276,-0.8602906485601247,-0.9297849213662265,-0.9069178573608527,-0.9269843580125827,-0.9188579868510695,-0.8637708029332782,-0.8337265738837883,-0.8334866525625951,-0.93,-0.8856071363759441,-0.8594765849050222,-0.8810788840960837,-0.9695875411740809,-0.9687620966986684,-0.9484197383015602,-0.9787236586493656,-0.8687347120957007,-0.9060353193998565,-0.8727542609463446,-0.8083934685535257,-0.8452810183601664,-0.8090117428072351,-0.7534586916347837,-0.892468486838611,-0.9048204241726643,-0.8511756575466665,-0.8667756341753038,-0.880851860416949,-0.8790335602239542,-0.9274157643689264,-0.8656211642514294,-0.8862843787408194,-0.904267659490264,-0.9113177272499422,-0.9849365461794989,-0.8116033513977133,-0.7989367934949547,-0.9176600677810929,-0.9403722667114339,-0.8948184173339305,-0.859709253178073,-0.9338629449764029,-0.8782368700982668,-0.9166787877986488,-0.832526275861609,-0.8894380248224155,-0.9403722667114338,-0.8373171442171717,-0.8785783971849069,-0.8307225770376053,-0.8807383266328314,-0.8867355862939077,-0.8496469855181034,-0.8569130644353604,-0.8841379982785492,-0.8255301327026168,-0.8301204731844649,-0.8685044617041411,-0.8004373804364712,-0.9223339959038699,-0.8959352655186646,-0.9064766957842877,-0.8899999999999999,-0.9162423260251624,-0.9140568910084317,-0.980866963456309,-0.889775252521669,-0.9055937278934743,-0.7963039620647383,-0.9394147114027968,-0.8272242743053422,-0.8564461454172119,-0.9374966666607408,-0.8879752248796134,-0.7808328886515988,-0.837078252017098,-0.7268424863751431,-0.9380298502713014,-0.7696102909914861,-0.8695401083331349,-0.8130805618141415,-0.9486305919587456,-0.8095060222135473,-0.9315041599477696,-0.9352539762011173,-0.930859817588019,-0.8753856293085922,-0.8611039426224921,-0.8847033401089882,-0.7875912645528771,-0.8570297544426331,-0.9371766108903914,-0.9467312184564318,-0.9207062506576134,-0.8981647955692764,-0.8998333178983762,-0.7990619500389191,-0.9232009532057471,-0.9447221813845592,-0.8340863264674706,-0.7856844150166147,-0.951892851112981,-0.8577295611088614,-0.9508417323613851,-0.8332466621595312,-0.9085703054799887,-0.8280700453464067,-0.9610931276416453,-1.0048382954485762,-0.902164064901723,-0.8644651525654461,-0.9279547402756235,-0.8047981113297918,-0.7947955712005446,-0.8606392972668632,-0.858195781858662,-0.8868483523128405,-0.8737848705488096,-0.8532877591996735,-0.8350449089719666,-0.8877499647986477,-0.9311820445004295,-0.8590110593001699,-0.8111103500757465,-0.9721625378505386,-0.8734414691323054,-0.9717509969122748,-0.8710338684574785,-0.9003888049059695,-0.9782126558167197,-0.876184911990614,-0.8689649014776144,-0.8768694315575153,-0.9097801932335084,-0.9178779875342911,-0.9978476837674175,-0.8973850901368933,-0.9291393867445292,-0.8856071363759441,-0.8248030067840443,-0.8816461875378354,-0.8937001734362594,-0.8605230967266364,-0.88175960442742,-0.976985158536198,-0.9084602357836034,-0.7462573282722254,-0.9666954018717582,-0.9630680142129112,-0.9726767191621274,-0.9741149829460586,-0.8716077099245968,-0.8716077099245968,-0.8558621384311845,-0.9479978902930111,-0.8411301920630361,-0.8386298349093002,-0.9810708435174291,-0.9868637190615532,-0.8668909966079934,-0.9525229656024048,-0.9595311355031686,-0.9376033276391462,-0.8672369918309528,-0.8257723657279892,-0.8563293758829018,-0.9311820445004296,-0.9135097153287424,-0.9128526715741154,-0.9322553298319083,-0.9062560344626678,-0.969484399049309,-0.8999444427296609,-0.9167878707749137,-0.9482088377567466,-0.8082697569499926,-0.8049223565040294,-0.8085171612278864,-0.8061637550770936,-0.9576533819707421,-0.8008120878208571,-0.8650433515148243,-0.9203803561571705,-0.8476437931112337,-0.8681589716175258,-0.9220086767487604,-0.9279547402756235,-0.8768694315575153,-0.9208148565265442,-0.903935838431025,-0.9496841580230767,-0.9162423260251623,-0.9671090941563936,-0.9151502608861563,-0.8342062095189654,-0.8897752525216692,-0.8668909966079934,-0.9330058949438638,-0.8825531145489206,-0.9173330910852393,-0.9162423260251624,-0.9360021367496979,-0.859360227145753,-0.8863972021616494,-0.7813449942247023,-0.9498947310097051,-0.8176184929415431,-0.950420959364849,-0.917660067781093,-0.8877499647986475,-0.9623408959407265,-0.887299273075325,-0.7960527620704547,-0.7616429609731846,-0.9243916918709298,-0.8769834662067467,-0.7753063910480811,-0.9089004345911603,-0.7701298591796061,-0.9266606714434362,-0.8095060222135472,-0.8512931340026184,-0.8614522621712708,-0.8943712875534412,-1.0157263410978372,-0.8179853299418028,-0.9501052573267869,-0.8061637550770935,-0.8491760712596652,-0.882779700718135,-0.8505880318932308,-0.8653900854527974,-0.8203048213926333,-0.8854942122905152,-0.9038252043398657,-0.8998333178983761,-0.8475258108164022,-0.9395211546314431,-0.8811923740024082,-0.9233092656309694,-0.9017205775626949,-0.8911228871485684,-0.763740793725201,-0.900166651237425,-0.9238506372785592,-0.9093404203047393,-0.9429209935090003,-0.8750428560933459,-0.8811923740024082,-0.9870663604844407,-0.8814193099768124,-0.8862843787408192,-0.813203541556479,-0.861103942622492,-0.8531705573916625,-0.9339700209321498,-0.9444045743218317,-0.8719518335321051,-0.8599418584997477,-0.8111103500757466,-0.8984987479123162,-0.8348053665376141,-0.815781833580523,-0.951577637400123,-0.8484692098125896,-0.9390953093270139,-0.8748142660016468,-0.8360023923410745,-0.898943824718764,-0.9017205775626949,-0.8974965180990954,-0.9141662868428261,-0.8714929718592113,-0.8886506625215558,-0.8338465086573189,-0.8790335602239542,-0.9484197383015603,-0.9666954018717582,-0.8788060081724521,-0.8815327560561775,-0.8823264701911645,-0.8650433515148244,-0.9478923989567594,-0.7849203781276163,-0.8187185108448446,-0.8426743143112884,-0.9069178573608527,-0.9964436762808021,-0.8948184173339304,-0.9527329111561121,-0.9922197337283712,-0.8187185108448447,-0.9364293886887576,-0.8566796367370945,-0.8488227141164403,-0.9315041599477697,-0.8363611660042568,-0.8627282306729043,-0.8279492738084864,-0.93,-1.0079186475108,-0.8184741901856161,-0.9061456836513652,-0.7800640999302557,-0.9447221813845592,-0.9001666512374251,-0.9292470069900682,-0.9766780431646859,-0.8275868534480233,-0.8768694315575153,-0.9236341266973628,-0.8368392916205596,-0.8675828490697588,-0.951367436903324,-0.838868285251028,-0.9555626614722867,-0.7603288762108145,-0.9045993588324059,-0.9282779756085996,-0.8495292814258965,-0.9325770745627409,-0.828914953418021,-0.8527015890685322,-0.848351342310484,-0.914713069765596,-0.8913472948295743,-0.9535722311393091,-0.9656603957913983,-0.9337558567420072,-0.8831194709664146,-0.917769034125689,-0.7755643106796495,-0.8671216754296942,-0.9236341266973628,-0.8665448632355973,-0.9404786015641184,-0.8776673629570603,-0.9431330765061736,-0.9456743625582752,-0.8908984229416954,-0.8659676668328905,-0.960780932366999,-0.852936105461599,-0.817129120763665,-0.8949301648732152,-0.885945822271317,-0.9452512893405647,-0.8766413177577247,-0.8245604889879214,-0.9131812525451889,-0.9768827974736786,-1.014051280754578,-0.9048204241726643,-0.9334345183246654,-1.0028459502834919,-0.8719518335321051,-0.8611039426224921,-0.9284934033152847,-0.8438601779915913,-0.9282779756085997,-0.8929165694509202,-0.9233092656309694,-0.854692927313664,-0.8764131445842195,-0.8831194709664146,-0.8539906322671226,-0.8360023923410747,-0.8481155581640983,-0.881986394452885,-0.9190756225686764,-0.8970507232035434,-0.8641180474911978,-0.8604068804931769,-0.9020532135079394,-0.981172767661231,-0.9430270409696638,-0.899277487764483,-0.8810788840960837,-0.9186402995732333,-0.957862203033401,-0.9171150418567999,-0.8588946384743592,-0.8775534171775529,-0.9092304438369847,-0.9249324299644813,-0.8724104538575864,-0.9682458365518543,-0.8593602271457529,-0.7670071707617864,-0.937923237797209,-0.9546203433826455,-0.8790335602239542,-0.9091204540653566,-0.9457801012920498,-0.9510520490488416,-0.8750428560933459,-0.8686195945291587,-0.8832326986700617,-0.9423905772024677,-0.8877499647986475,-0.8227393268830656,-0.9019423484901904,-0.8266196223173027,-0.9210320298447824,-0.7983107164506813,-0.8196950652529268,-0.8507055894961546,-0.896381615161757,-0.9645206063117574,-0.8786922100485471,-0.9146037393319579,-0.8280700453464066,-0.9295697929687691,-0.9097801932335086,-0.8630758946929291,-0.9112079894294167,-0.8150460109711599,-0.8304817878797824,-0.8953770155638349,-0.9563994981178107,-0.8557452892070163,-0.8254089895318564,-0.8788060081724521,-0.9128526715741154,-0.8470537173048709,-0.9471536306217698,-0.8482334584299303,-0.8778952101475438,-0.920814856526544,-0.8274660113865705,-0.8666602563865498,-0.8538735269347563,-0.8330066026148892,-0.9151502608861564,-0.8337265738837883,-0.931611507013519,-0.9665919511355349,-0.9054832963671942,-0.8400595217006949,-0.8565628990331066,-0.9109884741312593,-0.9141662868428261,-0.8729833904490968,-0.9372833082905083,-0.8661985915481507,-0.8612200647918046,-0.9162423260251623,-0.9109884741312593,-0.9268764750493994,-0.8680437776978763,-0.9406912352095134,-0.8952653238007156,-0.8966047066572872,-0.8649277426467485,-0.9095603333479315,-0.8165169930871005,-0.8781229982183589,-0.8728688332160796,-0.9225508116087698,-0.9108786966440702,-0.7968061244744545,-0.862496376803984,-0.7764663547121666,-0.9544108130150244,-0.9440868604106298,-0.9199456505685539,-0.8566796367370944,-0.8914594774862176,-0.8522323626805074,-0.8803976374343585,-0.8817596044274199,-0.8238325072488948,-0.8392258337301111,-0.8907861696277058,-0.8518802732778827,-0.8309632964216891,-0.7998124780221925,-0.8906739021662193,-0.8579627031520659,-0.8833459118601275,-0.772593036468748,-0.8762990357178309,-0.9195107394696378,-0.8576129663198896,-0.9209234495874237,-0.8667756341753038,-0.9840223574695852,-0.9411163583744573,-0.9716480844420988,-0.9018314698434514,-0.8620324819866129,-0.849764673306675,-0.8487048957087499,-0.9660745312862771,-0.9349331526906082,-0.8745856161634492,-0.8762990357178307,-0.8609878047916824,-0.9468368391650168,-0.937709976485267,-0.8749285685128816,-0.917660067781093,-0.9226592003551474,-0.9382430388763884,-0.976165969494942,-0.9420721840708386,-0.8345657553482531,-0.9115371632577577,-0.8363611660042568,-0.9167878707749137,-0.7986864215698174,-0.893364427319557,-0.9293546147730692,-0.9706183596038146,-0.8342062095189654,-0.8435045939412541,-0.904267659490264,-0.8784645695758025,-0.7887331614684399,-0.8461087400565013,-0.9059249417032296,-0.972265395866787,-0.9034932207825359,-0.9075791976461338,-0.922984290223837,-0.8383913167489271,-0.9521029356114811,-0.9345052166788584,-0.8718371407550839,-0.9647279409242794,-0.9570266453970862,-0.8399404740813483,-0.8293973715897585,-0.8109870529176159,-0.9212491519670452,-0.9017205775626949,-0.9701030873056739,-0.8700000000000001,-0.7379024325749306,-0.8960468737739113,-0.8320456718233682,-0.918531436587774,-0.8776673629570603,-0.9184225606985055,-0.859709253178073,-0.931074647920348,-0.9191844211038394,-0.7922752047110903,-0.948314293892062,-0.857962703152066,-0.9106591019695571,-0.904267659490264,-0.9381364506296512,-0.9287087810503355,-0.854107721543366,-0.8789197915623472,-0.8491760712596652,-0.7831347265956222,-0.8743569065318808,-0.8775534171775528,-0.9156964562561111,-0.9891915891272024,-0.8631917515824629,-0.8382720322186588,-0.8064118054691413,-0.8045495634204272,-0.9227675763701279,-0.9083501527494781,-0.96317184344228,-0.7786526825228306,-0.8358827668997609,-0.9045993588324059,-0.8717224328879004,-0.9289241088485108,-0.917442096265481,-0.8847033401089882,-0.8623804264940154,-0.9033825324855469,-0.8468175718535841,-0.9414350747661786,-0.9158056562393573,-0.9523129737644027,-0.9477868958790262,-0.9073588044428732,-0.953362470417207,-0.8570297544426332,-0.788606365685695,-0.9268764750493994,-0.8649277426467484,-0.9090104509850258,-0.8569130644353603,-0.9487360012142472,-0.838868285251028,-0.9137286249209883,-0.8432674546073743,-0.9392017887546851,-0.8966047066572872,-0.8524670081592601,-0.9043782394551519,-0.9301075206662938,-0.8045495634204272,-0.7905061669588669,-0.8479976415061542,-0.8498823447983844,-0.9780081799248921,-0.8950418984606252,-0.9004998611882181,-0.8948184173339303,-0.8355237878121723,-0.9120855223058856,-1.0018482919085105,-0.8785783971849069,-0.8595929269136643,-0.9353608929178083,-0.9287087810503355,-0.903935838431025,-0.8665448632355973,-0.7981854421122951,-0.8834591105421915,-0.8858329413608413,-0.883685464404615,-0.8413679337840254,-0.9578622030334009,-0.9109884741312593,-0.8177407902263407,-0.9384561790515314,-0.9549345527312331,-0.8487048957087499,-0.9140568910084318,-0.8983874442577657,-0.8098765338000603,-0.9486305919587456,-0.9487360012142472,-0.8459905436823747,-0.8214012417813843,-0.8232253640407347,-0.8041765975207188,-0.9282779756085998,-0.8355237878121724,-0.9898989847454133,-0.8769834662067467,-0.8851553535961921,-0.8708042259888269,-0.8844772467395642,-0.9963433143249368,-0.8687347120957007,-0.9201630290334426,-0.9672124895802371,-0.9340770846134703,-0.8641180474911978,-0.8874119674649424,-0.816884324736373,-0.9910095862301231,-0.9687620966986684,-0.7463913182774837,-0.8055432949258531,-0.9163514609580758,-0.961405221537724,-0.9460972465872628,-0.9202716990106781,-0.9601562372864118,-0.843741666625514,-0.8501176389182852,-0.8375559682791353,-0.9112079894294168,-0.8148005891014071,-0.9475758544834287,-0.9729850975220535,-0.8980534505250788,-0.9844287683728061,-0.8843641783790205,-0.858545281275251,-0.8712634503983281,-0.8828929719960398,-0.7624303246854758,-0.950946896519464,-0.9398404119849285,-0.9278469701410896,-0.982700361249552,-0.8874119674649426,-0.9234175653516669,-0.8427929757656978,-0.835404093837228,-0.8517628778010932,-0.84303024856763,-0.8578461400507669,-0.9560857702110205,-0.9594269122762817,-0.8615683373940805,-0.9280624978954811,-0.9095603333479314,-0.8379140767405691,-0.8735559512704381,-0.8423182296495785,-0.8092589202474076,-0.8619164692706596,-0.8939239341241514,-0.8964931678490361,-0.8472897969408106,-0.8504704580407247,-0.9071383576941282,-0.9823950325607312,-0.9702061636580135,-0.9240670971309388,-0.8412490713219243,-0.9532575727472612,-0.8889881888979179,-0.9807650075323855,-0.931611507013519,-0.9976472322419383,-1.0030453628824572,-0.8553946457629952,-0.7841555968046139,-0.9031611151948472,-0.9844287683728061,-0.8149233092751734,-0.9898989847454133,-0.9660745312862772,-0.8574963556773871,-0.8364807230295268,-0.7906326580656784,-0.7868290792796108,-0.9278469701410896,-0.939946807005588,-0.8737848705488097,-0.9589056262218926,-0.9643132271207318,-0.8521150157109074,-0.9235258523723091,-0.8593602271457529,-0.9136191766814005,-0.8656211642514294,-0.8522323626805074,-0.8785783971849069,-0.90515192095029,-0.8847033401089882,-0.9239588735436226,-0.8525843066817498,-0.7808328886515987,-0.9007219326740079,-0.9379232377972092,-0.9302150289046076,-0.9127431182978045,-0.9319334740205442,-0.9513674369033239,-0.9032718306246464,-0.9236341266973627,-0.9176600677810929,-0.8900000000000001,-0.8165169930871004,-0.9306449376641985,-0.7809609465267774,-0.8369587803470371,-0.9154780172128657,-0.9333273809334001,-0.9644169222903547,-0.9706183596038146,-0.9446163242290492,-0.8830062287436029,-0.8531705573916626,-0.9172240729505523,-0.9598437372822726,-0.8916838004584361,-0.8525843066817499,-0.8752713864853575,-0.8952653238007156,-0.7931582439841371,-0.9232009532057471,-0.8931405264570631,-0.8980534505250788,-0.8469356528095862,-0.8784645695758025,-0.9307523838271917,-0.9754486147409304,-0.8766413177577247,-0.9249324299644812,-0.914713069765596,-0.8916838004584361,-0.8130805618141413,-0.8214012417813842,-0.9125239722878518,-0.9101098834756164,-0.9671090941563936,-0.9477868958790262,-0.8414867794564571,-0.9549345527312331,-0.7527947927556353,-0.90515192095029,-0.9832090316916338,-0.853053339481184,-0.8319254774317228,-0.7870832230456954,-0.905483296367194,-0.8694250974063263,-0.8836854644046148,-0.8743569065318807,-0.8749285685128816,-0.931289428695505,-0.8719518335321051,-0.8857200460642178,-0.9467312184564318,-0.9217917335276987,-0.8899999999999999,-0.8492938243034621,-0.8465813605318747,-0.7579577824654881,-0.8215229759416348,-0.9259049627256569,-0.9116468614545875,-0.8014362108115656,-0.8489405161729531,-0.9233092656309694,-0.8833459118601275,-0.8524670081592601,-0.9430270409696637,-0.87960218280766,-0.8867355862939076,-0.8613361713059542,-0.8146778504415104,-0.896493167849036,-0.966902270139025,-0.8303613671167511,-0.9071383576941282,-0.7983107164506812,-0.8698850498772811,-0.9161331780914824,-0.9814784765851975,-0.8819863944528851,-0.8935882720806043,-0.8567963585356791,-0.8959352655186645,-0.9121951545584969,-0.9175510884958941,-0.9338629449764029,-0.9007219326740079,-0.9582797086446109,-0.8471717653463199,-0.9034932207825357,-0.988382517044894,-0.9604686356149273,-0.919945650568554,-1.0092076099594176,-0.8204267182387468,-0.9342911751697112,-0.9867623827447011,-0.9063663718386732,-0.9055937278934744,-0.8874119674649423,-0.8348053665376141,-0.9142756695876797,-0.9256889326334199,-0.9274157643689265,-0.8555115428794635,-0.8738993077008357,-0.9457801012920498,-0.9430270409696638,-0.932148056909416,-0.8978307190111063,-0.9650388593212192,-0.813203541556479,-0.8143095234614416,-0.9363225939813693,-0.9376033276391461,-0.8449260322655469,-0.7776245880886227,-0.852936105461599,-0.8987213138676527,-0.8351646544245034,-0.9207062506576134,-0.9542012366372201,-0.8774394566008529,-0.9505261700763425,-0.8960468737739116,-0.938562730988185,-0.8850423718670197,-0.8664294547163086,-0.9352539762011173,-0.8038034585643433,-0.8490583018850943,-0.8043009387039157,-0.8675828490697589,-0.8240752392834043,-0.8836854644046149,-0.8088881257627658,-0.9092304438369846,-0.7887331614684399,-0.849764673306675,-0.8807383266328312,-0.922225568936364,-0.8534049449118514,-0.9708243919473799,-0.9307523838271917,-0.8429116205154606,-0.8054191455385203,-0.9127431182978045,-0.945568612000208,-0.9785192895390463,-0.8717224328879004,-0.9507365565707464,-0.8192069335644078,-0.8268615361715648,-0.9127431182978045,-0.8234682750416072,-0.8482334584299301,-0.8550438585242282,-0.9753460924205315,-0.9946356116689167,-0.87960218280766,-0.9414350747661784,-0.8797158632194829,-0.9978476837674175,-0.9082400563727632,-0.8857200460642177,-0.799937497558403,-0.8261355820929153,-0.8702298546935746,-1.0002499687578101,-0.819939022122987,-0.8292767933567176,-0.7912648102879338,-0.8949301648732152,-0.8064118054691412,-0.8915716460273957,-0.8152913589631622,-0.9546203433826455,-0.9429209935090003,-0.8292767933567176,-0.8783507272155013,-0.7932843122109501,-0.9203803561571705,-0.7887331614684397,-0.8167618992093106,-0.8200609733428363,-0.8414867794564571,-0.9445104552094699,-0.8366002629691196,-0.8574963556773871,-0.8543418519538886,-0.8585452812752511,-0.8806247782114697,-0.9040464589831654,-0.9238506372785592,-0.9400531899844816,-0.9471536306217699,-0.9369631796394136,-0.8848163651289459,-0.8947066558375433,-0.8536392680752215,-0.8511756575466666,-0.8349251463454673,-0.9464142856064673,-0.9356815697661252,-0.8770974860299168,-0.904599358832406,-0.8963816151617569,-0.881986394452885,-0.8947066558375433,-0.9403722667114338,-0.8325262758616091,-0.8990550594930212,-0.8112336284942828,-0.9356815697661252,-0.8971621926942753,-0.9370699013414101,-0.9476813810558905,-0.9061456836513652,-0.916351460958076,-0.8875246475450697,-0.9568176419778223,-0.8766413177577248,-0.8199390221229869,-0.8364807230295269,-0.9062560344626678,-0.9121951545584969,-0.9368564457802486,-0.8525843066817498,-0.8419619943916709,-0.8352843827104636,-0.9475758544834287,-0.9260129588726067,-0.8438601779915913,-0.7908855795878441,-0.7794228634059948,-0.9143850392476902,-0.8701149349367588,-0.8928045698807775,-0.8411301920630361,-0.9784170889758621,-0.9404786015641184,-0.9491575211733825,-0.8879752248796134,-0.7410128204019144,-0.9320407716403827,-0.9474703161577148,-0.8828929719960399,-0.9310746479203481,-0.8992774877644831,-0.891683800458436,-0.8799431799837987,-0.8768694315575154,-0.7711679453919231,-0.7969316156358713,-0.8310836299675263,-0.9040464589831654,-0.9297849213662265,-0.8813058492941029,-0.8811923740024082,-0.9348261870529729,-0.8374365647617735,-0.9219002115196633,-0.8941476388158726,-0.8850423718670197,-0.8314445261110329,-0.9532575727472612,-0.8889881888979179,-0.9356815697661252,-0.8438601779915912,-0.9051519209502901,-0.852936105461599,-0.9343982020530648,-0.9542012366372201,-0.8980534505250788,-0.8527015890685323,-0.8643494663618415,-0.8055432949258532,-0.8801704380402696,-0.8061637550770935,-0.8444524853418338,-0.846817571853584,-0.9423905772024677,-0.8650433515148244,-0.8990550594930212,-0.9289241088485108,-0.802932126645833,-0.938669270829721,-0.8332466621595314,-0.9488413987595609,-0.8583122974768567,-0.8364807230295268,-0.8640023148117139,-0.9084602357836034,-0.817129120763665,-0.9353608929178086,-0.8978307190111062,-0.8786922100485471,-0.8008120878208571,-0.753060422542574,-0.9292470069900683,-0.8354040938372281,-0.8223746105030239,-0.8539906322671227,-0.9096702699330126,-0.8469356528095864,-0.8509406559801923,-0.8541077215433659,-0.8880878334939625,-0.9634832639957996,-0.9514725429564428,-0.8914594774862176,-0.9260129588726068,-0.9597395480024776,-0.9764732459212593,-0.891010662113535,-0.8597092531780731,-0.8564461454172119,-0.8595929269136643,-0.8682741502543997,-0.9121951545584969,-0.9472592042308167,-0.9166787877986488,-0.9572356031824141,-0.8839117603018981,-0.855043858524228,-0.8701149349367588,-0.9224424101265075,-0.9143850392476902,-0.8227393268830657,-0.8401785524517987,-0.8939239341241513,-0.9514725429564429,-0.9492628719169417,-0.8232253640407347,-0.8899999999999999,-0.9454628496138809,-0.8244392033376384,-0.8854942122905152,-0.8698850498772813,-0.9073588044428732,-0.95420123663722,-0.9295697929687691,-0.9184225606985055,-0.8560957890329797,-0.8729833904490967,-0.9045993588324059,-0.9096702699330127,-0.8949301648732152,-0.9407975340103736,-0.9221171292194935,-0.8411301920630361,-0.8609878047916822,-0.816026960338934,-0.9110982383914481,-0.866083136886985,-0.8051707893360266,-0.8516454661418682,-0.8524670081592601,-0.9503157370053386,-0.7965550828411053,-0.9322553298319083,-0.8357631243360766,-0.9373899935459094,-0.8698850498772813,-0.9407975340103736,-0.9108786966440702,-0.9250405396521819,-0.9213576938409967,-0.8897752525216691,-0.9925220400575496,-0.7922752047110904,-0.8524670081592601,-0.8228608630868284,-0.9032718306246464,-0.85492689745966,-0.9261209424259879,-0.7974333827975851,-0.9429209935090003,-0.961405221537724,-0.966902270139025,-0.816026960338934,-0.9080198235721508,-0.8469356528095862,-0.9682458365518543,-0.8705745229444749,-0.8651589449343976,-0.8806247782114697,-0.9072485877641254,-0.9191844211038392,-0.9844287683728061,-0.8848163651289458,-0.911756546453054,-0.857846140050767,-0.8719518335321053,-0.8676981041814026,-0.84717176534632,-0.8816461875378354,-0.9389888178247917,-0.9615092303249096,-0.8551608035919327,-0.890786169627706,-0.8564461454172119,-0.733143914930759,-0.9446163242290492,-0.8661985915481507,-0.882779700718135,-0.8606392972668631,-0.8870738413458036,-0.882779700718135,-0.9159148432032316,-0.8212794895770866,-0.8395832299420946,-0.8283115355951528,-0.7942921376924238,-0.9252567211320326,-0.938669270829721,-0.8769834662067467,-0.93,-0.8754998572244315,-0.895600357302296,-0.778395786216755,-0.852936105461599,-0.8643494663618414,-0.8837986195961158,-0.9153687781435415,-0.8633075929238663,-0.8495292814258965,-0.9593226777263217,-0.9550392662084632,-0.8261355820929153,-0.8896628574915332,-0.9822932352408826,-0.9460972465872629,-0.9159148432032314,-0.9444045743218316,-0.8528188553262644,-0.8756140702387097,-0.9037145567047153,-0.9090104509850258,-0.9751410154434075,-0.8183520025025907,-0.8026830009412184,-0.8756140702387097,-0.8826664149042944,-0.9777013859047148,-0.8746999485537884,-0.8237111144084436,-0.790253124005214,-0.9469424480928078,-0.8417244204607587,-0.9307523838271918,-0.8943712875534411,-0.8631917515824626,-0.8908984229416954,-0.8304817878797824,-0.8648121183239744,-0.831324244804637,-0.8601744009211155,-0.816394512475433,-0.8738993077008358,-0.9151502608861564,-0.8880878334939626,-0.8528188553262643,-0.9407975340103735,-0.9693812459502196,-0.8185963596303126,-0.8833459118601275,-0.8702298546935746,-0.8765272385955841,-0.9085703054799887,-0.9320407716403828,-0.8106170489201422,-0.8514105942493315,-0.7945438943192503,-0.980866963456309,-0.7794228634059949,-0.9341841360245849,-0.8937001734362593,-0.8437416666255141,-0.9277391874875179,-0.8979420916740678,-0.7547847375245476,-0.9465199416811036,-0.8976079322287656,-0.9923205127376941,-0.8842510955605314,-0.8330066026148892,-0.9211405973031479,-0.8075270893288968,-0.804798111329792,-0.9333273809334001,-0.8484692098125896,-0.9643132271207318,-0.9240670971309389,-0.8150460109711599,-0.7549172140042908,-0.9372833082905084,-0.8432674546073743,-0.772463591375024,-0.8798295289429652,-0.9317188417113824,-0.8338465086573189,-0.8687347120957007,-0.8989438247187641,-0.8439786727163193,-0.8944830909525344,-0.8712634503983281,-0.8693100712634131,-0.9403722667114338,-0.9483142938920619,-0.8889881888979179,-0.9463086177352503,-0.8749285685128816,-0.9472592042308167,-0.9108786966440702,-0.8983874442577657,-0.9238506372785593,-0.9371766108903914,-0.9588013350011566,-0.9389888178247918,-0.8583122974768567,-0.8019351594736323,-0.8393449827097318,-0.9064766957842877,-0.9328987083279728,-0.874128137060008,-0.8966047066572872,-0.861103942622492,-0.8398214095865859,-0.8613361713059542,-0.8973850901368933,-0.8683893136145792,-0.8870738413458036,-0.8518802732778827,-0.8576129663198896,-0.7922752047110903,-0.8085171612278863,-0.904599358832406,-0.9268764750493996,-0.9223339959038699,-0.8264986388373546,-0.9234175653516669,-0.9731906288081489,-0.771816040258299,-0.9028288874421332,-0.8605230967266365,-0.880056816347672,-0.814800589101407,-0.8019351594736323,-0.8775534171775528,-0.8727542609463445,-0.9176600677810929,-0.8092589202474076,-0.8824397996464123,-0.8034301463101818,-0.8850423718670197,-0.864002314811714,-0.9476813810558906,-0.9673158739522474,-0.9317188417113824,-0.8167618992093106,-0.8495292814258965,-0.8130805618141416,-0.8658521813797088,-0.8868483523128404,-0.8261355820929153,-0.9688653157173087,-0.9417536832951597,-0.9750384607798812,-0.8956003573022959,-0.803056660516554,-0.7877182237323191,-0.815781833580523,-0.9923205127376941,-0.9604686356149273,-0.904930936591296,-0.8159044061653302,-0.9296773633901173,-0.9731906288081487,-0.8611039426224921,-0.8775534171775529,-0.9343982020530647,-0.8931405264570632,-0.9538867857350788,-0.950105257326787,-0.8304817878797826,-0.9053728513711906,-0.8760707733967615,-0.92233399590387,-0.8810788840960836,-0.9646242791885347,-0.8784645695758025,-0.9065870063044142,-0.9039358384310249,-0.904930936591296,-0.959218431849597,-0.9155872432488343,-0.8879752248796134,-0.8558621384311844,-0.8761849119906139,-0.938669270829721,-0.8994998610338971,-0.819939022122987,-0.9465199416811038,-0.8584287972802405,-0.8143095234614415,-0.9930256794262674,-0.954829827770373,-0.8863972021616494,-0.9440868604106298,-0.9160240171523888,-0.8243178998420452,-0.9228759396581969,-0.8956003573022959,-0.8964931678490361,-0.8307225770376053,-0.8272242743053422,-0.9115371632577577,-0.9230926280715278,-0.8607554821202129,-0.8309632964216892,-0.8741281370600079,-0.8546929273136639,-0.8950418984606252,-0.8264986388373546,-0.9168969407736074,-0.8971621926942753,-0.9267685795278129,-0.908350152749478,-0.8785783971849069,-0.8727542609463446,-0.9559811713627001,-0.8129575634681063,-0.8430302485676301,-0.8563293758829016,-0.9759610647971568,-0.9197282207261013,-0.8815327560561774,-0.8255301327026168,-0.8591274643497321,-0.8521150157109074,-0.9211405973031479,-0.8535221145348257,-0.7884795495128584,-0.9417536832951597,-0.89,-0.9511571899533746,-0.755182097245426,-0.7993122043357026,-0.8218880702382778,-0.919945650568554,-0.8667756341753038,-0.9154780172128657,-0.8926925562588723,-0.8803976374343584,-0.9094503834734471,-0.8500000000000001,-0.9437690395430441,-0.9019423484901904,-0.8681589716175259,-0.8345657553482531,-0.8935882720806042,-0.9158056562393574,-0.8786922100485471,-0.8702298546935747,-0.8502352615599991,-0.9179869280115049,-0.8108637370113427,-0.8983874442577657,-0.9256889326334198,-0.7935363885796292,-0.8455175929571188,-0.7792945527847607,-0.9120855223058855,-0.9161331780914825,-0.9778036612735709,-0.8492938243034621,-0.8824397996464122,-0.9117565464530539,-0.9286010984270909,-0.8222530024268687,-0.917442096265481,-0.8505880318932308,-0.8420807562223471,-0.8237111144084436,-0.9568176419778222,-0.8570297544426331,-0.8737848705488097,-0.8495292814258966,-0.9148223871331528,-0.8751571287488894,-0.8268615361715649,-0.8466994744299774,-0.8146778504415105,-0.9311820445004296,-0.8758424515859002,-0.9463086177352502,-0.899499861033897,-0.8523496934944014,-0.9698969017374991,-0.9440868604106297,-0.8619164692706596,-0.9845303448853164,-0.9393082561119113,-0.8514105942493316,-0.8542247947700885,-0.8658521813797088,-0.9280624978954812,-0.7782673062643709,-0.8831194709664145,-0.706328535456412,-0.8854942122905152,-0.8908984229416953,-0.861103942622492,-0.8894380248224155,-0.8966047066572872,-0.8515280382935139,-0.8762990357178309,-0.9643132271207318,-0.8726396736339691,-0.9141662868428261,-0.9244998647917695,-0.875956619930462,-0.7426304599193329,-0.8193289937503737,-0.9304300081145277,-0.9874715185766119,-0.8255301327026168,-0.7655716818169284,-0.8811923740024081,-0.9324698386543128,-0.7877182237323191,-0.8694250974063263,-0.8178630692236935,-0.9460972465872629,-0.8633075929238663,-0.8417244204607587,-0.9661780374237453,-0.87,-0.8689649014776143,-0.928170243005021,-0.7905061669588669,-0.8848163651289459,-0.8801704380402696,-0.9249324299644813,-0.9274157643689265,-0.8382720322186588,-0.9491575211733826,-0.9210320298447824,-0.9095603333479313,-0.9505261700763427,-0.9767804256842988,-0.9718538984847466,-0.9822932352408825,-0.9243916918709298,-0.8650433515148245,-0.8167618992093105,-0.942814934120159,-0.9692780818733084,-0.9139474820797966,-0.9091204540653565,-0.8605230967266364,-0.7942921376924236,-0.7823681997627461,-0.8990550594930213,-0.8188406438373709,-0.8325262758616091,-0.8776673629570603,-0.8562125904236635,-0.9360021367496978,-0.9464142856064673,-0.8308429454475739,-0.9591141746424146,-0.83168503653727,-0.9553533377761341,-0.9609890738192606,-0.7822403722641782,-0.8637708029332782,-0.9150409826887537,-0.8443340571124678,-0.9204890004774636,-0.8618004409374598,-0.8459905436823747,-0.9813765841918177,-0.9209234495874237,-0.7965550828411052,-0.937709976485267,-0.8446892919884803,-0.9007219326740079,-0.9144943958275523,-0.9051519209502898,-0.9993497886125758,-0.8296384754819416,-0.9389888178247918,-0.8769834662067466,-0.9368564457802486,-0.8065358020571686,-0.9647279409242794,-0.8658521813797088,-0.8650433515148244,-0.9374966666607407,-0.8216446920658589,-0.8075270893288967,-0.8011866199581719,-0.8791473141629905,-0.9152595260361949,-0.9384561790515313,-1.0048382954485762,-0.9168969407736073,-0.7747902942086975,-0.9410100955887775,-0.9024965373894794,-0.7809609465267774,-0.9216832427683601,-0.8462269199216013,-0.9659710140578753,-0.7980601481091509,-0.8989438247187641,-0.8339664261827331,-0.9763708311906906,-0.910439454329611,-0.8701149349367588,-0.9691749068150702,-0.8666602563865496,-0.8477617589865681,-0.8546929273136639,-0.854692927313664,-0.8636550237218561,-0.8462269199216013,-0.8971621926942753,-0.9715451610707554,-0.8708042259888271,-0.7473285756613351,-0.9120855223058856,-0.9498947310097051,-0.77272245987806,-0.8851553535961921,-0.917442096265481,-0.7809609465267775,-0.8776673629570603,-0.8246817568007673,-0.8362415918859814,-0.9422844581123049,-0.9002777349240623,-0.8585452812752512,-0.8895504482602434,-0.9688653157173086,-0.8974965180990955,-0.8146778504415104,-0.8005623023850175,-0.8250454532933322,-0.8278284846512591,-0.8956003573022958,-0.8177407902263406,-0.9031611151948472,-0.8988325761786786,-0.9579665964948884,-0.9512623192369181,-0.8644651525654461,-0.7998124780221925,-0.9019423484901904,-0.8784645695758025,-0.8844772467395643,-0.8895504482602434,-0.8923564310296642,-0.8391066678319271,-0.8152913589631622,-0.9079096871385391,-0.8203048213926333,-0.8355237878121724,-0.8701149349367588,-0.8799431799837988,-0.9085703054799887,-0.8958236433584459,-0.8440971508067067,-0.8609878047916822,-0.938562730988185,-0.9031611151948472,-0.8155366331440912,-0.85492689745966,-0.9052623929005336,-0.7783957862167549,-0.8863972021616494,-0.8648121183239744,-0.7033491309442275,-0.9718538984847467,-0.9107689059250978,-0.8172514912803769,-0.8459905436823747,-0.8457541013793548,-0.8485870609430716,-0.9450396817065407,-0.8703447592764606,-0.939946807005588,-0.8280700453464067,-0.7941662294507366,-0.8652745229116596,-0.848351342310484,-0.8913472948295743,-0.8560957890329796,-0.883685464404615,-0.8407734534343958,-0.9560857702110204,-0.9420721840708386,-0.8884255736976508,-0.7789094941005663,-0.8544588931013593,-0.8996110270555826,-0.8496469855181034,-0.8738993077008358,-0.8859458222713169,-0.9630680142129112,-0.9238506372785592,-0.9678326301587481,-0.921357693840997,-0.8634234187233978,-0.8095060222135472,-0.9203803561571705,-0.8056674251823764,-0.7706490770772388,-0.8928045698807775,-0.927200086281273,-0.9013878188659973,-0.904267659490264,-0.9966443698732261,-0.8423182296495785,-0.8200609733428362,-0.8954886933959579,-0.9584883932526257,-0.8605230967266364,-0.9327915093953203,-0.8701149349367587,-0.9153687781435413,-1.0146427942877236,-0.7955501241279521,-0.9020532135079394,-0.9182047701901793,-0.8397023282092292,-0.840178552451799,-0.9212491519670453,-0.920814856526544,-0.8448076704197235,-0.9263368717696602,-0.875728268357257,-0.8263776376451628,-0.8805112151472009,-0.8925805285799148,-0.9579665964948882,-0.8492938243034621,-0.8678133439859058,-0.9012768719988327,-0.787845162452623,-0.8552777326693358,-0.9536770941990795,-0.981580358401695,-0.9514725429564429,-0.8511756575466666,-0.84303024856763,-0.906697303403953,-0.8425556361451747,-0.7685701009016679,-0.8942594701763018,-0.8627282306729044,-0.9440868604106298,-0.9444045743218317,-0.9489467845985886,-0.9220086767487603,-0.8859458222713171,-0.848351342310484,-0.8961584681293817,-0.9270922284217467,-0.8839117603018981,-0.9495788540189803,-0.8904493247793497,-0.8383913167489273,-0.879715863219483,-0.7956758133813042,-0.8764131445842196,-0.8868483523128404,-0.8822131261775694,-0.77272245987806,-0.8159044061653302,-0.8049223565040295,-0.9484197383015603,-0.9510520490488414,-0.8678133439859057,-0.8552777326693358,-0.8717224328879005,-0.857496355677387,-0.9436630754670864,-0.9448280266799881,-0.8744712688247682,-0.8250454532933322,-0.9092304438369846,-0.9095603333479314,-0.8338465086573188,-0.9105492847726586,-0.899166280506559,-0.8762990357178307,-0.9527329111561119,-0.8691950298983537,-0.9554580053565934,-0.9200543462209176,-0.8786922100485471,-0.9318261640456336,-0.8986100377805715,-0.8631917515824626,-0.8416056083463324,-0.8273451516749222,-0.93,-0.9376033276391461,-0.9182047701901793,-0.9421783270697751,-0.9297849213662266,-0.9451454914456292,-0.8387490685538792,-0.8928045698807775,-0.8967162315916891,-0.9398404119849284,-0.9233092656309694,-0.8836854644046149,-0.7958014827832378,-0.9704122835166505,-0.7798076685952761,-0.9242835062901426,-0.8231038816577164,-0.8718371407550839,-0.9250405396521819,-0.9464142856064673,-0.8883130078975542,-0.7981854421122951,-0.9163514609580758,-0.9416474924301556,-0.9605727458136629,-0.8553946457629953,-0.9044888059008801,-0.9353608929178084,-0.8974965180990954,-0.9188579868510693,-0.8371977066380437,-0.8356434646426669,-0.8676981041814025,-0.9222255689363639,-0.9799489782636646,-0.8435045939412541,-0.850588031893231,-0.8876373133211559,-0.8327664738688751,-0.9475758544834287,-0.8262566187329454,-0.9018314698434513,-0.9460972465872629,-0.8702298546935747,-0.9007219326740079,-0.8940357934669059,-0.9427088627991147,-0.7567694497005015,-0.8293973715897585,-0.9309672389509741,-0.9357884376289333,-0.8957120072880569,-0.8271033792700886,-0.8101234473831751,-0.873212459828649,-0.8160269603389338,-0.8894380248224156,-0.9822932352408826,-0.8613361713059542,-0.9250405396521819,-0.7668767828015137,-0.8139410298049854,-0.8736704184073077,-0.8510581648747636,-0.9253647929330358,-0.8336066218546971,-0.8159044061653302,-0.9378166132032424,-0.899499861033897,-0.9026073343375846,-0.9244998647917695,-0.9153687781435415,-0.8521150157109074,-0.9798469268207153,-0.8055432949258531,-0.9192932067626738,-0.9115371632577577,-0.923200953205747,-0.9264448175687531,-0.8543418519538886,-0.8394641147779933,-0.9085703054799887,-0.9249324299644813,-0.8841379982785493,-0.9734988443752771,-0.8123422923866515,-0.8096295449154508,-0.7993122043357026,-0.8727542609463446,-0.8497646733066749,-0.8788060081724522,-0.8344459239519358,-0.8835722947218296,-0.9281702430050213,-0.771816040258299,-0.9470480452437459,-0.8426743143112884,-0.9019423484901903,-0.8003124389886741,-0.938669270829721,-0.8691950298983537,-0.8905616205518853,-0.8077747210701757,-0.8879752248796134,-0.8124653838779841,-0.85492689745966,-0.9677293009927932,-0.9094503834734472,-0.8569130644353604,-0.854692927313664,-0.8867355862939076,-0.986458311334037,-0.97082439194738,-0.9736015612148535,-0.9011659114724657,-0.9364293886887576,-0.9257969539807311,-0.841843215806839,-0.8539906322671227,-0.8803976374343585,-0.7998124780221924,-0.9061456836513652,-0.8717224328879004,-0.8379140767405688,-0.935467797414748,-0.9143850392476901,-0.9535722311393091,-0.8138181615078396,-0.8479976415061542,-0.9369631796394136,-0.813203541556479,-0.8237111144084436,-0.8031811750782012,-0.9358952932887311,-0.8984987479123162,-0.9068075870878012,-0.9048204241726643,-1.009603882718366,-0.7804485889538144,-0.8742425292789182,-0.8456358554366059,-0.9384561790515313,-0.8732124598286491,-0.9779059259458448,-0.9060353193998566,-0.8673522929006415,-0.9835141076771599,-0.9186402995732335,-0.9432391001225512,-0.9589056262218926,-0.8961584681293817,-0.9330058949438638,-0.8376753547765388,-0.9572356031824141,-0.8092589202474075,-0.8465813605318746,-0.8989438247187641,-0.8674675786448736,-0.8859458222713171,-0.8908984229416954,-0.8443340571124678,-0.8096295449154509,-0.8800568163476719,-0.9542012366372201,-0.9089004345911603,-0.8748142660016469,-0.8768694315575153,-0.9131812525451889,-0.8303613671167512,-0.8898876333560323,-0.8560957890329797,-0.8784645695758027,-0.9636908217888143,-0.9141662868428261,-0.7763375554486593,-0.8727542609463445,-0.9468368391650169,-0.8134494452638099,-0.9394147114027968,-0.8943712875534411,-0.9089004345911603,-0.955353337776134,-0.8633075929238663,-0.8544588931013594,-0.9034932207825359,-0.8680437776978763,-0.8556284240252892,-0.8030566605165542,-0.8401785524517987,-0.8856071363759441,-0.9621330469326995,-0.7785242449660769,-0.7851751396981441,-0.837317144217172,-0.8029321266458329,-0.9275235846058039,-0.8825531145489205,-0.8112336284942828,-0.8835722947218297,-0.9802550688468793,-0.9531526635329727,-0.9172240729505523,-0.9106591019695571,-0.8959352655186646,-0.9281702430050213,-0.8970507232035433,-0.9661780374237452,-0.8275868534480232,-0.9104394543296112,-0.9420721840708387,-0.9661780374237453,-0.7969316156358711,-0.816394512475433,-0.87960218280766,-0.8749285685128816,-0.9154780172128657,-0.8261355820929153,-0.8291561975888501,-0.9773944955850734,-0.8756140702387097,-0.8973850901368932,-0.9347192091746056,-0.9487360012142473,-0.8892131353055914,-0.8933644273195569,-0.8261355820929154,-0.8573797291748856,-0.8764131445842196,-0.8781229982183589,-0.9284934033152848,-0.7769813382572326,-0.9006109037758759,-0.9137286249209883,-0.9470480452437458,-0.9135097153287425,-0.8284322543213778,-0.8805112151472008,-0.8898876333560323,-0.9460972465872628,-0.9330058949438637,-0.8036790404135223,-0.948525170989152,-0.816639455328972,-0.9040464589831654,-0.8324061508662703,-0.9463086177352502,-0.9316115070135191,-0.8564461454172119,-0.8950418984606252,-0.8725250712730265,-0.7907591289387687,-0.8874119674649424,-0.9747307320486002,-0.8515280382935139,-0.8978307190111062,-0.8933644273195569,-0.9257969539807311,-0.8868483523128404,-0.8792610533851708,-0.9189668111526117,-0.8369587803470372,-0.8931405264570633,-0.8494115610232769,-0.9059249417032296,-0.8729833904490967,-0.9209234495874237,-0.8426743143112884,-0.858195781858662,-0.8828929719960399,-0.8310836299675262,-0.9141662868428261,-0.9241753080449618,-0.8078985084773953,-0.8290355842785037,-0.9121951545584969,-0.8790335602239541,-0.9034932207825358,-0.9092304438369847,-0.875956619930462,-0.8527015890685323,-0.9203803561571705,-0.8514105942493316,-0.8214012417813842,-0.911756546453054,-0.9539916142189092,-0.8321658488546618,-0.9511571899533746,-0.9460972465872628,-0.910439454329611,-0.8023091673413685,-0.7960527620704547,-0.8641180474911979,-0.8194510357550353,-0.954515583948214,-0.8949301648732152,-0.9555626614722867,-0.9402659198333204,-0.8724104538575865,-0.959218431849597,-0.8297590011563598,-0.9643132271207318,-0.8398214095865859,-0.8705745229444749,-0.8500000000000001,-0.8542247947700886,-0.8075270893288967,-0.7746612162745725,-0.9093404203047394,-0.9474703161577148,-0.8735559512704381,-0.9980480950335009,-0.813203541556479,-0.8900000000000001,-0.8258934555982388,-0.8943712875534411,-0.9213576938409967,-0.9095603333479314,-0.8769834662067467,-0.8144323176298937,-0.7758221445666525,-0.8064118054691413,-0.9427088627991147,-0.7471947537289058,-0.8376753547765388,-0.8542247947700886,-0.854692927313664,-0.8869611039949836,-0.9242835062901426,-0.887637313321156,-0.8421995013059554,-0.9354677974147481,-0.8303613671167511,-0.9102197536858888,-0.8897752525216691,-0.9567131231461186,-0.9567131231461186,-0.9040464589831655,-0.9226592003551474,-0.8211577193207162,-0.8614522621712709,-0.8067837380611981,-0.8328865468957942,-0.8566796367370944,-0.8876373133211559,-0.8681589716175259,-0.8825531145489205,-0.9139474820797966,-0.9306449376641985,-0.8214012417813843,-0.9102197536858888,-0.7984359711335656,-0.8865100112237876,-0.855043858524228,-0.8919080670113932,-0.8767553820764376,-0.8368392916205596,-0.9517877914745493,-0.9738069623903909,-0.9087904048789247,-0.8117265549432272,-0.8937001734362593,-0.8250454532933322,-0.9026073343375846,-0.9450396817065408,-0.8524670081592601,-0.8411301920630361,-0.9121951545584969,-0.917769034125689,-0.8807383266328314,-0.9138380600522173,-0.8578461400507669,-0.827828484651259,-0.8000624975587846,-0.8992774877644831,-0.8930285549745876,-0.8935882720806042,-0.9704122835166504,-0.9139474820797966,-0.8666602563865498,-0.9146037393319579,-0.8630758946929291,-0.9446163242290492,-0.9474703161577148,-0.9030503861911583,-0.8972736483370055,-0.9669022701390249,-0.8984987479123162,-0.8922443611477744,-0.8967162315916891,-0.8877499647986475,-0.8675828490697588,-0.8704596486914256,-0.9381364506296512,-0.8364807230295268,-0.9261209424259879,-0.9173330910852393,-0.8764131445842195,-0.8758424515859004,-0.9383496150156402,-0.8790335602239541,-0.9464142856064675,-0.9123047736365298,-0.8154140052758477,-0.8326463835266446,-0.8349251463454673,-0.9379232377972091,-0.95420123663722,-0.8962700485902673,-0.8673522929006414,-0.9036038955205982,-0.9522079604792223,-0.7455870170543476,-0.9301075206662938,-0.9689685237405806,-0.9358952932887311,-0.875728268357257,-0.7523961722390673,-0.8966047066572872,-0.8511756575466665,-0.8271033792700886,-0.93706990134141,-0.951577637400123,-0.8959352655186646,-0.9000555538409838,-0.8612200647918046,-0.8612200647918046,-0.8543418519538886,-0.94905215873523,-0.8814193099768124,-0.9076893741803965,-0.9143850392476904,-0.9213576938409967,-0.7566372975210778,-0.9006109037758759,-0.8811923740024081,-0.9195107394696378,-0.8606392972668632,-0.9688653157173086,-0.8880878334939625,-0.9856469956328179,-0.9853425800197616,-0.9378166132032425,-0.8246817568007675,-0.912414379544733,-0.8324061508662703,-0.8577295611088616,-0.8198170527623831,-0.9210320298447823,-0.8935882720806042,-0.9406912352095135,-0.8373171442171717,-0.8209141246196219,-0.8933644273195569,-0.8631917515824628,-0.8495292814258965,-0.8828929719960399,-0.9423905772024675,-0.887299273075325,-0.8475258108164022,-0.8470537173048709,-0.7645259969418962,-0.917986928011505,-0.843741666625514,-0.9091204540653565,-0.8516454661418682,-0.8588946384743591,-0.7803204469959762,-0.9098901032542337,-0.9841239759298622,-0.9390953093270139,-0.9462029380635002,-0.8366002629691196,-0.8519976525789258,-0.8534049449118513,-0.8408923831264022,-0.8432674546073743,-0.8051707893360267,-0.8464632301523795,-0.8761849119906139,-0.9324698386543128,-0.7847929663293371,-0.803305670339753,-0.9416474924301557,-0.8817596044274199,-0.8393449827097319,-0.9317188417113824,-0.8802840450672726,-0.8606392972668631,-1.0043405796840035,-0.9464142856064673,-0.9439809320108113,-0.8437416666255141,-0.8586617494683224,-0.960260381354974,-0.8049223565040294,-0.99443451267542,-0.9182047701901793,-0.8843641783790206,-0.8950418984606252,-0.9850380703302791,-0.9625487000666512,-0.9799489782636646,-0.9742176348229384,-0.8786922100485471,-1.0037429949942367,-0.8629600222490031,-0.914713069765596,-0.8312039460926542,-0.9365361712181757,-0.7965550828411052,-0.8858329413608415,-0.8748142660016468,-0.9073588044428731,-0.8593602271457529,-0.8099999999999999,-0.8831194709664146,-0.9502105029939419,-0.8703447592764606,-0.9135097153287425,-0.8788060081724521,-0.7696102909914861,-0.8671216754296942,-0.8807383266328315,-0.8947066558375433,-0.8297590011563598,-0.9371766108903914,-0.9253647929330358,-0.8174961773610933,-0.918313671900838,-0.8450443775329198,-0.9638983348880731,-0.8111103500757465,-0.8108637370113428,-0.8786922100485471,-0.805791536316931,-0.8642337646724988,-0.9453570753953238,-0.7725930364687478,-0.8293973715897586,-0.8868483523128404,-0.9277391874875179,-0.842436941260294,-0.9381364506296512,-0.8730979326513149,-0.8966047066572873,-0.8979420916740679,-0.958070978581441,-0.9731906288081488,-0.8080222769206304,-0.9389888178247917,-0.9317188417113824,-0.8216446920658589,-0.981580358401695,-0.8593602271457529,-0.8799431799837988,-0.8847033401089882,-0.9496841580230767,-0.8825531145489206,-0.8828929719960399,-0.8801704380402696,-0.9588013350011565,-0.9598437372822725,-0.77272245987806,-0.8956003573022959,-0.912414379544733,-0.8274660113865705,-0.8055432949258532,-0.9518928511129812,-0.8689649014776143,-0.8863972021616494,-0.8783507272155013,-0.7400675644831357,-0.8743569065318807,-0.9166787877986488,-0.982191427370449,-0.8232253640407345,-0.9515776374001229,-0.871837140755084,-0.9156964562561112,-0.9242835062901426,-0.899388681271896,-0.9476813810558906,-0.9087904048789248,-0.9636908217888143,-0.8321658488546619,-0.8736704184073075,-0.9152595260361949,-0.9029396436085858,-0.8614522621712709,-0.8478797084492588,-0.8773254812211942,-0.9139474820797965,-0.912195154558497,-0.867928568489366,-0.8637708029332782,-0.9473647660748208,-0.8646964785403026,-0.8532877591996736,-0.751997340420829,-0.8860586888011426,-1.0256217626396193,-0.8958236433584459,-0.9305374790947435,-0.8552777326693358,-0.8401785524517988,-0.9076893741803965,-0.8716077099245968,-0.9355746896961248,-0.9449338601193207,-0.9143850392476902,-0.9257969539807313,-0.9538867857350788,-0.8816461875378354,-0.929569792968769,-0.8553946457629952,-0.9356815697661252,-0.8775534171775528,-0.8429116205154606,-0.8322860085331244,-0.9205976319760986,-0.8338465086573188,-0.8517628778010932,-0.9514725429564429,-0.8944830909525345,-0.8481155581640982,-0.916351460958076,-0.9019423484901904,-0.9345052166788584,-0.9000555538409838,-0.8051707893360266,-0.8889881888979179,-0.8944830909525344,-0.8664294547163087,-0.8859458222713169,-0.8848163651289458,-0.9662815324738437,-0.8302409288875128,-0.9322553298319083,-0.912633551870629,-0.8775534171775529,-0.9165696918401787,-0.9921189444819608,-0.8926925562588722,-0.9886859966642595,-0.9318261640456336,-0.7728518616138541,-0.9567131231461186,-0.959009906101079,-0.9506313691436865,-0.8200609733428362,-0.9758585963140356,-0.8814193099768123,-0.9543060305792895,-0.8598255637046388,-0.7858116822750855,-0.9462029380635002,-0.906697303403953,-0.8885381252371785,-0.9598437372822725,-0.8734414691323056,-0.8935882720806042,-0.9465199416811038,-0.931611507013519,-0.8408923831264021,-0.9889893831583836,-0.8277076778670113,-0.9337558567420072,-0.8710338684574784,-0.952732911156112,-0.9064766957842878,-0.9038252043398658,-0.8579627031520659,-0.9619251530134764,-0.8686195945291587,-0.8891006692158093,-0.9139474820797966,-0.8708042259888269,-0.9068075870878011,-0.9336487562247379,-0.9851395840184273,-0.904267659490264,-0.9200543462209175,-0.9656603957913984,-0.807031597894407,-0.8469356528095863,-0.9607809323669991,-0.8857200460642178,-0.9343982020530648,-0.8448076704197235,-0.850588031893231,-0.8421995013059553,-0.8810788840960836,-0.893364427319557,-0.8340863264674707,-0.9510520490488414,-0.9624448036121344,-0.8476437931112337,-0.9424966843443006,-0.8272242743053423,-0.8698850498772812,-0.9423905772024674,-0.9491575211733825,-0.9119758768739445,-0.8792610533851708,-0.8244392033376384,-0.9388823142439098,-0.8749285685128815,-0.8629600222490031,-0.9595311355031687,-0.8745856161634492,-0.8892131353055914,-0.971750996912275,-0.8877499647986475,-0.8897752525216691,-0.8481155581640983,-0.9388823142439099,-0.7651797174520506,-0.8905616205518853,-0.9498947310097051,-0.8702298546935746,-0.8912350980521357,-0.8349251463454673,-0.9626525853079085,-0.9213576938409969,-0.9337558567420072,-0.9077995373429092,-0.8019351594736323,-0.9723682430026188,-0.8573797291748856,-0.9116468614545875,-0.7774959806970065,-0.885607136375944,-0.8762990357178307,-0.8015609770940699,-0.8389874850079707,-0.8689649014776145,-0.9159148432032314,-0.8404165633779478,-0.9269843580125827,-0.8509406559801923,-0.9013878188659973,-0.9466255859631093,-0.9305374790947435,-0.7495998932764064,-0.9199456505685539,-0.9445104552094699,-0.9760635225229964,-0.9436630754670864,-0.8758424515859002,-0.8252878285786117,-0.7966806135459805,-0.8764131445842196,-0.8310836299675263,-0.8162720134857008,-0.8576129663198896,-0.9438749917229505,-0.8911228871485682,-0.9544108130150246,-0.9205976319760985,-0.9226592003551474,-0.884929375713113,-0.9259049627256569,-0.8195730595865142,-0.8626123115281858,-0.8612200647918046,-0.8143095234614416,-0.8983874442577657,-0.8822131261775694,-0.7676587783644503,-0.8651589449343976,-0.8523496934944014,-0.8886506625215558,-0.8865100112237876,-0.7995623803056269,-0.8586617494683224,-0.8257723657279893,-0.8872992730753249,-0.8820997676000149,-0.8967162315916891,-0.8489405161729531,-0.8981647955692764,-0.9704122835166504,-0.8277076778670113,-0.8342062095189654,-0.9087904048789248,-0.9220086767487603,-0.8659676668328904,-0.9713392816107047,-0.8797158632194829,-0.8917959407846618,-0.8989438247187641,-0.8970507232035433,-0.8040522371090078,-0.8050465825031494,-0.8567963585356791,-0.9279547402756236,-0.8393449827097319,-0.8678133439859058,-0.9131812525451889,-0.8322860085331244,-0.8508231308562315,-0.960572745813663,-0.8689649014776143,-0.9020532135079394,-0.9022749026765623,-0.858195781858662,-0.9904039579888603,-0.9130717386930777,-0.9210320298447824,-0.9059249417032296,-0.843741666625514,-0.9288164511893617,-0.9228759396581971,-0.7929060473977986,-0.9138380600522173,-0.9007219326740078,-0.8629600222490033,-0.8645808232895291,-0.8255301327026167,-0.9247161726713771,-0.8768694315575153,-0.8392258337301111,-0.8386298349093002,-0.8935882720806043,-0.8489405161729531,-0.8102468759581859,-0.8636550237218562,-0.9154780172128657,-0.8833459118601275,-0.8514105942493316,-0.8511756575466664,-0.9535722311393091,-0.8915716460273959,-0.9614052215377239,-0.8272242743053422,-0.9338629449764028,-0.9089004345911604,-0.9353608929178084,-0.8972736483370054,-0.9302150289046075,-0.9733961166965892,-0.8352843827104636,-0.802433797892387,-0.9573400649716902,-0.8155366331440913,-0.9448280266799879,-0.8615683373940805,-0.8358827668997609,-0.8919080670113934,-0.8997221793420456,-0.9353608929178086,-0.9478923989567593,-0.8676981041814025,-0.9770875088752287,-0.8618004409374598,-0.9939315871829408,-0.9020532135079394,-0.8622644605919926,-0.8071554992688833,-0.9119758768739445,-0.8322860085331244,-0.9123047736365298,-0.9178779875342911,-0.9366429415737888,-0.8803976374343585,-0.7853024894905147,-0.97205966895042,-0.7970570870395672,-0.9102197536858888,-0.8429116205154606,-0.9346122190513027,-0.8252878285786117,-0.8401785524517988,-0.8724104538575864,-0.81,-0.7392563831310489,-0.8932524839036273,-0.9060353193998566,-0.9465199416811038,-0.8950418984606252,-0.8364807230295268,-0.873097932651315,-0.8895504482602434,-0.810987052917616,-0.8676981041814026,-0.9596353474106715,-0.9414350747661784,-0.9690717207719973,-0.8064118054691412,-0.9464142856064673,-0.8675828490697589,-0.9873702446397704,-0.9014987520790031,-0.8151686941977102,-0.9270922284217465,-0.8805112151472008,-0.915259526036195,-0.7688302803610171,-0.8195730595865144,-0.9478923989567593,-0.8377947242612597,-0.8982761268117949,-0.8060397012554655,-0.9152595260361949,-0.8183520025025907,-0.7842831121476479,-0.8832326986700617,-0.8466994744299775,-0.9643132271207318,-0.874128137060008,-0.8504704580407246,-0.9676259607927021,-0.9437690395430441,-0.8920201791439473,-0.9459915433025814,-0.8635392289873112,-0.8033056703397531,-0.9180958555619342,-0.9028288874421332,-0.9586970324351692,-0.960572745813663,-0.819939022122987,-0.875956619930462,-0.9108786966440701,-0.8523496934944014,-0.9718538984847467,-0.8138181615078396,-0.8274660113865705,-0.8693100712634129,-0.7937883848986453,-0.8360023923410747,-0.8433860326090301,-0.7402026749478821,-0.811480129146734,-0.8704596486914257,-0.8984987479123162,-0.8760707733967615,-0.7894935085230277,-0.8351646544245034,-0.8130805618141416,-0.8706893820416096,-0.8916838004584361,-0.8906739021662192,-0.7911384202527393,-0.9244998647917694,-0.9142756695876797,-0.8806247782114697,-0.8539906322671227,-0.8775534171775529,-0.8922443611477743,-0.9063663718386733,-0.8278284846512591,-0.8474078120952155,-0.8595929269136643,-0.9196194865269005,-0.8940357934669059,-0.9130717386930779,-0.9038252043398658,-0.8623804264940155,-0.8824397996464123,-0.880056816347672,-0.7906326580656785,-0.8842510955605314,-0.8947066558375433,-0.9349331526906082,-0.923417565351667,-0.9237423883312923,-0.8146778504415103,-0.9251486367065564,-0.8466994744299774,-0.8916838004584361,-0.8657366805212773,-0.8539906322671227,-0.904599358832406,-0.9269843580125827,-0.9665919511355349,-0.858195781858662,-0.9469424480928078,-0.8772114910328067,-0.9732933781753579,-0.8052949770115296,-0.9274157643689264,-0.894035793466906,-0.8461087400565013,-0.9347192091746056,-0.8527015890685323,-0.8179853299418028,-0.9781104232140664,-0.8436231386110744,-0.8738993077008358,-0.8087644898238301,-0.9331130692472376,-0.8501176389182853,-0.8856071363759441,-0.7873372847769882,-0.8200609733428363,-0.9348261870529729,-0.8631917515824628,-0.867928568489366,-0.8746999485537884,-0.8228608630868284,-0.9010549372818508,-0.8577295611088614,-0.8327664738688753,-0.9159148432032316,-0.9481033698917013,-0.9700000000000001,-0.9306449376641986,-0.7792945527847606,-0.8676981041814025,-0.9560857702110204,-0.9225508116087698,-0.8814193099768124,-0.917877987534291,-0.8705745229444748,-0.8039278574598593,-0.8512931340026184,-0.8548099203916624,-0.8498823447983844,-0.7801922839915811,-0.9581753492967767,-0.7955501241279521,-0.9189668111526117,-0.8984987479123162,-0.9431330765061737,-0.8945948803788226,-0.9006109037758759,-0.9221171292194935,-0.9840223574695852,-0.8531705573916626,-0.8595929269136642,-0.8223746105030239,-0.9062560344626679,-0.8720665112249181,-0.8605230967266364,-0.8241965784932621,-0.9105492847726585,-0.9665919511355349,-0.9161331780914824,-0.9038252043398656,-0.6994998213009065,-1.0117806086301517,-0.914713069765596,-0.9256889326334199,-0.9510520490488414,-0.8466994744299775,-0.8075270893288968,-0.9671090941563935,-0.8577295611088613,-0.9018314698434513,-0.8816461875378354,-0.9059249417032297,-0.8116033513977131,-0.8906739021662193,-0.9077995373429092,-0.8196950652529269,-0.869540108333135,-0.8895504482602434,-0.9256889326334198,-0.8408923831264021,-0.9101098834756164,-0.8155366331440912,-0.8404165633779477,-0.9217917335276988,-0.8786922100485471,-0.9161331780914824,-0.8598255637046389,-0.9508417323613851,-0.9052623929005336,-0.8140638795573724,-0.9538867857350788,-0.8321658488546619,-0.8770974860299169,-0.9402659198333204,-0.9080198235721508,-0.8426743143112884,-0.899277487764483,-0.9246080250571049,-0.8135723692456621,-0.9484197383015602,-0.880056816347672,-0.8964931678490361,-0.8923564310296642,-0.9530477427705287,-0.8303613671167511,-0.8986100377805715,-0.8535221145348256,-0.9728823155962905,-0.8555115428794634,-0.7451845409024533,-0.8367197858303579,-0.859709253178073,-0.8188406438373709,-0.8776673629570603,-0.8338465086573189,-0.9208148565265442,-0.8811923740024081,-0.909010450985026,-0.802932126645833,-0.881873006730561,-0.9646242791885347,-0.8438601779915913,-0.783007024234138,-0.9687620966986683,-0.945568612000208,-0.9444045743218317,-0.8413679337840252,-0.9454628496138808,-0.9936297097007516,-0.9146037393319579,-0.9532575727472612,-0.9345052166788584,-0.9882813364624469,-0.917769034125689,-0.8778952101475438,-0.81590440616533,-0.9307523838271918,-0.8696551040498756,-0.8600581375697808,-0.8700000000000001,-0.8517628778010932,-0.8914594774862176,-0.8915716460273958,-0.8562125904236635,-0.931611507013519,-0.8627282306729043,-0.8773254812211942,-0.922767576370128,-0.8969392398596462,-0.7912648102879339,-0.9192932067626738,-0.9862555449780752,-0.8377947242612597,-0.8383913167489272,-0.8488227141164403,-0.8464632301523793,-0.9040464589831654,-0.8595929269136643,-0.8541077215433659,-0.7875912645528771,-0.8802840450672726,-0.9106591019695571,-0.8643494663618415,-0.8543418519538886,-0.9269843580125826,-0.8120960534321049,-0.8342062095189654,-0.930859817588019,-0.7924014134263013,-0.950420959364849,-0.9427088627991147,-0.9002777349240623,-0.9352539762011172,-0.9184225606985056,-0.9475758544834287,-0.8785783971849069,-0.8136952746575342,-0.9317188417113823,-0.9904039579888603,-0.9032718306246464,-0.8774394566008529,-0.8093824806604107,-0.8544588931013594,-0.877439456600853,-0.9140568910084317,-0.9198369420718001,-0.7941662294507366,-0.7651797174520507,-0.9637945839233587,-0.8712634503983281,-0.9256889326334198,-0.9353608929178084,-0.917442096265481,-0.9453570753953239,-0.8444524853418339,-0.8832326986700616,-0.88289297199604,-0.9004998611882181,-0.8361220006673666,-0.9315041599477697,-0.8694250974063263,-0.9295697929687691,-0.862496376803984,-0.9624448036121345,-0.7749193506423748,-0.8566796367370944,-0.9089004345911603,-0.9583840566286566,-0.8736704184073077,-0.9945350672550466,-0.8920201791439475,-0.8534049449118514,-0.8367197858303579,-0.8906739021662193,-0.8990550594930212,-0.9024965373894794,-0.8776673629570602,-0.8550438585242279,-0.828190799272728,-0.9395211546314431,-0.8412490713219243,-0.9422844581123049,-0.8727542609463446,-0.9644169222903547,-0.8675828490697589,-0.9325770745627409,-0.8766413177577247,-0.9723682430026189,-0.9615092303249096,-0.8307225770376052,-0.7946697427233529,-0.8778952101475438,-0.9063663718386733,-0.8998333178983761,-0.8178630692236936,-0.816026960338934,-0.8904493247793499,-0.8903370148432558,-0.9352539762011172,-0.9799489782636646,-0.8586617494683223,-0.8758424515859004,-0.8914594774862177,-0.9389888178247918,-0.9196194865269004,-0.9702061636580136,-0.9128526715741154,-0.9085703054799887,-0.9465199416811038,-0.9092304438369847,-0.8815327560561774,-0.9265527507918802,-0.9456743625582751,-0.8733269719870101,-0.9378166132032425,-0.8788060081724521,-0.9050414355155237,-0.879374777896205,-0.7840280607223188,-0.8241965784932621,-0.8542247947700887,-0.9690717207719973,-0.866083136886985,-0.8698850498772812,-0.9850380703302792,-0.816639455328972,-0.9064766957842877,-0.8471717653463199,-0.9235258523723091,-0.8239538822045807,-0.9521029356114811,-0.9136191766814005,-0.9553533377761341,-0.8960468737739115,-0.9883825170448939,-0.8681589716175259,-0.8746999485537884,-0.9210320298447824,-0.9026073343375844,-0.8223746105030239,-0.9370699013414101,-0.9195107394696377,-0.7759510293826537,-0.8815327560561773,-0.8391066678319271,-0.932577074562741,-0.8210359310042405,-0.8974965180990955,-0.7901265721389199,-0.8398214095865858,-0.9152595260361949,-0.8970507232035433,-0.854692927313664,-0.9221171292194935,-0.8790335602239542,-0.8446892919884803,-0.9895958771134813,-0.8026830009412185,-0.8307225770376053,-0.9149316914393117,-0.8952653238007157,-0.8600581375697808,-0.9289241088485108,-0.9182047701901793,-0.810246875958186,-0.9560857702110204,-0.7950471684120383,-0.8966047066572873,-0.9120855223058855,-0.8459905436823747,-0.9426027795418387,-0.8558621384311845,-0.9316115070135189,-0.9641058033224361,-0.8642337646724987,-0.8690799733051038,-0.887862601982987,-0.8250454532933322,-0.8302409288875127,-0.8362415918859814,-0.9441927769264071,-0.90515192095029,-0.9498947310097051,-0.8500000000000001,-0.8649277426467485,-0.916351460958076,-0.9244998647917695,-0.8132035415564791,-0.9021640649017227,-0.7968061244744546,-0.9150409826887537,-0.9150409826887536,-0.8950418984606251,-0.8525843066817498,-0.8036790404135223,-0.9512623192369181,-0.9517877914745493,-0.8826664149042944,-0.9721625378505387,-0.9307523838271917,-0.8296384754819416,-0.7646567857542362,-0.8599418584997477,-0.9856469956328179,-0.9006109037758759,-0.8504704580407246,-0.8421995013059554,-0.826861536171565,-0.8277076778670113,-0.817129120763665,-0.9332202312423366,-0.9470480452437458,-0.9187491496594704,-0.8349251463454673,-0.8615683373940805,-0.8277076778670113,-0.8111103500757465,-0.9659710140578752,-0.8277076778670112,-0.8178630692236933,-0.886171540955813,-0.8075270893288967,-0.8705745229444749,-0.9101098834756164,-0.9184225606985055,-0.9463086177352503,-0.8869611039949835,-0.864002314811714,-0.7772387020729218,-0.8435045939412542,-0.937709976485267,-0.836719785830358,-0.8697700845625814,-0.8808518604169489,-0.9054832963671943,-0.9561903576171431,-0.8813058492941029,-0.8504704580407247,-0.8690799733051039,-0.9565040512198576,-0.8836854644046149,-0.8934763567101258,-0.8952653238007156,-0.8515280382935139,-0.8574963556773871,-0.8591274643497321,-0.866083136886985,-0.8594765849050223,-0.8835722947218299,-0.9282779756085996,-0.816884324736373,-0.8769834662067467,-0.917769034125689,-0.8196950652529269,-0.9787236586493656,-0.9155872432488342,-0.9467312184564317,-0.8443340571124678,-0.89,-0.7996874389409904,-0.9297849213662265,-0.866083136886985,-0.9177690341256889,-0.9813765841918178,-0.8658521813797088,-0.9604686356149273,-0.9783148777362021,-0.893364427319557,-0.8819863944528851,-0.8701149349367588,-0.8834591105421914,-0.9522079604792223,-0.895488693395958,-0.901720577562695,-0.8981647955692763,-0.9039358384310249,-0.941541289588513,-0.9772921773962994,-0.8258934555982388,-0.9259049627256568,-0.9328987083279728,-0.8364807230295269,-0.8257723657279893,-0.8583122974768566,-0.84303024856763,-0.8970507232035433,-0.7600657866263947,-0.9360021367496979,-0.8515280382935139,-0.9340770846134703,-0.9652460826131335,-0.7930321557162736,-0.8786922100485471,-0.880851860416949,-0.9718538984847466,-0.8346855695410099,-0.9164605828948674,-0.9704122835166505,-0.922875939658197,-0.8387490685538792,-0.9385627309881851,-0.9141662868428261,-0.9821914273704491,-0.7529276193632427,-0.8916838004584361,-0.8597092531780729,-0.8490583018850943,-0.8716077099245968,-0.8133265027035577,-0.9174420962654809,-0.8847033401089881,-0.8583122974768568,-0.8082697569499925,-0.8933644273195569,-0.8834591105421915,-0.8914594774862176,-0.9028288874421333,-0.83168503653727,-0.8472897969408106,-0.8616843969807043,-0.8523496934944015,-0.8724104538575865,-0.8564461454172119,-0.9032718306246464,-0.8140638795573722,-0.8516454661418683,-0.9644169222903547,-0.9463086177352503,-0.8885381252371786,-0.7819846545808941,-0.9487360012142473,-0.8895504482602434,-0.8412490713219243,-0.9255808986793105,-0.8361220006673667,-0.895377015563835,-0.8675828490697589,-0.8754998572244315,-0.8919080670113932,-0.862496376803984,-0.856446145417212,-0.9119758768739445,-0.8959352655186645,-0.8522323626805074,-0.979438614717635,-0.8597092531780731,-0.9420721840708386,-0.9070281142279991,-0.9016096716428902,-0.9777013859047149,-0.8501176389182853,-0.85901105930017,-0.8249242389456137,-0.8784645695758025,-0.8187185108448447,-0.9151502608861564,-0.8888756943465156,-0.8508231308562315,-0.9404786015641186,-0.8465813605318747,-0.8292767933567176,-0.8456358554366058,-0.9276313923105449,-0.8862843787408193,-0.781984654580894,-0.9343982020530647,-0.9173330910852394,-0.8201829064300231,-0.7994373021069257,-0.9641058033224362,-0.83,-0.8769834662067467,-0.8310836299675262,-0.8086408349817612,-0.8108637370113428,-0.917877987534291,-0.8932524839036273,-0.8408923831264021,-0.9250405396521819,-0.8257723657279892,-0.9535722311393092,-0.9371766108903914,-0.8984987479123162,-0.9411163583744573,-0.9330058949438638,-0.8828929719960399,-0.8704596486914256,-0.8284322543213778,-0.8964931678490361,-0.8807383266328314,-0.7960527620704547,-0.8196950652529268,-0.9452512893405648,-0.8444524853418338,-0.9050414355155239,-0.9197282207261013,-0.8959352655186646,-0.8931405264570633,-0.8790335602239541,-0.9014987520790031,-0.8994998610338971,-0.9305374790947434,-0.9424966843443005,-0.8326463835266446,-0.7818567643756752,-0.9557719393244395,-0.9243916918709297,-0.9526279441628825,-0.8293973715897585,-0.9652460826131334,-0.8923564310296643,-0.8990550594930212,-0.8810788840960836,-0.9336487562247379,-0.9525229656024047,-0.8226177727231524,-1.0002499687578101,-0.9841239759298622,-0.8508231308562315,-0.8971621926942753,-0.828673639015988,-0.8850423718670197,-0.8984987479123162,-0.8264986388373546,-0.8095060222135472,-0.7961783719745218,-0.9497894503520241,-0.8879752248796134,-0.9428149341201592,-0.9128526715741155,-0.9186402995732333,-0.929569792968769,-0.898276126811795,-0.938669270829721,-0.8134494452638099,-0.9402659198333204,-0.8672369918309528,-0.9001666512374251,-0.9119758768739447,-0.7861933604400384,-0.9149316914393119,-0.8794884877018005,-0.9555626614722867,-0.9207062506576134,-0.9142756695876798,-0.8973850901368934,-0.8877499647986475,-0.92233399590387,-0.9292470069900683,-0.8957120072880569,-0.8802840450672726,-0.8783507272155013,-0.8550438585242279,-0.9338629449764028,-0.9381364506296512,-0.9812746812182611,-0.9396275858019496,-0.9016096716428901,-0.8312039460926542,-0.9316115070135191,-0.9017205775626949,-0.9682458365518541,-0.8072793816269558,-0.9383496150156402,-0.8528188553262644,-0.9535722311393091,-0.917877987534291,-0.7956758133813042,-0.8275868534480233,-0.8690799733051039,-0.9550392662084634,-0.8802840450672726,-0.9871676655968833,-0.8607554821202128,-0.8445708969648433,-0.8950418984606252,-0.7505331438384317,-0.9670056876771719,-0.9373899935459094,-0.8803976374343585,-0.8709190547921202,-0.842436941260294,-0.85492689745966,-0.8863972021616494,-0.9841239759298622,-0.8824397996464123,-0.9057041459549581,-0.9719567891629751,-0.9442986815621423,-0.8143095234614416,-0.8896628574915331,-0.8758424515859004,-0.9220086767487603,-0.9654532614269838,-0.8879752248796134,-0.8566796367370944,-0.8874119674649424,-0.8773254812211941,-0.9017205775626949,-0.9121951545584969,-0.800312438988674,-0.8204267182387468,-0.8281907992727281,-0.8970507232035432,-0.814555093287127,-0.8344459239519358,-0.8607554821202128,-0.8067837380611981,-0.8423182296495785,-0.9406912352095134,-0.9387757985802574,-0.8444524853418338,-0.973909646733207,-0.8043009387039158,-0.9252567211320326,-0.9213576938409967,-0.8736704184073076,-0.948841398759561,-0.9338629449764029,-0.924824307639024,-0.9937303457175894,-0.8133265027035576,-0.9478923989567593,-0.8041765975207188,-0.8745856161634492,-0.9284934033152847,-0.8308429454475739,-0.9807650075323855,-0.8293973715897586,-0.8743569065318808,-0.9054832963671943,-0.9175510884958941,-0.8945948803788227,-0.8721811738394725,-0.895823643358446,-0.9381364506296511,-0.9326842981416594,-0.8921322771876378,-0.9389888178247918,-0.8978307190111062,-0.9378166132032425,-0.9205976319760985,-0.8488227141164403,-0.8326463835266446,-0.8906739021662193,-0.7749193506423748,-0.9195107394696378,-0.957444515363684,-0.8636550237218562,-0.9600520819205592,-0.8780091115700337,-0.8634234187233979,-0.9367496997597599,-0.779037868142493,-0.7996874389409903,-0.8948184173339304,-0.8528188553262644,-0.8585452812752512,-0.8697700845625814,-0.9074690077352504,-0.9763708311906906,-0.8642337646724988,-0.8857200460642178,-0.9563994981178107,-0.7959271323431562,-0.85901105930017,-0.9487360012142472,-0.8953770155638351,-0.8479976415061542,-0.8437416666255141,-0.9464142856064675,-0.8911228871485684,-0.877439456600853,-0.841843215806839,-0.889325587172662,-0.8154140052758477,-0.899388681271896,-0.8931405264570633,-0.9543060305792895,-0.8620324819866129,-0.7461233142048304,-0.9363225939813692,-0.9235258523723091,-0.916351460958076,-0.9144943958275524,-0.9448280266799879,-0.7362744053679986,-0.8500000000000001,-0.9438749917229506,-0.8262566187329455,-0.9073588044428731,-0.9624448036121346,-0.8510581648747634,-0.8331266410336426,-0.9565040512198576,-0.842436941260294,-0.8730979326513149,-0.7769813382572326,-0.831925477431723,-0.9204890004774636,-0.9449338601193208,-0.9037145567047153,-0.9007219326740079,-0.91700599779936,-0.9219002115196633,-0.8356434646426669,-0.9190756225686764,-0.8958236433584459,-0.8272242743053422,-0.9483142938920619,-0.8697700845625814,-0.9171150418567999,-0.8967162315916892,-0.8840248865275231,-0.9331130692472376,-0.9064766957842876,-0.9835141076771597,-0.9687620966986684,-0.8392258337301111,-0.8474078120952155,-0.8761849119906141,-0.8957120072880569,-0.8337265738837883,-0.8112336284942828,-0.9047098982546836,-0.9347192091746056,-0.9726767191621274,-0.9289241088485108,-0.9082400563727632,-0.862496376803984,-0.8056674251823763,-0.8326463835266446,-0.9322553298319084,-0.9751410154434076,-0.9449338601193208,-0.8738993077008358,-0.8899999999999999,-0.9661780374237452,-0.8858329413608416,-0.8859458222713171,-0.8900000000000001,-0.8408923831264021,-0.8976079322287656,-0.9253647929330356,-0.9606768447297978,-0.896381615161757,-0.8919080670113932,-0.9526279441628827,-0.9306449376641985,-0.9058145505565695,-0.8928045698807776,-0.9121951545584969,-0.9125239722878518,-0.8981647955692763,-0.8054191455385202,-0.8210359310042407,-0.8052949770115296,-0.9061456836513652,-0.8162720134857008,-0.9335416434203673,-0.8964931678490361,-0.8387490685538791,-0.8734414691323052,-0.8255301327026167,-0.8786922100485471,-0.9170059977993601,-0.8240752392834044,-0.8502352615599991,-1.0050373127401788,-0.9409038208021052,-0.887299273075325,-0.993931587182941,-0.7249137879775773,-0.9063663718386732,-0.8748142660016468,-0.9562949335848225,-0.902164064901723,-0.7777531742140305,-0.8889881888979178,-0.8334866525625951,-0.8947066558375432,-0.9496841580230767,-0.9912113800799505,-0.8720665112249181,-0.9007219326740079,-0.904930936591296,-0.8440971508067067,-0.8465813605318746,-0.7952986860293434,-0.8420807562223471,-0.8688498144098322,-0.8227393268830656,-0.94905215873523,-0.9722653958667871,-0.7754353615872829,-0.9032718306246464,-0.9429209935090003,-0.8548099203916624,-0.849764673306675,-0.8443340571124678,-0.9172240729505522,-0.9061456836513653,-0.960780932366999,-0.8608716512930369,-0.9565040512198576,-0.7958014827832378,-0.9273079315955408,-0.923525852372309,-0.905483296367194,-0.8358827668997609,-0.9288164511893618,-0.9595311355031685,-0.8216446920658588,-0.9378166132032425,-0.8767553820764377,-0.9984487968844471,-0.8463450832845903,-0.7996874389409901,-0.9084602357836032,-0.8794884877018005,-0.8476437931112338,-0.79,-0.8741281370600079,-0.9012768719988326,-0.9003888049059695,-0.79,-0.8843641783790205,-0.9197282207261013,-0.8977193325310534,-0.8140638795573725,-0.8865100112237877,-0.9238506372785593,-0.9317188417113824,-0.8642337646724988,-0.9071383576941281,-0.8896628574915332,-0.9474703161577147,-0.9777013859047148,-0.9478923989567593,-0.8696551040498757,-0.9382430388763884,-0.8599418584997477,-0.9458858282054976,-0.9513674369033239,-0.9401595609256973,-0.8831194709664145,-0.8622644605919926,-0.9036038955205982,-0.9325770745627409,-0.8698850498772812,-0.862496376803984,-0.9200543462209175,-0.8446892919884802,-0.9195107394696377,-0.8462269199216012,-0.875728268357257,-0.8064118054691414,-0.8956003573022959,-0.8689649014776144,-0.8140638795573722,-0.7955501241279522,-0.8490583018850943,-0.8760707733967616,-0.918313671900838,-0.9294622100978608,-0.9459915433025815,-0.910768905925098,-0.830120473184465,-0.9040464589831653,-0.878122998218359,-0.848940516172953,-0.8833459118601276,-0.850588031893231,-1.0061312041677268,-0.8157818335805229,-0.8411301920630362,-0.8996110270555826,-0.9633794683301072,-0.7901265721389201,-0.8244392033376385,-0.8444524853418338,-0.8850423718670197,-0.9256889326334199,-0.9398404119849285,-0.807031597894407,-0.9020532135079393,-0.831324244804637,-0.9081299466486059,-0.9742176348229383,-0.9805610638812863,-0.9219002115196633,-0.8842510955605315,-0.9095603333479313,-0.8080222769206304,-0.9688653157173085,-0.8425556361451747,-0.8254089895318564,-0.8785783971849069,-0.8587782018658834,-0.9084602357836032,-0.8803976374343585,-0.8386298349093002,-0.9936297097007516,-0.8741281370600079,-0.8357631243360765,-0.8430302485676301,-0.9043782394551518,-0.9012768719988326,-0.885607136375944,-0.8577295611088614,-0.9434511116109833,-0.9416474924301557,-0.820182906430023,-0.8703447592764606,-0.8784645695758027,-0.8291561975888501,-0.9621330469326993,-0.8984987479123162,-0.9050414355155237,-0.8701149349367588,-0.7746612162745725,-0.8356434646426669,-0.816394512475433,-0.9119758768739445,-0.8598255637046389,-0.772334124585985,-0.8514105942493316,-0.7917701686727027,-0.8380334122217323,-0.9448280266799879,-0.8717224328879004,-0.9242835062901426,-0.8711486669908873,-0.9050414355155239,-0.9131812525451889,-0.9431330765061736,-0.900166651237425,-0.8775534171775528,-0.821157719320716,-0.9407975340103735,-0.9376033276391462,-0.8508231308562315,-0.8866228059327146,-0.8863972021616494,-0.8928045698807775,-0.9316115070135191,-0.8760707733967616,-0.8850423718670197,-0.8833459118601275,-0.9044888059008801,-0.8683893136145792,-0.9373899935459094,-0.9626525853079085,-0.8573797291748856,-0.9277391874875179,-0.8243178998420452,-0.8858329413608415,-0.8994998610338971,-0.9423905772024675,-0.9726767191621274,-0.9033825324855467,-0.8161494961096283,-0.9173330910852392,-0.9291393867445292,-0.9048204241726642,-0.866083136886985,-0.9027181176868004,-0.8832326986700617,-0.858079250419214,-0.9423905772024677,-0.8425556361451747,-0.9531526635329726,-0.8463450832845903,-0.7380379394042017,-0.880851860416949,-0.9226592003551474,-0.8687347120957006,-0.9648315915225827,-0.9648315915225828,-0.8644651525654462,-0.9360021367496979,-0.8665448632355973,-0.8614522621712709,-0.9295697929687691,-0.8709190547921202,-0.798811617341661,-0.805791536316931,-0.8906739021662193,-0.778395786216755,-0.816394512475433,-0.9022749026765622,-0.8703447592764606,-0.9276313923105449,-0.8657366805212773,-0.9982484660644363,-0.848351342310484,-0.8515280382935139,-0.9623408959407265,-0.8014362108115656,-0.9369631796394137,-0.7958014827832379,-0.8956003573022959,-0.9022749026765624,-0.9092304438369847,-0.8758424515859004,-0.9186402995732335,-0.7599342076785331,-0.8930285549745876,-0.7801922839915811,-0.8525843066817499,-0.8659676668328905,-0.8668909966079933,-0.9924212815130478,-0.8514105942493316,-0.7954244150137711,-0.8945948803788227,-0.9249324299644812,-0.8638865666278183,-0.9156964562561111,-0.8814193099768123,-0.8035546029984523,-0.8156592425762121,-0.766224510179621,-0.9242835062901426,-0.9097801932335084,-0.8658521813797088,-0.9332202312423366,-0.8652745229116596,-0.8988325761786786,-0.9593226777263216,-0.8853812738024224,-0.9372833082905083,-0.87,-0.8120960534321049,-0.8448076704197235,-0.9450396817065408,-0.8192069335644079,-0.91230477363653,-0.9108786966440702,-0.9211405973031479,-0.9298924669014155,-0.8416056083463324,-0.9753460924205316,-0.951577637400123,-0.8770974860299168,-0.9889893831583836,-0.9381364506296512,-0.9845303448853165,-0.8847033401089883,-0.9404786015641186,-0.9615092303249094,-0.811480129146734,-0.894035793466906,-0.8657366805212772,-0.9637945839233587,-0.7749193506423749,-0.949789450352024,-0.9464142856064675,-0.8398214095865859,-0.8791473141629905,-0.9116468614545876,-0.9673158739522474,-0.801186619958172,-0.9390953093270139,-0.8833459118601275,-0.8605230967266363,-0.8895504482602433,-0.8925805285799148,-0.8578461400507669,-0.8484692098125896,-0.87,-0.8522323626805075,-0.8139410298049853,-0.9013878188659974,-0.8258934555982388,-0.9279547402756235,-0.9154780172128657,-0.8857200460642178,-0.8757282683572571,-0.850588031893231,-0.9336487562247379,-0.8391066678319271,-0.8973850901368932,-0.8783507272155013,-0.8574963556773872,-0.9485251709891521,-0.9254728521139883,-0.8980534505250787,-0.8508231308562315,-0.8904493247793499,-0.995941765365827,-0.8674675786448737,-0.7750483855863451,-0.9516827202382104,-0.9281702430050213,-0.9097801932335084,-0.9543060305792895,-0.850588031893231,-0.8569130644353604,-0.771686464828819,-0.7365459931328118,-0.9156964562561112,-0.8165169930871005,-0.8524670081592601,-0.7906326580656784,-0.9715451610707554,-0.8120960534321049,-0.8626123115281858,-0.8657366805212772,-0.878122998218359,-0.8922443611477744,-0.904267659490264,-0.8659676668328904,-0.9011659114724658,-0.8862843787408193,-0.8780091115700338,-0.9316115070135191,-0.9063663718386732,-0.9142756695876797,-0.8496469855181032,-0.8668909966079934,-0.9378166132032425,-0.9389888178247918,-0.9823950325607311,-0.9321480569094162,-0.9546203433826456,-0.9544108130150245,-0.8194510357550353,-0.8458723307923011,-0.9460972465872629,-0.7689603370785779,-0.7887331614684399,-0.954829827770373,-0.9184225606985055,-0.8695401083331349,-0.8604068804931769,-0.7502666192761077,-0.9747307320486003,-0.8806247782114697,-0.9657639463140048,-0.9238506372785592,-0.9721625378505386,-0.9224424101265075,-0.8851553535961922,-0.8961584681293817,-0.80876448982383,-0.8465813605318746,-0.9762684057163787,-0.9567131231461186,-0.8218880702382776,-0.9502105029939418,-0.9340770846134703,-0.9526279441628824,-0.9460972465872628,-0.9550392662084632,-0.9166787877986488,-0.7925276020429824,-0.7697402159170327,-0.895488693395958,-0.9152595260361948,-0.9107689059250981,-0.8756140702387097,-0.7990619500389191,-0.8967162315916893,-0.8368392916205596,-0.8905616205518851,-0.7633478892353079,-0.8719518335321051,-0.8402975663418287,-0.887862601982987,-0.8423182296495786,-0.9022749026765623,-0.9866610360199698,-0.8515280382935139,-0.8944830909525344,-0.8394641147779934,-0.8585452812752511,-0.8620324819866129,-0.9125239722878519,-0.8935882720806042,-0.9370699013414101,-0.8803976374343585,-0.9116468614545875,-0.9204890004774636,-0.8077747210701756,-0.8367197858303579,-0.7795511529078769,-0.9333273809334,-0.8988325761786786,-0.7970570870395671,-0.867928568489366,-0.8196950652529269,-0.862496376803984,-0.8820997676000149,-0.9498947310097051,-0.9451454914456293,-0.8199390221229869,-0.9047098982546837,-0.9162423260251624,-0.7642643521714199,-0.8237111144084436,-0.9380298502713014,-0.828673639015988,-0.9613012014972208,-0.9681425514871248,-0.8884255736976508,-0.8862843787408194,-0.8914594774862176,-0.8024337978923869,-0.8351646544245033,-0.8014362108115655,-0.8083934685535257,-0.9089004345911602,-0.7853024894905147,-0.9029396436085859,-0.87,-0.8886506625215558,-0.907028114227999,-0.8515280382935139,-0.8051707893360265,-0.8381527307120105,-0.8710338684574787,-0.8924684868386109,-0.9535722311393092,-0.8470537173048708,-0.9716480844420988,-0.9483142938920619,-0.9261209424259879,-0.9170059977993601,-0.9124143795447329,-0.7993122043357027,-0.8688498144098322,-0.9758585963140356,-0.8586617494683224,-0.8383913167489273,-0.9465199416811038,-0.935895293288731,-0.9922197337283712,-0.8628441342444184,-0.9131812525451889,-0.9554580053565935,-0.8532877591996735,-0.8496469855181034,-0.891010662113535,-0.8205485969764374,-0.9032718306246463,-0.850588031893231,-0.8791473141629907,-0.8670063436907484,-0.918313671900838,-0.9233092656309694,-0.886171540955813,-0.8734414691323056,-0.9305374790947435,-0.8368392916205597,-0.7729812416870153,-0.907028114227999,-0.930967238950974,-0.8189627586160436,-0.8967162315916892,-0.821157719320716,-0.9284934033152847,-0.8848163651289459,-0.8691950298983537,-0.9486305919587456,-0.9401595609256973,-0.9396275858019496,-0.9631718434422801,-0.8806247782114697,-0.8394641147779933,-0.8600581375697809,-0.9153687781435415,-0.9648315915225828,-0.8938120607823549,-0.961405221537724,-0.9409038208021051,-0.8714929718592113,-0.8956003573022959,-0.8682741502543998,-0.8598255637046389,-0.8452810183601663,-0.8636550237218561,-0.9013878188659974,-0.8736704184073076,-0.9187491496594705,-0.9648315915225828,-0.9280624978954812,-0.8011866199581719,-0.8648121183239744,-0.7860661549767933,-0.9215747392371387,-0.8996110270555825,-0.9268764750493995,-0.9191844211038392,-0.962029105588807,-0.9294622100978608,-0.8902246907382427,-0.8537564055396598,-0.9342911751697112,-0.9132907532653552,-0.975756117070244,-0.8515280382935139,-0.835404093837228,-0.8523496934944014,-0.9347192091746056,-0.8029321266458329,-0.9069178573608527,-0.8119729059519166,-0.849411561023277,-0.816394512475433,-0.8109870529176159,-0.8719518335321051,-0.8285529554590945,-0.9607809323669991,-0.9783148777362021,-0.8661985915481507,-0.9410100955887775,-0.9294622100978608,-0.8799431799837987,-0.8018104514160439,-0.8510581648747635,-0.8643494663618415,-0.9413288479590965,-0.9137286249209883,-0.9074690077352505,-0.8970507232035433,-0.891010662113535,-0.8324061508662703,-0.9418598621875762,-0.9423905772024677,-0.900166651237425,-0.834326075344646,-0.8784645695758025,-0.8891006692158093,-0.8777812939451376,-0.9339700209321496,-0.9006109037758759,-0.9410100955887775,-0.8361220006673666,-0.9134002408582997,-0.8660831368869852,-0.8538735269347564,-0.8624963768039839,-0.8507055894961547,-0.8340863264674707,-0.9424966843443006,-0.8738993077008358,-0.8726396736339691,-0.8793747778962051,-0.9154780172128657,-0.8382720322186588,-0.9069178573608526,-0.8876373133211559,-0.9274157643689264,-0.8393449827097318,-0.9507365565707464,-0.7664854858377946,-0.8013114251026252,-0.9438749917229505,-0.8991662805065591,-0.8470537173048708,-0.8211577193207162,-0.8088881257627658,-0.8552777326693358,-0.9351470472604829,-0.8696551040498758,-0.8031811750782012,-0.891010662113535,-0.8203048213926333,-0.8471717653463199,-0.8594765849050223,-0.8907861696277058,-0.9585927185202274,-0.8141867107733951,-0.8945948803788227,-0.8234682750416072,-0.9252567211320326,-0.8496469855181034,-0.9060353193998566,-0.8611039426224921,-0.8440971508067066,-0.8628441342444185,-0.8797158632194828,-0.9087904048789248,-0.8905616205518853,-0.9002777349240623,-0.8780091115700338,-0.9535722311393091,-0.9144943958275523,-0.7882258559575422,-0.9642095207992919,-0.8688498144098323,-0.7706490770772388,-0.9240670971309389,-0.9130717386930778,-0.7684399781375251,-0.8054191455385201,-0.8902246907382428,-0.8814193099768124,-0.8298795093265044,-0.9382430388763884,-0.9392017887546851,-0.9023857268374761,-0.8257723657279892,-0.9447221813845593,-0.9401595609256974,-0.9074690077352504,-0.8594765849050223,-0.8970507232035433,-0.938669270829721,-0.8376753547765388,-0.9114274518577987,-0.9427088627991147,-0.995238664843765,-0.8065358020571687,-0.9232009532057471,-0.8701149349367588,-0.8546929273136639,-0.8006872048434396,-0.883685464404615,-0.8923564310296643,-0.782112523873643,-0.9432391001225512,-0.8020598481410225,-0.8605230967266363,-0.8314445261110329,-0.8858329413608415,-0.8436231386110744,-0.9069178573608527,-0.8500000000000001,-0.8728688332160796,-0.9829038610159185,-0.9102197536858888,-0.9455686120002081,-0.8686195945291586,-0.9297849213662265,-0.7983107164506812,-0.9832090316916337,-0.8293973715897585,-0.8674675786448736,-0.875956619930462,-0.7782673062643709,-0.8143095234614416,-0.8293973715897585,-0.9762684057163789,-1.014741346353838,-0.9378166132032425,-0.8997221793420456,-0.8979420916740678,-0.8685044617041412,-0.8327664738688753,-0.9361089680160104,-0.8613361713059542,-0.8351646544245034,-0.8375559682791355,-0.8119729059519166,-0.8830062287436028,-0.9970456358662827,-0.8646964785403026,-0.7994373021069258,-0.9003888049059695,-0.9466255859631093,-0.8738993077008358,-0.8674675786448736,-0.8376753547765388,-0.8861715409558127,-0.9684523736353792,-0.842436941260294,-0.8892131353055915,-0.834445923951936,-0.8952653238007156,-0.8298795093265047,-0.9560857702110204,-0.9665919511355349,-0.9034932207825358,-0.8479976415061542,-0.9160240171523888,-0.9676259607927021,-0.8952653238007156,-0.8375559682791355,-0.9176600677810929,-0.9141662868428261,-0.899277487764483,-0.9511571899533746,-0.9437690395430441,-0.834565755348253,-0.9040464589831654,-0.899499861033897,-0.7968061244744546,-0.8788060081724521,-0.8904493247793499,-0.9399468070055881,-0.9330058949438637,-0.9709273917240155,-0.9345052166788583,-0.9575489543621255,-0.9000555538409838,-0.9773944955850734,-0.917877987534291,-0.8675828490697589,-0.8969392398596463,-0.8534049449118515,-0.9251486367065566,-0.8440971508067067,-0.8623804264940155,-0.8841379982785492,-0.9290317540321213,-0.9814784765851976,-0.9369631796394136,-0.8808518604169489,-0.8841379982785492,-0.8794884877018004,-0.9225508116087698,-0.8850423718670197,-0.8644651525654462,-0.9197282207261013,-0.9159148432032312,-0.9570266453970862,-0.8738993077008358,-0.8339664261827331,-0.8525843066817498,-0.8862843787408192,-0.8232253640407347,-0.8847033401089881,-0.820182906430023,-0.8811923740024082,-0.851528038293514,-0.8642337646724988,-0.8570297544426331,-0.9556673061269806,-0.9414350747661785,-0.817618492941543,-0.8552777326693359,-0.8941476388158726,-0.8789197915623473,-0.859709253178073,-0.8785783971849069,-0.8682741502543997,-0.9305374790947434,-0.892468486838611,-0.8992774877644831,-0.8822131261775694,-0.8897752525216691,-0.8319254774317228,-0.9094503834734471,-0.8361220006673667,-0.8672369918309527,-0.9247161726713771,-0.901720577562695,-0.9027181176868003,-0.8724104538575865,-0.8960468737739116,-0.840535543567314,-0.986255544978075,-0.9583840566286567,-0.9033825324855468,-0.928601098427091,-0.9358952932887312,-0.8798295289429651,-0.9125239722878518,-0.9196194865269005,-0.9032718306246463,-0.8792610533851707,-0.8176184929415431,-0.9068075870878012,-0.9008329478876758,-0.8701149349367588,-0.7951729371652434,-0.9113177272499422,-0.9596353474106715,-0.9627564593395361,-0.96317184344228,-0.8920201791439474,-0.8565628990331067,-0.9069178573608527,-0.8464632301523795,-0.9318261640456336,-0.9603645141299215,-0.7936623967405789,-0.7777531742140305,-0.9127431182978045,-0.8637708029332781,-0.9149316914393119,-0.9654532614269838,-0.8380334122217324,-0.8177407902263407,-0.8814193099768124,-0.9474703161577147,-0.862496376803984,-0.9398404119849285,-0.8400595217006948,-0.9702061636580135,-0.9321480569094162,-0.9202716990106781,-0.918531436587774,-0.9036038955205982,-0.8446892919884803,-0.8871865643707642,-0.9734988443752771,-0.8413679337840254,-0.8857200460642177,-0.9203803561571706,-0.8622644605919927,-0.9463086177352502,-0.9158056562393574,-0.9162423260251625,-0.8342062095189654,-0.9357884376289334,-0.9349331526906082,-0.8711486669908874,-0.8744712688247681,-0.8741281370600079,-0.837078252017098,-0.9565040512198576,-0.8087644898238301,-0.8279492738084864,-0.9593226777263216,-0.9360021367496979,-0.9323625904121208,-0.8391066678319271,-0.917877987534291,-0.9137286249209883,-0.8670063436907484,-0.8363611660042569,-0.9426027795418387,-0.9003888049059695,-0.9254728521139883,-0.8307225770376053,-0.8572630868059117,-0.8355237878121724,-0.9655568341635826,-0.9140568910084317,-0.9118662182579198,-0.9771898484941399,-0.9468368391650169,-0.9358952932887311,-0.9308598175880191,-0.7801922839915811,-0.950105257326787,-0.8748142660016468,-0.9225508116087698,-0.9112079894294167,-0.8820997676000147,-0.8992774877644831,-0.8683893136145794,-0.8655056325639944,-0.9451454914456292,-0.8851553535961922,-0.9009439494219382,-0.8866228059327146,-0.8853812738024225,-0.8760707733967615,-0.9103296106356202,-0.8435045939412541,-0.8629600222490031,-0.8798295289429651,-0.8939239341241513,-0.8749285685128816,-0.8196950652529269,-0.8471717653463198,-0.8346855695410099,-0.9236341266973628,-0.7685701009016679,-0.920814856526544,-0.8951536181013849,-0.9869650449737317,-0.9185314365877741,-0.875042856093346,-0.9389888178247919,-0.7439758060582348,-0.9062560344626678,-0.9500000000000001,-0.9194019795497507,-0.8966047066572872,-0.8871865643707642,-0.8898876333560323,-0.9186402995732333,-0.9653496775780267,-0.9103296106356202,-0.9619251530134765,-0.9487360012142473,-0.8859458222713169,-0.9233092656309694,-0.8931405264570631,-0.8155366331440912,-0.9051519209502901,-0.7906326580656784,-0.9128526715741155,-0.9275235846058041,-0.8399404740813483,-0.8451627062288065,-0.9129622117042961,-0.9217917335276988,-0.9226592003551474,-0.9092304438369845,-0.9273079315955408,-0.904599358832406,-0.8023091673413685,-0.9397340049184132,-0.9373899935459095,-0.9511571899533746,-0.8818730067305609,-0.8395832299420947,-0.8952653238007156,-0.9118662182579196,-0.8507055894961547,-0.8949301648732152,-0.9652460826131334,-0.9004998611882181,-0.9120855223058856,-0.9393082561119114,-0.8680437776978762,-0.8862843787408194,-0.7411477585475112,-0.8558621384311845,-0.8698850498772812,-0.849411561023277,-0.8681589716175259,-0.9097801932335086,-0.9429209935090002,-0.9221171292194935,-0.9370699013414101,-0.9772921773962995,-0.8948184173339304,-0.9444045743218316,-0.8383913167489272,-0.904599358832406,-0.8884255736976508,-0.9395211546314431,-0.8266196223173026,-0.898276126811795,-0.9419660291114537,-0.9284934033152847,-0.9568176419778223,-0.9360021367496979,-0.9660745312862772,-0.9080198235721508,-0.9652460826131335,-0.9115371632577577,-0.9044888059008801,-0.8550438585242279,-0.9440868604106298,-0.8492938243034621,-0.9066973034039529,-0.8082697569499925,-0.8579627031520659,-0.908129946648606,-0.8106170489201421,-0.9201630290334425,-0.8822131261775694,-0.8318052656722006,-0.9538867857350788,-0.873097932651315,-0.9766780431646858,-0.9697937925146768,-0.7400675644831355,-0.9298924669014155,-0.9187491496594705,-0.8151686941977103,-0.7964295323504774,-0.8397023282092293,-0.9551439682058407,-0.8130805618141416,-0.8687347120957007,-0.9390953093270139,-0.8867355862939076,-0.9239588735436227,-0.830120473184465,-0.8036790404135223,-0.9714422267947795,-0.9219002115196633,-0.8608716512930369,-0.7762087348130012,-0.8377947242612597,-0.9102197536858888,-0.8606392972668632,-0.9852410872471773,-0.8333666660000266,-0.8386298349093002,-0.9605727458136629,-0.8217663901620703,-0.8703447592764606,-0.9261209424259879,-0.8313242448046371,-0.820182906430023,-0.8544588931013591,-0.920814856526544,-0.9409038208021051,-0.8040522371090078,-0.9106591019695569,-0.8433860326090301,-0.9142756695876797,-0.8206704576137732,-0.8515280382935139,-0.8810788840960837,-0.960780932366999,-0.9052623929005335,-0.8088881257627658,-0.9278469701410896,-0.8551608035919327,-0.7969316156358712,-0.8835722947218299,-0.9647279409242794,-0.8271033792700886,-0.7859389289251424,-0.8967162315916893,-0.9165696918401786,-0.8950418984606252,-0.7756932383358773,-0.9139474820797966,-0.9077995373429093,-0.9822932352408827,-0.87766736295706,-0.8688498144098322,-0.8801704380402696,-0.8098765338000603,-0.8811923740024082,-0.8913472948295743,-0.8970507232035433,-0.8530533394811839,-0.9641058033224362,-0.9260129588726068,-0.9228759396581969,-0.9013878188659974,-0.862496376803984,-0.8988325761786786,-0.9001666512374251,-0.8964931678490362,-0.8847033401089881,-0.8694250974063263,-0.8221313763626833,-0.8671216754296943,-0.8217663901620703,-0.7900000000000001,-0.9280624978954812,-0.8765272385955841,-0.9026073343375846,-0.9076893741803966,-0.8949301648732151,-0.8853812738024224,-0.7925276020429826,-0.8883130078975541,-0.8921322771876378,-0.7985612061701972,-0.8721811738394725,-0.8413679337840254,-0.9686588666811449,-0.834445923951936,-0.9094503834734471,-0.8380334122217323,-0.9323625904121208,-0.9009439494219382,-0.9059249417032297,-0.9407975340103736,-0.7688302803610171,-0.8067837380611982,-0.9153687781435415,-0.9343982020530649,-0.9624448036121345,-0.860406880493177,-0.8488227141164403,-0.8544588931013591,-0.7989367934949548,-0.9398404119849285,-0.9507365565707464,-0.8905616205518853,-0.8392258337301112,-0.9192932067626738,-0.903935838431025,-0.9017205775626949,-0.8820997676000149,-0.8512931340026184,-0.8345657553482531,-0.857962703152066,-0.8284322543213779,-0.8198170527623831,-0.914713069765596,-0.8608716512930369,-0.8096295449154508,-0.8228608630868284,-0.9893937537704591,-0.906697303403953,-0.8314445261110329,-0.952732911156112,-0.7920227269466452,-0.8141867107733951,-0.9184225606985055,-0.9698969017374992,-0.7930321557162736,-0.8714929718592113,-0.8961584681293817,-0.8675828490697589,-0.8947066558375432,-0.9583840566286566,-0.8971621926942753,-0.9412226091632095,-0.8984987479123162,-0.9342911751697113,-0.787210264160726,-0.8813058492941028,-0.8386298349093002,-0.9914131328563284,-0.8820997676000147,-0.8981647955692764,-0.8407734534343958,-0.9340770846134703,-0.8806247782114697,-0.8565628990331067,-0.952732911156112,-0.9055937278934744,-0.8426743143112884,-0.8997221793420455,-0.9749358953285082,-0.9502105029939419,-0.7924014134263012,-0.9276313923105448,-0.8711486669908873,-0.8059156283383516,-0.8239538822045807,-0.8655056325639944,-0.9462029380635002,-0.9159148432032314,-0.965453261426984,-0.900499861188218,-0.9225508116087698,-0.9228759396581969,-0.9059249417032296,-0.8443340571124678,-0.8593602271457529,-0.8076509146902516,-0.8826664149042945,-0.8630758946929291,-0.9430270409696638,-0.922875939658197,-0.9073588044428731,-0.8741281370600079,-0.9332202312423363,-0.8943712875534411,-0.8697700845625815,-0.7979348344319855,-0.8874119674649424,-0.9548298277703728,-0.9184225606985056,-0.93888231424391,-0.857846140050767,-0.908129946648606,-0.9451454914456293,-0.8340863264674707,-0.8937001734362594,-0.7996874389409904,-0.9557719393244395,-0.9127431182978045,-0.9091204540653565,-0.9180958555619343,-0.8925805285799148,-0.8870738413458037,-0.8273451516749223,-0.9440868604106298,-0.9315041599477697,-0.9478923989567593,-0.9358952932887311,-0.968039255402383,-0.8877499647986477,-0.8843641783790205,-0.8710338684574784,-0.8326463835266444,-0.8893255871726619,-0.8233468284993876,-0.9292470069900683,-0.8377947242612596,-0.8801704380402695,-0.8734414691323055,-0.8945948803788227,-0.9311820445004295,-0.8433860326090301,-0.9207062506576134,-0.95420123663722,-0.9248243076390239,-0.9007219326740078,-0.7749193506423748,-0.753724087448451,-0.9124143795447329,-0.8805112151472008,-0.8368392916205597,-0.8719518335321051,-0.8198170527623831,-0.9183136719008381,-0.9493682109698007,-0.9452512893405647,-0.8462269199216013,-0.8279492738084866,-0.9187491496594704,-0.9304300081145277,-0.8832326986700617,-0.9840223574695851,-0.7600657866263947,-0.9227675763701281,-0.8363611660042568,-0.912633551870629,-0.8950418984606253,-0.7912648102879338,-0.8207923001588161,-0.7640026177965623,-0.9335416434203672,-0.8816461875378355,-0.8518802732778826,-0.904599358832406,-0.8889881888979178,-0.9277391874875179,-0.8664294547163087,-0.8205485969764376,-0.8811923740024082,-0.8880878334939624,-0.8781229982183588,-0.9283856957105704,-0.899499861033897,-0.8565628990331067,-0.8694250974063262,-0.8525843066817499,-0.8449260322655469,-0.834445923951936,-0.9076893741803965,-0.8519976525789259,-0.8332466621595314,-0.8687347120957006,-0.8150460109711599,-0.9361089680160103,-0.9492628719169417,-0.926444817568753,-0.9505261700763425,-0.7922752047110903,-0.9961425600786266,-0.8212794895770867,-0.7963039620647382,-0.8618004409374597,-0.7812169993030106,-0.8728688332160796,-0.8465813605318747,-0.7725930364687479,-0.85492689745966,-0.7791662210337407,-0.8203048213926333,-0.9602603813549739,-0.8915716460273958,-0.9357884376289334,-0.8635392289873112,-0.9502105029939419,-0.9028288874421332,-0.8840248865275232,-0.8837986195961159,-0.8015609770940698,-0.8767553820764376,-0.7950471684120383,-0.828190799272728,-0.9393082561119113,-0.9369631796394136,-0.8462269199216013,-0.912962211704296,-0.9376033276391461,-0.9317188417113824,-0.9909086738948246,-0.9354677974147481,-0.8720665112249181,-0.9463086177352504,-0.8406545069170805,-0.9138380600522173,-0.8878626019829869,-0.9293546147730692,-0.8083934685535257,-0.8934763567101259,-0.8525843066817498,-0.8583122974768567,-0.8216446920658589,-0.9902019995940222,-0.868158971617526,-0.9339700209321496,-0.8090117428072351,-0.8181075723888638,-0.965453261426984,-0.8862843787408193,-0.8842510955605314,-0.8915716460273958,-0.9549345527312331,-0.8543418519538885,-0.8532877591996735,-0.8588946384743592,-0.9608850087289322,-0.8358827668997609,-0.8154140052758475,-0.9234175653516669,-0.9019423484901904,-0.9373899935459094,-0.9384561790515313,-0.8478797084492589,-0.8509406559801923,-0.9451454914456292,-0.8847033401089881,-0.8799431799837987,-0.9782126558167197,-0.8461087400565013,-0.8633075929238663,-0.90515192095029,-0.8149233092751734,-0.9698969017374991,-0.7870832230456954,-0.8228608630868283,-0.9549345527312331,-0.9283856957105706,-0.8548099203916623,-0.909450383473447,-0.9031611151948472,-0.872066511224918,-0.8786922100485471,-0.8576129663198896,-0.8759566199304621,-0.90160967164289,-0.861452262171271,-0.7999374975584029,-0.7693503753167343,-0.9468368391650169,-0.9343982020530649,-0.912633551870629,-0.9793365100924196,-0.9060353193998565,-0.9786214794290998,-0.8112336284942827,-0.7677890335241837,-0.9119758768739445,-0.9657639463140049,-0.8214012417813842,-0.8226177727231525,-0.9488413987595609,-0.8223746105030239,-0.8576129663198895,-0.7783957862167549,-0.8947066558375432,-0.8465813605318747,-0.8553946457629951,-0.9076893741803965,-0.9165696918401786,-0.8258934555982388,-0.8635392289873113,-0.9432391001225512,-0.9006109037758759,-0.8435045939412541,-0.8696551040498757,-0.9190756225686764,-0.8427929757656979,-0.8843641783790205,-0.8508231308562315,-0.9201630290334425,-0.9093404203047394,-0.9137286249209884,-0.8530533394811839,-0.9653496775780267,-0.8919080670113932,-0.9600520819205592,-0.8646964785403025,-0.9534673565466203,-0.9242835062901426,-0.8187185108448447,-0.8897752525216691,-0.9679359482941008,-0.8573797291748854,-0.8903370148432558,-0.8962700485902673,-0.9279547402756235,-0.9407975340103736,-0.8911228871485684,-0.8628441342444185,-0.9513674369033239,-0.8400595217006948,-0.945568612000208,-0.945568612000208,-0.9098901032542336,-0.8789197915623473,-0.9269843580125826,-0.8758424515859004,-0.9743202758846805,-0.9212491519670453,-0.7632168761236874,-0.8664294547163086,-0.8337265738837885,-0.9018314698434514,-0.8945948803788226,-0.9427088627991147,-1.0202450685987166,-0.8407734534343958,-0.951577637400123,-0.8420807562223471,-0.8312039460926542,-0.8001874780324921,-0.8437416666255141,-0.9441927769264071,-0.8223746105030239,-0.9281702430050212,-0.8814193099768123,-0.8627282306729044,-0.9321480569094162,-0.8826664149042944,-0.8463450832845902,-0.9188579868510695,-0.87,-0.9311820445004295,-0.8494115610232769,-0.8717224328879004,-0.9738069623903908,-0.9149316914393117,-0.9536770941990795,-0.8595929269136642,-0.9214662229295222,-0.8783507272155013,-0.8343260753446461,-0.8940357934669059,-0.9926227883743148,-0.8462269199216013,-0.8006872048434396,-0.9445104552094699,-0.8138181615078396,-0.837078252017098,-0.802807573457052,-0.9521029356114811,-0.8461087400565013,-0.910768905925098,-0.8676981041814025,-0.928601098427091,-0.9097801932335084,-0.7805767098754613,-0.9224424101265076,-0.887637313321156,-0.8682741502543998,-0.8788060081724521,-0.9721625378505387,-0.9337558567420072,-0.9040464589831654,-0.9703092290605094,-0.849764673306675,-0.9138380600522173,-0.8902246907382428,-0.8238325072488947,-0.8722958213817147,-0.9155872432488342,-0.9562949335848224,-0.9474703161577148,-0.8466994744299775,-0.8786922100485471,-0.8535221145348255,-0.8862843787408193,-0.9014987520790032,-0.8411301920630361,-0.9164605828948673,-0.8815327560561773,-0.8043009387039157,-0.9110982383914482,-0.8543418519538886,-0.9396275858019495,-0.859127464349732,-0.8220097323024832,-0.8514105942493316,-0.845399313933954,-0.953362470417207,-0.9366429415737889,-0.904267659490264,-0.9712363255150624,-0.9149316914393119,-0.7711679453919231,-0.8776673629570603,-0.8871865643707642,-0.8954886933959579,-0.8361220006673666,-0.938562730988185,-0.7925276020429826,-0.8410112960002379,-0.9315041599477696,-0.7605918747922569,-0.8146778504415104,-0.9731906288081488,-0.9320407716403828,-0.9167878707749137,-0.8622644605919927,-0.8835722947218299,-0.7231182475916369,-0.8720665112249181,-0.8619164692706596,-0.9278469701410896,-0.8389874850079707,-0.8093824806604106,-0.911756546453054,-0.9243916918709297,-0.8979420916740678,-0.9479978902930112,-0.9077995373429092,-0.8501176389182853,-0.9799489782636646,-0.886171540955813,-0.8653900854527974,-0.9521029356114812,-0.8143095234614416,-0.9165696918401786,-0.9812746812182612,-0.9144943958275523,-0.8210359310042407,-0.9208148565265442,-0.8297590011563599,-0.9023857268374761,-0.926444817568753,-0.9158056562393574,-0.7874642849044013,-0.957653381970742,-0.8287943049997387,-0.920814856526544,-0.8921322771876378,-0.8858329413608415,-0.9471536306217698,-0.8637708029332782,-0.9331130692472376,-0.9419660291114538,-0.9010549372818508,-0.9135097153287424,-0.9223339959038699,-0.9017205775626949,-0.9906058752097123,-0.808146026408594,-0.9082400563727632,-0.9472592042308167,-0.8981647955692764,-0.9202716990106781,-0.8822131261775694,-0.8407734534343957,-0.787845162452623,-0.9416474924301556,-0.8503528679318957,-0.9194019795497506,-0.862612311528186,-0.8888756943465155,-0.8309632964216891,-0.9581753492967766,-0.8595929269136642,-0.9482088377567466,-0.8850423718670197,-0.9449338601193207,-0.9151502608861563,-0.9091204540653566,-0.9317188417113824,-0.9220086767487603,-0.9068075870878012,-0.9076893741803965,-0.9129622117042961,-0.8883130078975542,-0.8853812738024225,-0.923200953205747,-0.8668909966079934,-0.8465813605318747,-0.8689649014776145,-0.8184741901856162,-0.8673522929006414,-0.9323625904121207,-0.7975587752636166,-0.8400595217006948,-0.8806247782114696,-0.8926925562588723,-0.759670981412348,-0.9239588735436226,-0.9371766108903913,-0.8791473141629906,-0.922767576370128,-0.8706893820416096,-0.9202716990106781,-0.855043858524228,-0.8478797084492588,-0.8728688332160796,-0.9274157643689264,-0.950946896519464,-0.9220086767487604,-0.8991662805065591,-0.8446892919884802,-0.9347192091746056,-0.9674192472759677,-0.7942921376924236,-0.881873006730561,-0.9283856957105706,-0.8412490713219243,-0.8421995013059556,-0.90160967164289,-0.8090117428072353,-0.9022749026765623,-0.8438601779915913,-0.9386692708297211,-0.8770974860299168,-0.8469356528095864,-0.9283856957105705,-0.8884255736976508,-0.7941662294507366,-0.9646242791885346,-0.8407734534343958,-0.8676981041814026,-0.9293546147730692,-0.931289428695505,-0.944828026679988,-0.8628441342444185,-0.8597092531780731,-0.8439786727163192,-0.830120473184465,-0.9392017887546851,-0.9123047736365298,-0.8464632301523795,-0.8349251463454673,-0.9173330910852393,-0.7874642849044012,-0.9548298277703728,-0.9465199416811036,-0.782368199762746,-0.8013114251026252,-0.8457541013793548,-0.8397023282092293,-0.8548099203916623,-0.9380298502713013,-0.8407734534343957,-0.7833900688673555,-0.8321658488546619,-0.9572356031824141,-0.8966047066572872,-0.917442096265481,-0.8503528679318957,-0.7837729262994481,-0.8314445261110329,-0.830120473184465,-0.939946807005588,-0.7562407024221851,-0.8412490713219243,-0.8834591105421915,-0.8974965180990955,-0.9215747392371386,-0.8670063436907482,-0.8947066558375432,-0.9135097153287425,-0.9002777349240622,-0.8600581375697809,-0.92233399590387,-0.9273079315955406,-0.8694250974063263,-0.8667756341753038,-0.8811923740024081,-0.8621484790916237,-0.8340863264674707,-0.79,-0.9583840566286567,-0.9077995373429093,-0.8765272385955841,-0.8852683209061534,-0.9716480844420988,-0.9561903576171431,-0.9044888059008801,-0.8183520025025907,-0.8457541013793548,-0.8719518335321051,-0.9717509969122748,-0.9105492847726586,-0.9041570660012561,-0.8051707893360266,-0.8644651525654461,-0.8332466621595312,-0.9190756225686763,-0.8926925562588723,-0.8620324819866129,-0.7783957862167549,-0.9038252043398657,-0.9257969539807313,-0.9445104552094699,-0.8752713864853574,-0.8501176389182853,-0.9598437372822725,-0.9717509969122748,-0.8498823447983845,-0.9118662182579196,-0.778395786216755,-0.9121951545584969,-0.8957120072880569,-0.9384561790515314,-0.9057041459549581,-0.8096295449154509,-0.9651424765287248,-0.8226177727231524,-0.9092304438369847,-0.8637708029332781,-0.8234682750416072,-0.8263776376451628,-0.8852683209061534,-0.8572630868059117,-0.819817052762383,-0.9354677974147481,-0.9252567211320327,-1.0101980003939823,-0.899277487764483,-0.973909646733207,-0.7636098480245,-0.9191844211038392,-0.9698969017374991,-0.9372833082905083,-0.830120473184465,-0.8880878334939625,-0.9085703054799887,-0.7744029958619735,-0.9346122190513025,-0.8997221793420456,-0.7706490770772388,-0.8717224328879004,-0.9326842981416595,-0.8785783971849069,-0.910659101969557,-0.9225508116087698,-0.9471536306217698,-0.9083501527494782,-0.9308598175880191,-0.9387757985802574,-0.8406545069170808,-0.8931405264570631,-0.8362415918859812,-0.9662815324738439,-0.9328987083279727,-0.8913472948295743,-0.8000624975587844,-0.9031611151948472,-0.8978307190111062,-0.7888599368709251,-0.7814729681825213,-0.8773254812211942,-0.8989438247187641,-0.8315647900193948,-0.9008329478876758,-0.9220086767487603,-0.9460972465872628,-0.9008329478876758,-0.9284934033152848,-0.8401785524517988,-0.8820997676000146,-0.9884836872705589,-0.7911384202527394,-0.9131812525451889,-0.8740137298692738,-0.9277391874875179,-0.9089004345911602,-0.8746999485537884,-0.9445104552094699,-0.8452810183601664,-0.9748333190858834,-0.9210320298447824,-0.7996874389409903,-0.9558765610684259,-0.8916838004584361,-0.9355746896961248,-0.9170059977993602,-0.8950418984606252,-0.9327915093953203,-0.7845380806563823,-0.812219182240853,-0.8897752525216691,-0.895488693395958,-0.9960421677820673,-0.9118662182579197,-0.8457541013793548,-0.8566796367370944,-0.8393449827097318,-0.9032718306246464,-0.861103942622492,-0.8825531145489205,-0.8713782186857782,-0.8738993077008358,-0.8708042259888271,-0.8633075929238663,-0.8304817878797826,-0.9426027795418387,-0.8604068804931769,-0.8233468284993876,-0.9192932067626737,-0.8798295289429653,-0.8835722947218299,-0.9260129588726068,-0.9217917335276987,-0.8712634503983282,-0.9680392554023829,-0.8973850901368933,-0.9087904048789247,-0.9161331780914825,-0.8816461875378353,-0.8774394566008529,-0.8671216754296943,-0.8598255637046389,-0.9608850087289321,-0.8385105843100611,-0.8458723307923012,-0.8932524839036273,-0.903935838431025,-0.8475258108164023,-0.8086408349817613,-0.8615683373940805,-0.9262289133902051,-0.9103296106356203,-0.8525843066817498,-0.8507055894961547,-0.8716077099245968,-0.9217917335276987,-0.8573797291748856,-0.7985612061701972,-0.8234682750416071,-0.8536392680752216,-0.9249324299644813,-0.942814934120159,-0.9093404203047393,-0.9651424765287248,-0.8843641783790206,-0.9879777325425914,-0.9188579868510695,-0.8124653838779841,-0.8805112151472008,-0.85901105930017,-0.9247161726713772,-0.9862555449780752,-0.883911760301898,-0.9766780431646859,-0.9560857702110204,-0.8854942122905153,-0.8519976525789258,-0.9249324299644813,-0.9355746896961247,-0.8525843066817499,-0.8776673629570603,-0.8284322543213778,-0.8584287972802405,-0.9097801932335086,-0.904599358832406,-0.8076509146902515,-0.8854942122905152,-0.8450443775329198,-0.8196950652529269,-0.8490583018850942,-0.9033825324855469,-0.9432391001225512,-0.912633551870629,-0.8959352655186646,-0.8355237878121724,-0.8805112151472008,-0.973909646733207,-0.9397340049184131,-0.9011659114724658,-0.9732933781753578,-0.9139474820797966,-0.8970507232035433,-0.8161494961096283,-0.9041570660012563,-0.9281702430050213,-0.9422844581123049,-0.8616843969807043,-0.8743569065318808,-0.8884255736976507,-0.8714929718592113,-0.7622991538759571,-0.7912648102879338,-0.8698850498772812,-0.8277076778670113,-0.8238325072488946,-0.8112336284942828,-0.869079973305104,-0.8668909966079934,-0.9336487562247379,-0.9686588666811448,-0.9216832427683602,-0.8875246475450697,-0.8749285685128816,-0.9390953093270139,-0.8637708029332781,-0.8491760712596652,-0.8741281370600079,-0.885607136375944,-0.8703447592764605,-0.8532877591996735,-0.8716077099245968,-0.95524865872714,-0.841843215806839,-0.9016096716428901,-0.9383496150156402,-0.891010662113535,-0.9179869280115049,-0.9052623929005336,-0.9597395480024775,-0.799937497558403,-0.8757282683572571,-0.9967447015158897,-0.8257723657279892,-0.7887331614684397,-0.9243916918709297,-0.9468368391650169,-0.8569130644353603,-0.8650433515148244,-0.8612200647918045,-0.8536392680752216,-0.8203048213926333,-0.9403722667114338,-0.8464632301523793,-0.8309632964216891,-0.9751410154434075,-0.8680437776978763,-0.8420807562223471,-0.8567963585356791,-0.9289241088485108,-0.8553946457629953,-0.966798841538404,-0.8136952746575342,-0.8162720134857008,-0.8235897036753193,-0.9316115070135191,-0.8234682750416072,-0.828190799272728,-0.9337558567420072,-0.8106170489201421,-0.9209234495874237,-0.8170067319184097,-0.9591141746424146,-0.9522079604792223,-0.8408923831264022,-0.8665448632355972,-0.948841398759561,-0.8643494663618415,-0.8796021828076599,-0.9757561170702441,-0.9446163242290492,-0.9427088627991147,-0.9353608929178087,-0.9191844211038391,-0.8969392398596462,-0.9434511116109833,-0.8644651525654461,-0.7521303078589509,-0.8375559682791355,-0.87,-0.9407975340103736,-0.8044252606675153,-0.8271033792700887,-0.8841379982785492,-0.9036038955205982,-0.8766413177577247,-0.8764131445842196,-0.9416474924301557,-0.9568176419778223,-0.771686464828819,-0.8937001734362594,-0.922767576370128,-0.9453570753953239,-0.8516454661418682,-0.9463086177352503,-0.8802840450672725,-0.8744712688247683,-0.9174420962654809,-0.9200543462209176,-0.9355746896961248,-0.9604686356149273,-0.7562407024221851,-0.9487360012142472,-0.899388681271896,-0.9467312184564318,-0.9876740352970711,-0.8921322771876378,-0.9013878188659973,-0.8991662805065591,-0.9161331780914825,-0.8658521813797088,-0.7813449942247022,-0.8553946457629953,-0.8060397012554655,-0.8959352655186645,-0.7989367934949548,-0.9173330910852394,-0.9128526715741155,-0.917442096265481,-0.8851553535961921,-0.988382517044894,-0.9516827202382104,-0.8862843787408193,-0.8659676668328905,-0.8312039460926542,-0.8631917515824626,-0.785175139698144,-0.9164605828948673,-0.9557719393244394,-0.8458723307923011,-0.8896628574915332,-0.8260145277172793,-0.7679192665899196,-0.9568176419778223,-0.8432674546073743,-0.8437416666255141,-0.9298924669014155,-0.8433860326090301,-0.9731906288081488,-0.9657639463140049,-0.8911228871485684,-0.9588013350011565,-0.9361089680160104,-0.9267685795278129,-0.9602603813549739,-0.8935882720806043,-0.8446892919884802,-0.857846140050767,-0.8474078120952155,-0.9487360012142472,-0.9296773633901172,-0.9200543462209175,-0.8705745229444749,-0.8896628574915332,-0.8902246907382428,-0.9613012014972208,-0.8450443775329199,-0.8931405264570633,-0.8129575634681063,-0.982598595561789,-0.9187491496594705,-0.9171150418568,-0.9279547402756235,-0.9230926280715279,-0.931611507013519,-0.9706183596038147,-0.9663850164401351,-0.9115371632577577,-0.8749285685128815,-0.848351342310484,-0.937923237797209,-0.9221171292194934,-0.9260129588726067,-0.8772114910328067,-0.9368564457802487,-0.8524670081592601,-0.9651424765287246,-0.8129575634681063,-0.9603645141299214,-0.9412226091632097,-0.9071383576941282,-0.8992774877644831,-0.9306449376641986,-0.8588946384743591,-0.8601744009211155,-0.9058145505565696,-0.9048204241726642,-0.9614052215377239,-0.9550392662084632,-0.8159044061653302,-0.9162423260251623,-0.8487048957087499,-0.9361089680160104,-0.8046738469715542,-0.9539916142189092,-0.8959352655186645,-0.8572630868059117,-0.9885848471426213,-0.9161331780914825,-0.8459905436823748,-1.0042410069301093,-0.891683800458436,-0.8112336284942828,-0.8816461875378355,-0.8558621384311844,-0.9438749917229506,-0.8849293757131131,-0.9249324299644812,-0.7858116822750856,-0.9089004345911603,-0.9684523736353792,-0.7696102909914861,-0.8382720322186588,-0.950420959364849,-0.7733692520394123,-0.8440971508067067,-0.8411301920630362,-0.8879752248796134,-0.8312039460926541,-0.8696551040498758,-0.8683893136145792,-0.800812087820857,-0.8342062095189654,-0.9306449376641986,-0.8261355820929154,-0.8310836299675262,-0.8583122974768567,-0.8676981041814026,-0.8701149349367588,-0.8943712875534411,-0.8883130078975542,-0.9921189444819608,-0.8810788840960837,-0.8745856161634492,-0.914166286842826,-0.8375559682791354,-0.8844772467395642,-0.9848350115628507,-0.8952653238007156,-0.914931691439312,-0.891010662113535,-0.9383496150156401,-0.8782368700982668,-0.9347192091746056,-0.8238325072488947,-0.9209234495874238,-0.9239588735436227,-0.8549268974596601,-0.8237111144084437,-0.9222255689363639,-0.8064118054691413,-0.8075270893288967,-0.887862601982987,-0.8678133439859058,-0.7991870869827664,-0.8343260753446461,-0.8728688332160796,-0.9230926280715279,-0.7351870510285121,-0.8267405880927826,-0.8398214095865859,-0.8963816151617569,-0.8374365647617735,-0.834805366537614,-0.8474078120952155,-0.8981647955692764,-0.9613012014972206,-0.8760707733967615,-0.9465199416811036,-0.8358827668997609,-0.9511571899533747,-0.8098765338000601,-0.8576129663198896,-0.8444524853418337,-0.8330066026148892,-0.8762990357178309,-0.9229842902238369,-0.9288164511893617,-0.8181075723888638,-0.8682741502543998,-0.8452810183601664,-0.8466994744299775,-0.8922443611477744,-0.8014362108115654,-0.8802840450672726,-0.869310071263413,-0.887299273075325,-0.8595929269136642,-0.9299999999999999,-0.7930321557162736,-0.8963816151617569,-0.783772926299448,-0.8672369918309527,-0.8395832299420946,-0.9018314698434515,-0.8970507232035433,-0.7878451624526231,-0.9226592003551473,-0.938562730988185,-0.9279547402756235,-0.9185314365877741,-0.8609878047916824,-0.8594765849050223,-0.9009439494219382,-0.8993886812718959,-0.8255301327026168,-0.8836854644046149,-0.9674192472759677,-0.939521154631443,-0.879715863219483,-0.8028075734570521,-0.867928568489366,-0.8283115355951527,-0.8312039460926541,-0.871837140755084,-0.8892131353055915,-0.8609878047916822,-0.8495292814258965,-0.9297849213662265,-0.892468486838611,-0.8868483523128405,-0.77272245987806,-0.8482334584299303,-0.8760707733967616,-1.0103959619871805,-0.9047098982546836,-0.8888756943465156,-0.8036790404135223,-0.8338465086573187,-0.881873006730561,-0.8759566199304621,-0.9384561790515314,-0.9325770745627409,-0.907909687138539,-0.8307225770376053,-0.8879752248796136,-0.8750428560933459,-0.8541077215433661,-0.9270922284217467,-0.8468175718535841,-0.8231038816577164,-0.857846140050767,-0.8272242743053423,-0.9690717207719973,-0.8656211642514293,-0.9434511116109834,-0.8088881257627658,-0.9728823155962905,-0.8738993077008358,-0.9435570994910696,-0.8601744009211157,-0.8858329413608415,-0.8224962005991274,-0.7986864215698174,-0.926768579527813,-0.9114274518577987,-0.9013878188659974,-0.8904493247793498,-0.9198369420718001,-0.8653900854527974,-0.8416056083463324,-0.8332466621595314,-0.8448076704197234,-0.8860586888011427,-0.7742738533619743,-0.9262289133902051,-0.917877987534291,-0.8066597795849252,-0.9807650075323854,-0.7690903718029501,-0.7760798927945498,-0.9562949335848225,-0.8801704380402696,-0.9514725429564429,-0.9240670971309389,-0.8375559682791354,-0.9415412895885129,-0.8646964785403026,-0.9630680142129112,-0.9322553298319083,-0.8916838004584361,-0.8885381252371786,-0.8753856293085922,-0.8509406559801924,-0.887862601982987,-0.8518802732778826,-0.9803570778037969,-0.9691749068150703,-0.9431330765061736,-0.8982761268117949,-0.8387490685538792,-0.8352843827104636,-0.8944830909525345,-0.7974333827975851,-0.8569130644353604,-0.8442156122697566,-0.8978307190111062,-0.8720665112249181,-0.9303225247192504,-0.8083934685535257,-0.896827742657418,-0.8336066218546972,-0.9147130697655959,-0.938669270829721,-0.8307225770376053,-0.8368392916205596,-0.9009439494219382,-0.8362415918859814,-0.8679285684893661,-0.9678326301587481,-0.8018104514160438,-0.9195107394696378,-0.8552777326693359,-0.8933644273195571,-0.8984987479123162,-0.8371977066380438,-0.798185442112295,-0.9340770846134703,-0.8758424515859004,-0.9354677974147481,-0.8877499647986475,-0.8326463835266444,-0.9365361712181757,-0.9521029356114812,-0.9205976319760985,-0.808146026408594,-0.8678133439859057,-0.8345657553482531,-0.8768694315575153,-0.7991870869827665,-0.9456743625582752,-0.8572630868059117,-0.8916838004584361,-0.9235258523723092,-0.8148005891014072,-0.8466994744299775,-0.8587782018658834,-0.8769834662067467,-0.8576129663198896,-0.9150409826887536,-0.7905061669588669,-0.8810788840960836,-0.775306391048081,-0.8687347120957007,-0.8566796367370944,-0.9379232377972092,-0.9242835062901426,-0.9947361459201128,-0.9185314365877741,-0.8389874850079708,-0.933648756224738,-0.9130717386930778,-0.8945948803788226,-0.9594269122762817,-0.9027181176868004,-0.8508231308562315,-0.8874119674649426,-0.8917959407846618,-0.8116033513977132,-0.9865596788841514,-0.783007024234138,-0.8519976525789258,-0.9501052573267869,-0.8922443611477743,-0.917986928011505,-0.7936623967405789,-0.8324061508662705,-0.8926925562588722,-0.9363225939813691,-0.9534673565466204,-0.8928045698807775,-0.9696906723280367,-0.8570297544426332,-0.9040464589831654,-0.9221171292194934,-0.9086803618434813,-0.7570336848516056,-0.8523496934944014,-0.9470480452437459,-0.9316115070135191,-0.8387490685538792,-0.8101234473831751,-0.7728518616138541,-0.8497646733066749,-1.024060545085104,-0.8901123524589467,-0.950420959364849,-0.9212491519670452,-0.914713069765596,-0.8156592425762121,-0.9176600677810929,-0.7925276020429826,-0.8766413177577247,-0.8394641147779934,-0.8944830909525344,-0.9201630290334426,-0.8960468737739115,-0.8036790404135223,-0.9251486367065566,-0.9524179754708538,-0.8786922100485471,-0.8427929757656978,-0.8275868534480233,-0.8266196223173028,-0.9411163583744574,-0.9148223871331528,-0.9670056876771719,-0.8979420916740679,-0.8797158632194829,-0.93706990134141,-0.8391066678319271,-0.9875727821279807,-0.9767804256842988,-0.8689649014776144,-0.904930936591296,-0.8574963556773871,-0.973909646733207,-0.9725739046468397,-0.884929375713113,-0.803554602998452,-0.7932843122109501,-0.8620324819866129,-0.8321658488546619,-0.8563293758829017,-0.89,-0.8453993139339541,-0.9244998647917694,-0.9263368717696603,-0.9403722667114338,-0.8331266410336428,-0.9034932207825358,-0.8488227141164402,-0.8369587803470372,-0.830120473184465,-0.8837986195961158,-0.8950418984606252,-0.8489405161729531,-0.938669270829721,-0.9260129588726067,-0.8217663901620703,-0.922875939658197,-0.9017205775626949,-0.8327664738688753,-0.8544588931013593,-0.8198170527623831,-0.9643132271207318,-0.875728268357257,-0.8711486669908874,-0.9309672389509741,-0.8572630868059117,-0.8321658488546619,-0.8518802732778826,-0.9874715185766119,-0.8523496934944014,-0.8960468737739116,-0.9293546147730692,-0.9043782394551519,-0.8578461400507669,-0.8083934685535257,-0.9120855223058856,-0.8469356528095864,-0.9324698386543127,-0.8613361713059541,-0.9103296106356202,-0.9792343948207702,-0.9693812459502195,-0.9029396436085858,-0.9073588044428732,-0.9594269122762817,-0.8951536181013848,-0.8724104538575864,-0.9240670971309388,-0.9410100955887774,-0.8045495634204273,-0.9551439682058407,-0.8395832299420946,-0.8992774877644831,-0.93,-0.7937883848986453,-0.8718371407550839,-0.7906326580656784,-0.8496469855181034,-0.841011296000238,-0.8468175718535841,-0.8243178998420452,-0.7638717169787084,-0.8371977066380438,-0.8655056325639944,-0.8325262758616091,-0.8398214095865859,-0.8982761268117949,-0.9097801932335084,-0.8505880318932308,-0.956922149393565,-0.9234175653516669,-0.8330066026148892,-0.8244392033376384,-0.9775990998359195,-0.881873006730561,-0.8791473141629905,-0.8913472948295743,-0.9177690341256889,-0.8102468759581861,-0.9569221493935648,-0.8107404023483719,-0.937709976485267,-0.8674675786448736,-0.9409038208021051,-0.8059156283383515,-0.7658328799418317,-0.8331266410336426,-0.7840280607223188,-1.0016486409914407,-0.8621484790916237,-0.8133265027035574,-0.8935882720806042,-0.898276126811795,-0.9127431182978046,-0.8463450832845902,-0.9544108130150245,-0.7758221445666527,-0.8461087400565013,-0.8502352615599991,-0.9305374790947434,-0.8775534171775528,-0.8648121183239745,-0.9508417323613851,-0.8524670081592601,-0.8485870609430715,-0.9266606714434362,-0.7502666192761077,-0.7728518616138541,-0.8974965180990956,-0.8261355820929153,-0.883911760301898,-0.9064766957842877,-0.8913472948295743,-0.7485318964479736,-0.8827797007181349,-0.8161494961096282,-0.9097801932335086,-0.820182906430023,-0.8728688332160796,-0.8743569065318807,-0.8621484790916238,-0.9301075206662935,-0.9061456836513652,-0.8565628990331067,-0.9184225606985056,-0.8928045698807774,-0.8315647900193947,-0.812465383877984,-0.8337265738837883,-0.9291393867445293,-0.8458723307923011,-0.9692780818733084,-0.9161331780914825,-0.8560957890329797,-0.8900000000000001,-0.8224962005991275,-0.9039358384310249,-1.000949549178179,-0.8483513423104841,-0.8407734534343957,-0.8661985915481507,-0.8916838004584361,-0.9094503834734471,-0.9417536832951596,-0.8470537173048708,-0.9417536832951597,-0.8407734534343957,-0.9719567891629751,-0.9355746896961248,-0.9363225939813692,-0.8849293757131131,-0.8784645695758027,-0.9110982383914482,-0.8897752525216691,-0.9629641737884126,-0.9213576938409969,-0.8730979326513149,-0.8915716460273958,-0.8438601779915913,-0.9236341266973628,-0.9278469701410896,-0.8875246475450697,-0.8967162315916891,-0.9072485877641254,-0.9780081799248921,-0.9540964311850244,-0.9807650075323855,-0.9102197536858888,-0.8977193325310534,-0.8738993077008358,-0.9398404119849284,-0.9317188417113824,-0.8320456718233681,-0.887637313321156,-0.9323625904121207,-0.9020532135079393,-0.8226177727231524,-0.9713392816107048,-0.9336487562247379,-0.8398214095865859,-0.8015609770940698,-0.9213576938409969,-0.8034301463101817,-0.7687002016391046,-0.8337265738837883,-0.9670056876771719,-0.8497646733066749,-0.9112079894294168,-0.8194510357550352,-0.9182047701901793,-0.9023857268374762,-0.9262289133902051,-0.9148223871331528,-0.9026073343375846,-0.8952653238007156,-0.9127431182978045,-0.8562125904236635,-0.8914594774862176,-0.958070978581441,-0.8648121183239746,-0.8350449089719666,-0.9413288479590965,-0.9476813810558905,-0.8901123524589466,-0.8144323176298938,-0.8570297544426331,-0.9774968030638258,-0.8808518604169489,-0.9665919511355348,-0.885607136375944,-0.8464632301523795,-0.8322860085331244,-0.8754998572244316,-0.8534049449118514,-0.8507055894961547,-0.8116033513977133,-0.9092304438369847,-0.8618004409374597,-0.9081299466486059,-0.8249242389456137,-0.8337265738837883,-0.895153618101385,-0.8823264701911645,-0.912962211704296,-0.8461087400565013,-0.7976841480185,-0.8087644898238301,-0.9575489543621256,-0.9378166132032425,-0.9839207285142437,-0.8644651525654461,-0.9173330910852394,-0.922875939658197,-0.961405221537724,-0.8510581648747634,-0.8643494663618415,-0.8604068804931769,-0.9155872432488343,-0.8832326986700617,-0.894035793466906,-0.9664884893261793,-0.8062877898120497,-0.9147130697655961,-0.908350152749478,-0.939946807005588,-0.9284934033152848,-0.8832326986700616,-0.8791473141629905,-0.8937001734362594,-0.8820997676000149,-0.9204890004774636,-0.887186564370764,-0.9284934033152847,-0.9031611151948472,-0.8602906485601247,-0.8868483523128404,-0.8766413177577247,-0.9446163242290491,-0.887637313321156,-0.9174420962654809,-0.9875727821279807,-0.7912648102879338,-0.818840643837371,-0.8570297544426332,-0.8446892919884802,-0.8297590011563598,-0.7954244150137711,-0.8701149349367588,-0.8553946457629953,-0.8675828490697589,-0.8302409288875128,-0.8920201791439475,-0.8685044617041412,-0.9464142856064675,-0.912414379544733,-0.995339138183564,-0.935147047260483,-0.9186402995732335,-0.8843641783790205,-0.9901010049484851,-0.8245604889879213,-0.8694250974063263,-0.873097932651315,-0.8177407902263407,-0.8189627586160435,-0.8960468737739115,-0.93,-0.9328987083279728,-0.8897752525216691,-0.8531705573916625,-0.9398404119849285,-0.7778817390837762,-0.8694250974063263,-0.9212491519670453,-0.8509406559801925,-0.7789094941005662,-0.94451045520947,-0.9362157870918434,-0.9553533377761341,-0.885720046064218,-0.8076509146902516,-0.9027181176868004,-0.9502105029939418,-0.9182047701901793,-0.8285529554590945,-0.810987052917616,-0.815781833580523,-0.9173330910852393,-0.8234682750416071,-0.7920227269466452,-0.951577637400123,-0.9979478944313676,-0.9155872432488343,-0.9198369420718,-0.904930936591296,-0.8882004278314665,-0.9048204241726643,-0.886171540955813,-0.9074690077352504,-0.9196194865269004,-0.8268615361715649,-0.8222530024268687,-0.992622788374315,-0.7963039620647383,-0.9469424480928078,-0.9104394543296112,-0.8039278574598595,-0.8502352615599991,-0.8507055894961547,-0.880056816347672,-0.9038252043398658,-0.8931405264570632,-0.9371766108903913,-0.9041570660012563,-0.8896628574915331,-0.8005623023850174,-0.9033825324855468,-0.7950471684120384,-0.8870738413458036,-0.9817840903172144,-0.9115371632577577,-0.9246080250571049,-0.9608850087289322,-0.9153687781435415,-0.803554602998452,-0.8026830009412185,-0.9809689087835557,-0.899499861033897,-0.8857200460642177,-0.9031611151948473,-0.8343260753446461,-0.9557719393244395,-0.8882004278314664,-0.92568893263342,-0.9089004345911602,-0.9396275858019496,-0.8608716512930368,-0.9470480452437459,-0.8004373804364711,-0.8009369513263825,-0.8889881888979179,-0.9462029380635003,-0.9022749026765623,-0.9253647929330356,-0.8162720134857008,-0.8555115428794634,-0.8465813605318747,-0.8539906322671228,-0.8939239341241513,-0.8472897969408106,-0.8274660113865705,-0.8546929273136639,-0.9323625904121207,-0.9455686120002081,-0.8719518335321051,-0.8297590011563598,-0.9784170889758621,-0.9247161726713771,-0.9142756695876797,-0.9033825324855468,-0.8515280382935138,-0.9503157370053388,-0.7912648102879338,-0.8877499647986475,-0.9487360012142473,-0.8231038816577164,-0.8474078120952155,-1.0226925246622272,-0.9414350747661785,-0.8184741901856162,-0.8204267182387468,-0.8866228059327145,-0.9655568341635825,-0.9000555538409837,-0.8184741901856162,-0.9433451118228153,-0.9156964562561111,-0.7810889834071403,-0.9055937278934743,-0.9327915093953204,-0.8243178998420452,-0.8859458222713171,-0.8934763567101258,-0.8481155581640982,-0.8704596486914257,-0.8085171612278864,-0.9274157643689264,-0.7840280607223189,-0.8725250712730265,-0.8332466621595312,-0.917660067781093,-0.9037145567047153,-0.788225855957542,-0.8161494961096282,-0.899499861033897,-0.904267659490264,-0.8636550237218562,-0.8990550594930213,-0.9326842981416595,-0.8492938243034622,-0.9290317540321213,-0.9134002408582997,-0.9439809320108113,-0.9154780172128657,-0.7865748533992173,-0.9496841580230767,-0.9154780172128658,-0.9536770941990795,-0.9100000000000001,-0.9604686356149273,-0.8528188553262644,-0.9363225939813692,-0.8814193099768123,-0.931933474020544,-0.9338629449764029,-0.818474190185616,-0.9427088627991146,-0.8479976415061542,-0.8796021828076599,-0.8330066026148892,-0.9494735383358507,-0.8966047066572872,-0.7983107164506812,-0.7696102909914861,-0.7756932383358772,-0.9180958555619343,-0.972265395866787,-0.931933474020544,-0.8583122974768567,-0.8491760712596652,-0.9566085928947116,-0.9595311355031686,-0.9792343948207702,-0.8784645695758025,-0.880056816347672,-0.8704596486914256,-0.9376033276391462,-0.8407734534343957,-0.8862843787408192,-0.8178630692236935,-0.9471536306217698,-0.9069178573608527,-0.9440868604106298,-0.9623408959407265,-0.9437690395430441,-0.8482334584299301,-0.8734414691323054,-0.8907861696277058,-0.7364102117705865,-0.8923564310296643,-0.8892131353055915,-0.9322553298319082,-0.9014987520790031,-0.9648315915225828,-0.8595929269136643,-0.87960218280766,-0.8794884877018005,-0.9535722311393092,-0.9380298502713014,-0.8469356528095862,-0.8391066678319272,-0.9729850975220535,-0.8599418584997477,-0.9468368391650169,-0.9507365565707464,-0.9591141746424146,-0.9849365461794989,-0.8942594701763018,-0.8599418584997476,-0.9024965373894794,-0.9074690077352504,-0.8819863944528851,-0.9018314698434515,-0.9201630290334425,-0.881986394452885,-0.9148223871331529,-0.8717224328879004,-0.9508417323613851,-0.8525843066817498,-0.9204890004774636,-0.9974467404327911,-0.9698969017374992,-0.8469356528095863,-0.8868483523128404,-0.8599418584997477,-0.8687347120957006,-0.8996110270555826,-0.8928045698807775,-0.7500000000000001,-0.7893668348746353,-0.9227675763701281,-0.8885381252371786,-0.9192932067626737,-0.992622788374315,-0.7697402159170327,-0.8717224328879003,-0.8523496934944014,-0.9978476837674175,-0.9929249719893241,-0.890786169627706,-0.9399468070055881,-0.859825563704639,-0.8738993077008359,-0.8330066026148892,-0.8928045698807775,-0.8293973715897585,-0.8537564055396598,-0.8351646544245033,-0.8395832299420946,-0.9780081799248921,-0.9693812459502196,-0.8957120072880569,-0.9210320298447823,-0.8448076704197234,-0.8320456718233681,-0.7507995737878386,-0.8850423718670197,-0.8966047066572872,-0.9352539762011173,-0.9083501527494781,-0.8885381252371786,-0.8300000000000001,-0.782368199762746,-0.8666602563865498,-0.8103702857336268,-0.8790335602239542,-0.9516827202382104,-0.8861715409558129,-0.9418598621875761,-0.9207062506576135,-0.80876448982383,-0.8183520025025905,-0.8877499647986475,-0.8629600222490031,-0.7993122043357026,-0.864002314811714,-0.8687347120957007,-0.9678326301587481,-0.9373899935459095,-0.8902246907382427,-0.816026960338934,-0.7941662294507364,-0.8788060081724522,-0.8139410298049853,-0.855043858524228,-0.821157719320716,-0.8060397012554655,-0.9334345183246654,-0.9450396817065408,-0.9023857268374761,-0.9363225939813692,-0.8263776376451629,-0.9138380600522173,-0.9159148432032315,-0.8648121183239745,-0.8494115610232769,-0.790253124005214,-0.9466255859631093,-0.8748142660016468,-0.8184741901856161,-0.9002777349240622,-0.8688498144098323,-0.8594765849050223,-0.8914594774862176,-0.7709085548883214,-0.9262289133902051,-0.854692927313664,-0.9024965373894794,-0.9032718306246463,-0.858079250419214,-0.9160240171523889,-0.8456358554366057,-0.916351460958076,-0.8195730595865142,-0.8984987479123162,-0.8538735269347564,-0.8095060222135473,-0.7993122043357026,-0.8868483523128405,-0.8551608035919327,-0.8987213138676527,-0.8735559512704381,-0.9604686356149273,-0.9593226777263216,-0.8917959407846617,-0.9026073343375844,-0.8876373133211558,-0.8534049449118514,-0.8880878334939626,-0.9889893831583836,-0.9294622100978609,-0.9571311299921239,-0.9080198235721509,-0.9154780172128658,-0.8380334122217323,-0.844926032265547,-0.8753856293085921,-0.9518928511129812,-0.850588031893231,-0.9662815324738439,-0.9149316914393117,-0.9412226091632097,-0.8019351594736324,-0.7816009211867653,-0.8203048213926333,-0.8254089895318564,-0.8608716512930368,-0.8935882720806043,-0.8698850498772812,-0.9061456836513652,-0.8782368700982668,-0.9622369770487933,-0.9299999999999999,-1.0097029266076236,-0.8835722947218297,-0.9194019795497506,-0.981172767661231,-0.9519978991573458,-0.9278469701410896,-0.8351646544245034,-0.8879752248796134,-0.8035546029984522,-0.9189668111526118,-0.935681569766125,-0.9124143795447329,-0.8809653795694812,-0.8756140702387097,-0.8408923831264022,-0.8074032449773781,-0.8785783971849069,-0.9718538984847466,-0.8807383266328315,-0.7922752047110903,-0.9160240171523889,-0.9967447015158897,-0.9210320298447824,-0.9523129737644027,-0.85901105930017,-0.8762990357178307,-0.966798841538404,-0.9087904048789248,-0.9140568910084318,-0.8675828490697589,-0.8206704576137732,-0.799562380305627,-0.8863972021616494,-0.850235261559999,-0.904267659490264,-0.8702298546935746,-0.8943712875534411,-0.9049309365912959,-0.9716480844420988,-0.9559811713627001,-0.9751410154434076,-0.8266196223173028,-0.9842255838983256,-0.9267685795278128,-0.8826664149042944,-0.9554580053565934,-0.8234682750416071,-0.8702298546935747,-0.9366429415737889,-0.9387757985802574,-0.8738993077008358,-0.918531436587774,-0.8979420916740678,-0.8706893820416096,-0.889325587172662,-0.9849365461794989,-0.8828929719960398,-0.9019423484901903,-0.9581753492967767,-0.9066973034039529,-0.8643494663618414,-0.8691950298983537,-0.9242835062901426,-0.8419619943916709,-0.8636550237218562,-0.7960527620704548,-1.0029456615390486,-0.8705745229444749,-0.8934763567101258,-0.917551088495894,-0.8721811738394725,-0.923200953205747,-0.8207923001588161,-0.926120942425988,-0.8332466621595312,-0.9112079894294167,-0.8916838004584361,-0.9033825324855469,-0.8181075723888638,-0.8379140767405688,-0.9871676655968833,-0.8245604889879214,-0.9343982020530648,-0.9098901032542338,-0.9839207285142437,-0.9907068183877611,-0.7780102827083971,-0.9184225606985056,-0.9008329478876759,-0.8552777326693358,-0.8856071363759441,-0.9866610360199698,-0.8651589449343976,-0.8444524853418338,-0.8331266410336426,-0.9024965373894794,-0.8559789717043287,-0.7723341245859852,-0.9806630410084801,-0.9213576938409967,-0.9726767191621274,-0.9315041599477698,-0.9301075206662938,-0.9595311355031686,-0.880056816347672,-0.9161331780914825,-0.902164064901723,-0.9224424101265076,-0.9256889326334198,-0.8884255736976508,-0.8869611039949836,-0.992622788374315,-0.9435570994910695,-0.7893668348746354,-0.9146037393319579,-0.9230926280715278,-0.8319254774317228,-0.8585452812752511,-0.8463450832845902,-0.8393449827097318,-0.8435045939412541,-0.8566796367370945,-0.9170059977993601,-0.8717224328879004,-0.8189627586160435,-0.8671216754296943,-0.9154780172128657,-0.9221171292194935,-0.8551608035919327,-0.8764131445842195,-0.8888756943465155,-0.9031611151948471,-0.7932843122109499,-0.8788060081724521,-0.8714929718592113,-0.9521029356114811,-0.8703447592764606,-0.8397023282092291,-0.9210320298447824,-0.8695401083331349,-0.9301075206662938,-0.8882004278314664,-0.8609878047916824,-0.8764131445842195,-0.9719567891629751,-0.9792343948207702,-0.9123047736365298,-0.8637708029332782,-0.7383088784512889,-0.8501176389182853,-0.8021845174272563,-0.8090117428072352,-0.8237111144084435,-0.7898734075787083,-0.9109884741312594,-0.8810788840960836,-0.9808669634563089,-0.8340863264674706,-0.8638865666278183,-0.8780091115700338,-0.9553533377761341,-0.9478923989567591,-0.8950418984606251,-0.7804485889538144,-0.8665448632355973,-0.93,-0.7884795495128584,-0.8773254812211941,-0.8252878285786117,-0.9354677974147481,-0.980357077803797,-0.7849203781276163,-0.9269843580125826,-0.9665919511355348,-0.8092589202474075,-0.8926925562588723,-0.8865100112237876,-0.8155366331440912,-0.8429116205154606,-0.8968277426574179,-0.9224424101265076,-0.9301075206662938,-0.7842831121476479,-0.9135097153287425,-0.9566085928947116,-0.8298795093265046,-0.8910106621135351,-0.8709190547921202,-0.8565628990331067,-0.8382720322186586,-0.8246817568007673,-0.7954244150137713,-0.8668909966079934,-0.9155872432488343,-0.816026960338934,-0.8045495634204273,-0.8309632964216891,-0.9625487000666512,-0.9255808986793106,-0.9293546147730692,-0.914166286842826,-0.8882004278314664,-0.8742425292789182,-0.8485870609430715,-0.8397023282092292,-0.8872992730753249,-0.9894948206029175,-0.8306021911842034,-0.8854942122905152,-0.9601562372864118,-1.004937809021036,-0.8737848705488097,-0.9834124261976763,-0.8887631855561975,-0.9503157370053388,-0.8883130078975541,-1.0159232254457027,-0.9116468614545876,-0.8539906322671227,-0.8500000000000001,-0.8928045698807775,-0.8970507232035433,-0.8450443775329197,-0.9117565464530539,-0.8929165694509202,-0.9128526715741156,-0.8760707733967616,-0.8860586888011426,-0.9230926280715278,-0.9368564457802486,-0.8350449089719666,-0.9420721840708387,-0.9378166132032423,-0.8361220006673667,-0.9064766957842877,-0.9519978991573458,-0.9173330910852393,-0.8772114910328067,-0.968039255402383,-0.8710338684574785,-0.8314445261110329,-0.783007024234138,-0.8585452812752511,-0.8687347120957006,-0.9528378665859161,-0.8833459118601275,-0.9131812525451889,-0.844926032265547,-0.8874119674649424,-0.8954886933959579,-0.9085703054799887,-0.7944180259787665,-0.9198369420718001,-0.858195781858662,-0.893364427319557,-0.8725250712730265,-0.8746999485537884,-0.8601744009211155,-0.8062877898120496,-0.9235258523723091,-0.9132907532653552,-0.8464632301523795,-0.9611971701997463,-0.9190756225686764,-0.8869611039949835,-0.8814193099768124,-0.8809653795694812,-0.8853812738024224,-0.9593226777263216,-0.862612311528186,-0.876184911990614,-0.8280700453464066,-0.8915716460273958,-0.7574298647399639,-0.9191844211038392,-0.8809653795694811,-0.8407734534343958,-0.841843215806839,-0.8026830009412185,-0.9089004345911603,-0.9389888178247918,-0.9255808986793105,-0.9503157370053386,-0.8440971508067067,-0.9296773633901173,-0.8762990357178309,-0.8507055894961548,-0.9152595260361948,-0.9171150418567999,-1.025816747767358,-0.7680494775728971,-0.7831347265956222,-0.7996874389409904,-0.8636550237218562,-0.9140568910084317,-0.8857200460642178,-0.8791473141629905,-0.8532877591996736,-0.7561084578286372,-0.8744712688247681,-0.9567131231461184,-0.8338465086573188,-0.8407734534343958,-0.8521150157109074,-0.7984359711335657,-0.8710338684574784,-0.8926925562588723,-0.9123047736365298,-0.8884255736976508,-0.9186402995732335,-0.8816461875378353,-0.938562730988185,-0.9606768447297979,-0.9077995373429092,-0.9013878188659973,-0.8492938243034621,-0.8432674546073743,-0.8949301648732151,-0.9472592042308167,-0.7702596964660685,-0.880851860416949,-0.7803204469959762,-0.9505261700763425,-0.8753856293085922,-0.895377015563835,-0.9212491519670454,-0.8331266410336426,-0.8534049449118514,-0.9362157870918435,-0.9063663718386733,-0.8949301648732152,-0.9253647929330358,-0.8905616205518851,-0.7960527620704547,-0.9084602357836032,-0.9396275858019495,-0.7955501241279521,-0.9087904048789247,-0.92233399590387,-0.8413679337840254,-0.8083934685535257,-0.8840248865275231,-0.8049223565040297,-0.950420959364849,-0.8926925562588723,-0.9053728513711906,-0.8697700845625814,-0.7930321557162736,-0.8668909966079934,-0.931074647920348,-0.886171540955813,-0.8503528679318958,-0.8287943049997387,-0.9603645141299214,-0.8320456718233681,-0.9524179754708539,-0.8823264701911646,-0.9368564457802486,-0.9824968193332739,-0.8734414691323054,-0.9781104232140664,-0.8754998572244316,-0.7942921376924237,-0.9004998611882181,-0.8307225770376053,-0.8616843969807044,-0.8245604889879214,-0.8539906322671227,-0.9553533377761341,-0.8754998572244316,-0.8706893820416096,-0.8670063436907482,-0.813203541556479,-0.8043009387039158,-0.8828929719960399,-0.8451627062288066,-0.7989367934949549,-0.943239100122551,-0.8724104538575866,-0.9073588044428731,-0.8421995013059554,-0.904267659490264,-0.9805610638812863,-0.817129120763665,-0.9354677974147481,-0.992622788374315,-0.876184911990614,-0.8061637550770936,-0.838510584310061,-0.8408923831264022,-0.9440868604106298,-0.8612200647918045,-0.8349251463454674,-0.8543418519538886,-0.9376033276391461,-0.8919080670113932,-0.8479976415061542,-0.9418598621875762,-0.832526275861609,-0.9173330910852394,-0.904599358832406,-0.8885381252371786,-0.8049223565040295,-0.8327664738688753,-0.9666954018717582,-0.8118497397917919,-0.8729833904490968,-0.9116468614545876,-0.8887631855561976,-0.7872102641607259,-0.8672369918309526,-0.9129622117042963,-0.8696551040498757,-0.9229842902238369,-0.8772114910328067,-0.8989438247187641,-0.8010617953691214,-0.9636908217888142,-0.8870738413458037,-0.9165696918401787,-0.8749285685128816,-0.7422263805605405,-0.988382517044894,-0.9324698386543128,-0.8129575634681063,-0.9335416434203673,-0.9053728513711906,-0.896381615161757,-0.9661780374237453,-0.8273451516749221,-0.8421995013059554,-0.7280796659706958,-0.9363225939813693,-0.8528188553262644,-0.8942594701763018,-0.7949213797602881,-0.8020598481410225,-0.9434511116109833,-0.8808518604169489,-0.92255081160877,-0.819817052762383,-0.8713782186857784,-0.8674675786448737,-0.8363611660042569,-0.8373171442171717,-0.9613012014972208,-0.9416474924301556,-0.853053339481184,-0.9019423484901905,-0.9428149341201592,-0.8799431799837987,-0.8671216754296943,-0.8701149349367588,-0.8765272385955841,-0.8337265738837883,-0.8196950652529269,-0.8809653795694811,-0.9412226091632097,-1.0148398888494676,-0.9353608929178086,-0.8145550932871268,-0.8754998572244315,-0.9791322688993557,-0.8725250712730265,-0.8527015890685323,-0.8221313763626833,-0.8097530487747485,-0.7837729262994481,-0.8427929757656978,-0.8754998572244317,-0.9127431182978046,-0.7823681997627461,-0.9594269122762817,-0.9485251709891519,-0.9095603333479314,-0.8257723657279892,-0.9104394543296112,-0.9058145505565695,-0.8330066026148892,-0.9087904048789247,-0.883911760301898,-0.8154140052758476,-0.8392258337301111,-0.8398214095865859,-0.8364807230295269,-0.8949301648732152,-0.8534049449118514,-0.8801704380402695,-0.9143850392476902,-0.8514105942493316,-0.9194019795497507,-0.9120855223058856,-0.7355949972641195,-0.8471717653463198,-0.9235258523723091,-0.8925805285799148,-0.9336487562247379,-0.887862601982987,-0.8152913589631622,-0.9938309715439543,-0.8793747778962051,-0.8700000000000001,-0.9132907532653552,-0.9519978991573458,-0.9022749026765623,-0.8318052656722005,-0.764395185751454,-0.9731906288081488,-0.8905616205518851,-0.8507055894961547,-0.9119758768739445,-0.835404093837228,-0.8600581375697808,-0.8645808232895291,-0.8549268974596601,-0.8676981041814025,-0.8455175929571189,-0.8716077099245968,-0.9108786966440702,-0.8449260322655469,-0.8549268974596601,-0.8154140052758475,-0.9180958555619343,-0.8277076778670113,-0.8502352615599991,-0.9376033276391461,-0.9290317540321213,-0.8784645695758025,-0.8552777326693359,-0.9348261870529728,-0.9333273809334001,-0.8745856161634492,-0.8319254774317228,-0.9401595609256973,-0.9175510884958941,-0.9414350747661785,-0.9413288479590965,-0.810740402348372,-0.9066973034039529,-0.899499861033897,-0.8406545069170808,-0.9695875411740809,-0.8408923831264021,-0.906697303403953,-0.8249242389456137,-0.9006109037758758,-0.8298795093265046,-0.8539906322671226,-0.9132907532653552,-0.9416474924301558,-0.8987213138676527,-0.837914076740569,-0.7836453279386026,-0.8354040938372281,-0.8272242743053422,-0.8777812939451377,-0.8387490685538792,-0.9101098834756165,-0.8449260322655469,-0.8420807562223471,-0.9376033276391462,-0.9186402995732333,-0.8571464285639881,-0.9403722667114339,-0.8714929718592113,-0.8381527307120105,-0.8702298546935747,-0.976575649911465,-0.8474078120952155,-0.8560957890329797,-0.8558621384311845,-0.84303024856763,-0.8272242743053422,-0.876184911990614,-0.9664884893261791,-0.8602906485601247,-0.8793747778962052,-0.890786169627706,-0.939946807005588,-0.7541220060441148,-0.8768694315575154,-0.8400595217006948,-0.8509406559801923,-0.9216832427683602,-0.7966806135459805,-0.9021640649017229,-0.9530477427705288,-0.9367496997597597,-0.8252878285786117,-0.8472897969408106,-0.993529063490344,-0.966798841538404,-0.817251491280377,-0.9140568910084317,-0.8678133439859058,-0.8235897036753191,-0.8884255736976507,-0.8476437931112337,-0.8833459118601275,-0.9022749026765623,-0.9203803561571705,-0.8306021911842035,-0.762823701781742,-0.9507365565707464,-0.8293973715897586,-0.8566796367370945,-0.8101234473831751,-0.9423905772024675,-0.7995623803056269,-0.8952653238007156,-0.8928045698807775,-0.8661985915481507,-0.937923237797209,-0.9590099061010787,-0.8334866525625951,-0.9697937925146768,-0.7960527620704547,-0.9374966666607408,-0.8343260753446462,-0.8711486669908874,-0.8118497397917918,-0.841843215806839,-0.8556284240252893,-0.8487048957087499,-0.8465813605318746,-0.8470537173048708,-0.8665448632355972,-0.7936623967405789,-0.8914594774862176,-0.925040539652182,-0.8790335602239541,-0.9284934033152847,-0.8919080670113932,-0.8754998572244317,-0.8319254774317228,-0.9235258523723091,-0.90160967164289,-0.8469356528095862,-0.899499861033897,-0.766355009117837,-0.8734414691323054,-0.8691950298983537,-0.9575489543621256,-0.8398214095865859,-0.9676259607927021,-0.9101098834756163,-0.9159148432032314,-0.9646242791885347,-0.875728268357257,-0.8665448632355973,-0.8184741901856161,-0.8827797007181349,-0.8644651525654461,-0.849411561023277,-0.8154140052758476,-0.8858329413608415,-0.8600581375697808,-0.9457801012920498,-0.8055432949258531,-0.753060422542574,-0.9006109037758758,-0.9336487562247379,-0.8477617589865681,-0.9467312184564318,-0.8978307190111062,-0.8577295611088613,-0.9190756225686763,-0.9006109037758759,-0.8748142660016467,-0.9513674369033239,-0.903935838431025,-0.7956758133813042,-0.8425556361451747,-0.9171150418568,-0.8661985915481507,-0.8674675786448737,-0.9703092290605094,-0.9717509969122748,-0.8090117428072351,-0.8543418519538886,-0.7490660852021,-0.8752713864853575,-0.8250454532933322,-0.9617172141539321,-0.9083501527494781,-0.9280624978954812,-0.8949301648732152,-0.8710338684574784,-0.8433860326090301,-0.9715451610707554,-1.000649788887201,-0.8181075723888638,-0.8332466621595312,-0.9446163242290491,-0.9153687781435415,-0.8295179322956195,-0.9099999999999999,-0.8586617494683224,-0.9600520819205591,-0.912633551870629,-0.8839117603018981,-0.8218880702382777,-0.8470537173048709,-0.8538735269347563,-0.8274660113865705,-0.870804225988827,-0.857846140050767,-0.9671090941563936,-0.8863972021616494,-0.7989367934949548,-0.6980687645210893,-0.7426304599193331,-0.9775990998359193,-0.9606768447297979,-0.8823264701911646,-0.810740402348372,-0.8471717653463199,-0.9560857702110204,-0.8956003573022959,-0.8704596486914256,-0.8551608035919326,-0.8563293758829018,-0.869540108333135,-0.8896628574915332,-0.8659676668328904,-0.8161494961096282,-0.9079096871385391,-0.8273451516749222,-0.9446163242290492,-0.8018104514160439,-0.7954244150137713,-0.9440868604106298,-0.8973850901368933,-0.9192932067626737,-0.9072485877641254,-0.9076893741803966,-0.839106667831927,-0.93888231424391,-0.9096702699330124,-0.9270922284217467,-0.7888599368709251,-0.8688498144098323,-0.9190756225686764,-0.8835722947218299,-0.9224424101265075,-0.8293973715897586,-0.8162720134857008,-0.8863972021616494,-0.9155872432488343,-0.9014987520790032,-0.9184225606985055,-0.9199456505685542,-0.92255081160877,-0.8697700845625814,-0.8357631243360765,-0.976268405716379,-0.8919080670113932,-0.8198170527623831,-0.7787810988975015,-0.9013878188659973,-0.8950418984606252,-0.8439786727163192,-0.8749285685128815,-0.9097801932335086,-0.924175308044962,-0.8036790404135222,-0.9503157370053387,-0.9774968030638259,-0.8793747778962051,-0.880851860416949,-0.8482334584299301,-0.7975587752636166,-0.9296773633901171,-0.8694250974063263,-0.9207062506576134,-0.9317188417113824,-0.9604686356149273,-0.893364427319557,-0.9216832427683602,-0.8998333178983761,-0.8637708029332782,-0.9108786966440702,-0.8519976525789258,-0.8090117428072352,-0.9253647929330358,-0.8327664738688753,-0.906697303403953,-0.9063663718386732,-0.8248030067840442,-0.9006109037758759,-0.7580897044545586,-0.8941476388158726,-0.8764131445842196,-0.8970507232035433,-0.8537564055396598,-0.8377947242612597,-0.9550392662084634,-0.9931263766510283,-0.9646242791885346,-0.8566796367370944,-0.9143850392476903,-0.8489405161729532,-0.8463450832845902,-0.8884255736976508,-0.800812087820857,-0.8937001734362594,-0.8446892919884802,-0.9156964562561111,-0.9010549372818508,-0.9368564457802486,-0.9243916918709298,-0.8111103500757465,-0.8185963596303125,-0.8683893136145794,-0.9165696918401787,-0.8401785524517987,-0.8532877591996735,-0.9077995373429093,-0.9462029380635002,-0.8652745229116596,-0.912414379544733,-0.9692780818733084,-0.8740137298692738,-0.9124143795447329,-0.8988325761786786,-0.7785242449660769,-0.8470537173048709,-0.7840280607223189,-0.9164605828948673,-0.8195730595865142,-0.8722958213817146,-0.8964931678490361,-0.8802840450672726,-0.841961994391671,-0.8750428560933459,-0.7925276020429826,-0.9209234495874238,-0.9241753080449618,-0.923417565351667,-0.9239588735436226,-0.8511756575466665,-0.8370782520170978,-0.852936105461599,-0.7688302803610171,-0.8902246907382428,-0.8285529554590944,-0.9624448036121344,-0.8096295449154509,-0.7615116545398369,-0.9146037393319579,-0.8466994744299775,-0.8133265027035576,-0.8744712688247681,-0.8675828490697589,-0.9336487562247379,-0.8544588931013591,-0.8894380248224156,-0.8537564055396598,-0.9483142938920619,-0.9467312184564318,-0.8895504482602434,-0.9121951545584969,-0.8509406559801923,-0.9232009532057471,-0.8833459118601275,-0.8393449827097318,-0.8817596044274199,-0.8701149349367588,-0.9239588735436226,-0.9585927185202274,-0.9044888059008801,-0.9671090941563936,-0.9417536832951597,-0.8406545069170807,-0.9059249417032297,-0.8984987479123162,-0.8775534171775528,-0.8560957890329797,-0.9084602357836032,-0.8948184173339304,-0.8996110270555825,-0.9044888059008801,-0.950420959364849,-0.9896969233053117,-0.8706893820416096,-0.9664884893261793,-0.9694843990493092,-0.922767576370128,-0.9151502608861563,-0.8678133439859057,-0.8651589449343977,-0.9404786015641186,-0.8106170489201421,-0.9096702699330126,-0.8939239341241513,-0.8698850498772812,-0.9127431182978046,-0.9456743625582752,-0.9733961166965892,-0.9641058033224362,-0.9252567211320327,-0.9376033276391462,-0.8663140308225419,-0.8190848551890091,-0.8951536181013848,-0.8675828490697589,-0.894035793466906,-0.8057915363169311,-0.9484197383015602,-0.9248243076390239,-0.8831194709664146,-0.9242835062901426,-0.9057041459549582,-0.9159148432032315,-0.8450443775329199,-0.8773254812211942,-0.8556284240252892,-0.9190756225686764,-0.9303225247192503,-0.9019423484901904,-0.8385105843100611,-0.8797158632194829,-0.8606392972668632,-0.764395185751454,-0.771167945391923,-0.9658674857349738,-0.8248030067840442,-0.9510520490488416,-0.9262289133902051,-0.8569130644353604,-0.8913472948295743,-0.8620324819866129,-0.854692927313664,-0.9372833082905083,-0.8734414691323054,-0.9537819457297355,-0.8862843787408193,-0.783772926299448,-0.8895504482602434,-0.8706893820416096,-0.9326842981416595,-0.9029396436085858,-0.944828026679988,-0.938669270829721,-0.8587782018658834,-0.9266606714434361,-0.8088881257627658,-0.8673522929006415,-0.9347192091746056,-0.9331130692472376,-0.8915716460273958,-0.9297849213662265,-0.8968277426574179,-0.8498823447983845,-0.8765272385955841,-0.9354677974147481,-0.9398404119849285,-0.9423905772024675,-0.907028114227999,-0.9770875088752287,-0.8238325072488948,-0.8738993077008358,-0.8587782018658834,-0.8753856293085922,-0.9270922284217465,-0.8842510955605315,-0.8477617589865681,-0.9304300081145277,-0.8862843787408194,-0.985646995632818,-0.9463086177352502,-0.8342062095189654,-0.9238506372785592,-0.9079096871385391,-0.8602906485601247,-0.9341841360245848,-0.8342062095189655,-0.8860586888011427,-0.8328865468957943,-0.9125239722878518,-0.8200609733428363,-0.800312438988674,-0.8075270893288967,-0.8978307190111062,-0.8711486669908874,-0.7913911801378632,-0.9556673061269806,-0.9230926280715278,-0.9555626614722867,-0.9335416434203672,-0.8828929719960399,-0.8080222769206306,-0.8830062287436029,-0.8733269719870101,-0.8051707893360265,-0.8550438585242279,-0.9542012366372201,-0.9462029380635002,-0.8869611039949836,-0.9238506372785592,-0.8635392289873112,-0.8481155581640983,-0.8319254774317228,-0.880056816347672,-0.9184225606985055,-0.9148223871331528,-0.9770875088752287,-0.9726767191621274,-0.9151502608861564,-0.85492689745966,-0.9591141746424146,-0.8599418584997476,-0.917660067781093,-0.854692927313664,-0.857846140050767,-0.9058145505565696,-0.9118662182579197,-0.8934763567101258,-0.9118662182579197,-0.9535722311393091,-0.8586617494683223,-0.9278469701410896,-0.7956758133813042,-0.8470537173048708,-0.9340770846134703,-0.9330058949438638,-0.859709253178073,-0.9606768447297978,-0.8808518604169489,-0.9134002408582997,-0.7773673520286275,-1.0018482919085105,-0.8104936767180851,-0.8883130078975541,-0.9189668111526118,-0.9317188417113825,-0.8525843066817498,-0.8996110270555825,-0.7591442550661898,-0.9008329478876758,-0.8744712688247683,-0.8485870609430716,-0.7714272486761147,-0.8080222769206306,-0.9800510190801294,-0.9266606714434363,-0.8515280382935139,-0.9429209935090003,-0.9203803561571705,-0.8306021911842034,-0.841843215806839,-0.9459915433025816,-0.8495292814258965,-0.8939239341241513,-0.9532575727472612,-0.935040106091712,-0.8753856293085922,-0.9698969017374992,-0.9367496997597599,-0.9681425514871247,-0.9017205775626949,-0.7650490180374065,-0.8769834662067467,-0.8245604889879213,-0.7828793010419933,-0.9777013859047148,-0.8325262758616091,-0.9119758768739445,-0.8667756341753038,-0.9462029380635002,-0.8875246475450695,-0.878122998218359,-0.8945948803788226,-0.9228759396581969,-0.9132907532653552,-0.7983107164506813,-0.8199390221229869,-0.9106591019695571,-0.9496841580230767,-0.9072485877641255,-0.9189668111526118,-0.8572630868059117,-0.8165169930871006,-0.7856844150166147,-0.9548298277703728,-0.8464632301523795,-0.9019423484901904,-0.8254089895318563,-0.8144323176298937,-0.9311820445004296,-0.9304300081145277,-0.8910106621135351,-0.9500000000000001,-0.9236341266973628,-0.8261355820929153,-0.8064118054691412,-0.9990495483208028,-0.9032718306246466,-0.9286010984270912,-0.9411163583744574,-0.8438601779915913,-0.9519978991573459,-0.8784645695758025,-0.8381527307120105,-0.8062877898120496,-0.8852683209061534,-0.9233092656309694,-0.9053728513711906,-0.9742176348229384,-0.854107721543366,-0.8573797291748856,-0.8391066678319271,-0.8151686941977103,-0.8399404740813482,-0.9087904048789248,-0.9524179754708537,-0.900166651237425,-0.899388681271896,-0.8920201791439474,-0.8256512580987205,-0.8303613671167512,-0.8966047066572873,-0.92233399590387,-0.9277391874875179,-0.9116468614545876,-0.8420807562223472,-0.8465813605318747,-0.8777812939451376,-0.9002777349240622,-0.9168969407736074,-0.8670063436907484,-0.8996110270555825,-0.8082697569499926,-0.8148005891014072,-0.8178630692236935,-0.883911760301898,-0.9626525853079084,-0.9069178573608527,-0.9162423260251625,-0.7905061669588669,-0.9909086738948247,-0.8957120072880569,-0.9031611151948472,-0.8650433515148244,-0.8608716512930368,-0.8020598481410225,-0.9387757985802574,-0.9418598621875762,-0.8885381252371786,-0.8479976415061543,-0.8148005891014071,-0.9691749068150702,-0.8735559512704382,-0.9729850975220535,-0.7976841480185,-0.9092304438369846,-0.9284934033152847,-0.9636908217888142,-0.933862944976403,-0.8549268974596599,-0.9077995373429092,-0.9733961166965891,-0.9719567891629751,-0.8261355820929154,-0.850588031893231,-0.8633075929238663,-0.9304300081145277,-0.8421995013059554,-0.9004998611882181,-0.9562949335848224,-0.9284934033152847,-0.9538867857350788,-0.9034932207825359,-0.9633794683301071,-0.9019423484901904,-0.9253647929330356,-0.914713069765596,-0.8232253640407347,-0.8324061508662705,-0.8845903006477067,-0.8828929719960398,-0.8777812939451376,-0.903935838431025,-0.9097801932335084,-0.950946896519464,-0.9265527507918803,-0.8842510955605314,-0.9084602357836032,-1.0296115772464878,-0.8262566187329454,-0.939521154631443,-0.9317188417113825,-0.927523584605804,-0.9310746479203481,-0.9281702430050213,-0.9261209424259879,-0.8123422923866516,-0.8827797007181349,-0.8722958213817146,-0.9274157643689265,-0.9497894503520241,-0.9089004345911603,-0.7939143530633516,-0.8901123524589466,-0.7873372847769882,-0.7561084578286371,-0.9701030873056739,-0.8532877591996736,-0.855043858524228,-0.9423905772024677,-0.8395832299420946,-0.8961584681293817,-0.8283115355951527,-0.851528038293514,-0.9591141746424146,-0.8981647955692764,-0.9237423883312923,-0.8633075929238663,-0.8875246475450695,-0.9536770941990795,-0.71449282711585,-0.9175510884958941,-0.854692927313664,-0.8681589716175259,-0.910439454329611,-0.8950418984606252,-0.8808518604169489,-0.9471536306217699,-0.7621679604916491,-0.8845903006477066,-0.9454628496138809,-0.8558621384311844,-0.8302409288875128,-0.8789197915623473,-0.9560857702110204,-0.9554580053565934,-0.9410100955887775,-0.9381364506296512,-0.8826664149042944,-0.8614522621712709,-0.8948184173339304,-0.9141662868428261,-0.9060353193998565,-0.8337265738837883,-0.8485870609430715,-0.9536770941990794,-0.8244392033376384,-0.9589056262218927,-0.9469424480928078,-0.8298795093265047,-0.8532877591996735,-0.904267659490264,-0.9189668111526118,-0.8184741901856161,-0.8749285685128816,-0.798811617341661,-0.9114274518577987,-0.8620324819866129,-0.8657366805212773,-0.9309672389509741,-0.9187491496594704,-0.9697937925146768,-0.891010662113535,-0.9257969539807313,-0.9275235846058041,-0.8820997676000146,-0.7879720807236765,-0.8629600222490033,-0.9604686356149275,-0.9131812525451889,-0.9409038208021052,-0.8470537173048708,-0.7906326580656785,-0.980866963456309,-0.9618211892030659,-0.9222255689363639,-0.8760707733967616,-0.8889881888979179,-0.8874119674649424,-0.841843215806839,-0.8156592425762123,-0.9774968030638259,-0.9302150289046076,-0.9301075206662938,-0.91230477363653,-0.7892401408950257,-0.9118662182579197,-0.90515192095029,-0.8972736483370054,-0.927523584605804,-0.891010662113535,-0.960780932366999,-0.8646964785403027,-0.9442986815621421,-0.9924212815130479,-0.9670056876771719,-0.8504704580407247,-0.881986394452885,-0.7888599368709251,-0.9545155839482141,-0.8971621926942753,-0.8772114910328068,-0.9304300081145276,-0.8858329413608416,-0.8333666660000267,-0.8848163651289458,-0.9270922284217465,-0.9008329478876758,-0.8013114251026251,-0.8751571287488893,-0.9674192472759678,-0.8178630692236935,-0.8624963768039839,-0.9404786015641186,-0.9044888059008801,-0.8534049449118514,-0.8494115610232768,-0.8465813605318746,-0.8430302485676301,-0.8562125904236635,-0.8941476388158726,-0.9237423883312923,-0.881873006730561,-0.8370782520170978,-0.9158056562393574,-0.8349251463454672,-0.8750428560933459,-0.9550392662084634,-0.968039255402383,-0.8092589202474075,-0.907028114227999,-0.834445923951936,-0.8360023923410745,-0.9816822296446035,-0.9215747392371386,-0.8190848551890091,-0.8261355820929153,-0.979642792042079,-0.9236341266973628,-0.8214012417813843,-0.7983107164506812,-0.9725739046468397,-0.8151686941977103,-0.8101234473831751,-0.8376753547765388,-0.9420721840708387,-0.7983107164506813,-0.8249242389456137,-0.8281907992727281,-0.8630758946929291,-0.7944180259787665,-0.9142756695876797,-0.8599418584997477,-0.9100000000000001,-0.8303613671167511,-0.8962700485902673,-0.8653900854527974,-0.9302150289046077,-0.8670063436907484,-0.8076509146902515,-0.8425556361451747,-0.9470480452437459,-0.95524865872714,-0.9478923989567593,-0.8810788840960836,-0.8374365647617735,-0.9340770846134703,-0.920814856526544,-0.7970570870395672,-0.8689649014776143,-0.9546203433826455,-0.8702298546935745,-0.8461087400565013,-0.9429209935090003,-0.9004998611882181,-0.9006109037758758,-0.899388681271896,-0.9544108130150245,-0.9337558567420073,-0.8916838004584361,-0.967212489580237,-0.9594269122762817,-0.845399313933954,-0.819939022122987,-0.8357631243360766,-0.8719518335321051,-0.8917959407846618,-0.8886506625215559,-0.8823264701911646,-0.8794884877018005,-0.9307523838271917,-0.8573797291748856,-0.8645808232895292,-0.9283856957105706,-0.8817596044274199,-0.8043009387039157,-0.9627564593395361,-0.8406545069170808,-0.8768694315575153,-0.8551608035919327,-0.925796953980731,-0.8145550932871268,-0.8857200460642177,-0.9110982383914482,-0.8680437776978762,-0.9151502608861564,-0.8729833904490967,-0.8951536181013848,-0.9136191766814005,-0.8081460264085941,-0.9232009532057471,-0.9161331780914825,-0.8952653238007156,-0.8862843787408192,-0.9235258523723091,-0.7961783719745218,-0.9184225606985056,-0.8791473141629905,-0.8802840450672726,-0.8904493247793497,-0.8754998572244315,-0.9012768719988327,-0.788606365685695,-0.9352539762011172,-0.9693812459502195,-0.8542247947700885,-0.8167618992093106,-0.8060397012554655,-0.8530533394811839,-0.7760798927945499,-0.9186402995732333,-0.8324061508662705,-0.9471536306217699,-0.9341841360245848,-0.8956003573022958,-0.8459905436823747,-0.8034301463101817,-0.8701149349367588,-0.8713782186857784,-0.8915716460273958,-0.9750384607798813,-0.7608547824650904,-0.920814856526544,-0.9112079894294167,-0.8938120607823549,-0.841843215806839,-0.7818567643756751,-0.8439786727163193,-0.9064766957842877,-0.8567963585356791,-0.8636550237218563,-0.831925477431723,-0.8653900854527975,-0.864002314811714,-0.8906739021662193,-0.8254089895318563,-0.8987213138676527,-0.8380334122217323,-0.9071383576941281,-0.9436630754670864,-0.938669270829721,-0.8388682852510281,-0.9082400563727632,-0.8448076704197234,-0.9128526715741155,-0.8673522929006413,-0.7846655338422863,-0.8943712875534411,-0.9098901032542337,-0.9003888049059695,-0.935040106091712,-0.8069076774947677,-0.8860586888011425,-0.8925805285799147,-0.872639673633969,-0.9553533377761341,-0.9249324299644812,-0.9649352309870337,-0.8756140702387097,-0.9054832963671942,-0.9601562372864118,-0.8112336284942828,-0.8904493247793498,-0.9200543462209175,-0.8304817878797826,-0.9174420962654809,-0.9422844581123049,-0.9416474924301556,-0.7902531240052139,-0.8482334584299301,-0.8978307190111062,-0.8888756943465155,-0.9296773633901171,-0.811480129146734,-0.8762990357178309,-0.923417565351667,-0.8414867794564571,-0.8566796367370944,-0.8605230967266364,-0.8469356528095864,-0.968039255402383,-0.7419568720619818,-0.8475258108164022,-0.9274157643689265,-0.8474078120952155,-0.8461087400565013,-0.9270922284217467,-0.911098238391448,-0.9010549372818508,-0.8101234473831751,-0.8062877898120496,-0.9238506372785592,-0.8783507272155013,-0.8967162315916893,-0.9154780172128657,-0.9554580053565933,-0.8217663901620703,-0.8788060081724521,-0.8941476388158726,-0.9179869280115049,-0.9746281342132496,-0.9788258272031853,-0.9198369420718001,-0.8182297965730654,-0.9532575727472612,-0.837914076740569,-0.8502352615599991,-0.9213576938409967,-0.8091353409658981,-0.8929165694509202,-0.9298924669014155,-0.9550392662084632,-0.9150409826887537,-0.8941476388158726,-0.8724104538575864,-0.9906058752097123,-0.8751571287488893,-0.8000624975587844,-0.9478923989567593,-0.9154780172128657,-0.9082400563727632,-0.9292470069900682,-0.9731906288081488,-0.919945650568554,-0.8710338684574787,-0.7734985455707077,-0.8861715409558129,-0.7687002016391047,-0.8220097323024832,-0.864002314811714,-0.9094503834734471,-0.9938309715439543,-0.9280624978954812,-0.8106170489201421,-0.8387490685538792,-0.9186402995732336,-0.8536392680752216,-0.8478797084492588,-0.9036038955205983,-0.9702061636580136,-0.8709190547921202,-0.880056816347672,-0.9382430388763884,-0.8397023282092291,-0.816884324736373,-0.9240670971309388,-0.9182047701901793,-0.8939239341241514,-0.828673639015988,-0.834805366537614,-0.8772114910328067,-0.8891006692158093,-0.9080198235721508,-0.9276313923105448,-0.9081299466486061,-0.9835141076771599,-0.9033825324855469,-0.9143850392476902,-0.8635392289873112,-0.880056816347672,-0.8583122974768567,-0.8152913589631624,-0.8764131445842195,-0.9099999999999999,-0.8649277426467485,-0.9253647929330356,-0.8630758946929291,-0.8468175718535841,-0.9462029380635002,-0.8809653795694813,-0.9135097153287424,-0.9262289133902051,-0.7758221445666525,-0.9333273809334001,-0.8894380248224157,-0.8416056083463322,-0.8984987479123162,-0.87,-0.9670056876771718,-0.8994998610338971,-0.8201829064300232,-0.8627282306729044,-0.8285529554590942,-0.7677890335241837,-0.8957120072880568,-0.8528188553262644,-0.9664884893261793,-0.8842510955605314,-0.9558765610684258,-0.8339664261827331,-0.87,-0.9803570778037969,-0.9200543462209175,-0.8822131261775694,-0.9382430388763884,-0.899499861033897,-0.7898734075787082,-0.8645808232895293,-0.9661780374237453,-0.8635392289873112,-0.8537564055396597,-0.8982761268117949,-0.8889881888979179,-0.9001666512374251,-0.8412490713219243,-0.8350449089719667,-0.970103087305674,-0.9166787877986488,-0.8913472948295742,-0.9286010984270912,-0.8125884567233281,-0.8249242389456137,-0.8776673629570603,-0.8516454661418683,-0.9357884376289333,-0.9310746479203481,-0.8532877591996736,-0.8298795093265047,-0.8939239341241513,-0.8077747210701756,-0.8238325072488946,-0.8926925562588724,-0.7785242449660769,-0.8233468284993877,-0.8877499647986478,-0.8397023282092293,-0.8708042259888269,-0.8650433515148244,-0.8457541013793548,-0.9105492847726585,-0.9234175653516669,-0.7769813382572325,-0.8453993139339538,-0.9481033698917012,-0.8859458222713171,-0.8754998572244316,-0.9208148565265442,-0.8285529554590944,-0.8078985084773953,-0.8642337646724988,-0.8187185108448447,-0.9432391001225512,-0.8342062095189654,-0.9255808986793106,-0.8220097323024832,-0.8138181615078396,-0.9137286249209883,-0.7863205453248695,-0.8717224328879004,-0.8430302485676301,-0.961405221537724,-0.7991870869827665,-0.8584287972802405,-0.7906326580656784,-0.8532877591996736,-0.9519978991573459,-0.976575649911465,-0.9226592003551475,-0.9605727458136629,-0.9037145567047153,-0.8514105942493316,-0.8459905436823748,-0.9421783270697751,-0.8209141246196219,-0.8794884877018005,-0.8269824665614139,-0.8935882720806042,-0.908129946648606,-0.9378166132032425,-0.9091204540653567,-0.93,-0.9105492847726586,-0.8400595217006948,-0.8004373804364711,-0.976985158536198,-0.8869611039949836,-0.8740137298692738,-0.8760707733967616,-0.9105492847726585,-0.9636908217888143,-0.8111103500757466,-0.7950471684120383,-0.9363225939813692,-0.918313671900838,-0.8858329413608415,-1.0051368066089312,-0.8691950298983537,-0.8601744009211155,-0.8922443611477744,-0.8220097323024832,-0.937709976485267,-0.9201630290334425,-0.9180958555619343,-0.8054191455385201,-0.8472897969408105,-0.9657639463140049,-0.8961584681293817,-0.8866228059327146,-0.866083136886985,-0.9129622117042961,-0.8627282306729044,-0.9057041459549582,-0.9862555449780751,-0.8217663901620703,-0.7839005038906404,-0.8766413177577248,-0.9243916918709298,-0.8149233092751734,-0.7976841480184999,-0.8295179322956197,-0.8605230967266364,-0.8836854644046149,-0.8824397996464122,-0.8832326986700617,-0.9648315915225828,-0.831324244804637,-0.8229823813423955,-1.0146427942877236,-0.8798295289429651,-0.8283115355951529,-0.8980534505250788,-0.9523129737644027,-0.9267685795278129,-0.8261355820929153,-0.8339664261827331,-0.9159148432032315,-0.93888231424391,-0.8767553820764376,-0.9091204540653565,-0.8546929273136639,-0.8298795093265046,-0.7729812416870154,-0.8174961773610933,-0.8363611660042568,-0.951892851112981,-0.927200086281273,-0.8420807562223471,-0.8923564310296643,-0.8604068804931769,-0.9629641737884126,-0.8716077099245968,-0.9467312184564318,-0.8974965180990955,-0.881986394452885,-0.8798295289429653,-0.9210320298447824,-0.904930936591296,-0.8574963556773871,-0.9057041459549582,-0.9502105029939418,-0.9623408959407265,-0.9203803561571705,-0.7822403722641782,-0.8866228059327145,-0.793536388579629,-0.9650388593212194,-0.9365361712181757,-0.8834591105421914,-0.8615683373940806,-0.9002777349240622,-0.9422844581123049,-0.9486305919587456,-0.9038252043398658,-0.9464142856064675,-0.7278049189171505,-0.8074032449773781,-0.9597395480024776,-0.8519976525789259,-0.9136191766814005,-0.924608025057105,-0.9389888178247917,-0.8221313763626832,-0.816884324736373,-0.9848350115628506,-0.8979420916740678,-0.8283115355951527,-0.9481033698917012,-0.864002314811714,-0.8990550594930213,-0.8841379982785493,-0.8687347120957007,-0.930859817588019,-0.9162423260251624,-0.9402659198333203,-0.9758585963140357,-0.9842255838983257,-0.8981647955692763,-0.906697303403953,-0.8507055894961547,-0.9098901032542337,-0.9063663718386732,-0.7742738533619743,-0.8676981041814026,-0.8818730067305609,-0.8163945124754332,-0.8824397996464122,-0.857962703152066,-0.8021845174272563,-0.916024017152389,-0.8452810183601663,-0.9280624978954812,-0.755446887610241,-0.8867355862939075,-0.8494115610232769,-0.895488693395958,-0.9538867857350787,-0.9259049627256569,-0.8116033513977133,-0.8815327560561775,-0.9401595609256973,-0.9594269122762817,-0.7582216034906946,-0.8586617494683224,-0.9597395480024775,-0.802807573457052,-0.8950418984606252,-0.9929249719893241,-0.9167878707749137,-0.8430302485676301,-0.8623804264940155,-0.7586171630012071,-0.9531526635329726,-0.8085171612278863,-0.904599358832406,-0.8620324819866129,-0.9380298502713014,-0.8243178998420452,-0.8835722947218299,-0.8877499647986475,-0.7792945527847607,-0.9330058949438638,-0.9713392816107047,-0.798811617341661,-0.7947955712005447,-0.9278469701410896,-0.8888756943465156,-0.914166286842826,-0.8686195945291587,-0.9502105029939418,-0.8803976374343584,-0.8035546029984522,-0.9709273917240155,-0.9607809323669991,-0.7859389289251424,-0.993327740476425,-0.9013878188659974,-0.8385105843100611,-0.8721811738394724,-0.9714422267947797,-0.8802840450672726,-0.8508231308562314,-0.8847033401089883,-0.8665448632355973,-0.8361220006673669,-0.7889866919029751,-0.8537564055396598,-0.8254089895318563,-0.828190799272728,-0.8430302485676301,-0.7677890335241837,-0.8451627062288065,-0.8825531145489206,-0.8849293757131131,-0.8740137298692738,-0.8992774877644831,-0.9979478944313676,-0.9419660291114537,-0.8556284240252893,-0.8939239341241513,-0.9352539762011173,-0.8427929757656977,-0.9222255689363639,-0.9606768447297979,-0.8608716512930368,-0.9064766957842877,-0.9562949335848225,-0.8797158632194829,-0.8905616205518851,-0.8446892919884802,-0.9704122835166504,-0.8527015890685323,-0.9178779875342911,-0.8913472948295743,-0.9554580053565934,-0.9860527369263775,-0.9559811713627,-0.8733269719870101,-0.9465199416811038,-0.8170067319184097,-0.8703447592764606,-0.9637945839233586,-0.8897752525216691,-0.9771898484941399,-0.9602603813549739,-0.9215747392371386,-0.9424966843443006,-0.9407975340103736,-0.863770802933278,-0.8531705573916625,-0.8736704184073075,-0.873097932651315,-0.939521154631443,-0.949789450352024,-0.8614522621712709,-0.8290355842785037,-0.9345052166788583,-0.9166787877986486,-0.8888756943465155,-0.8450443775329199,-0.9311820445004295,-0.9686588666811449,-0.7945438943192503,-0.8896628574915332,-0.8972736483370054,-0.9155872432488343,-0.8722958213817145,-0.9305374790947435,-0.8088881257627657,-0.9180958555619342,-0.8607554821202128,-0.8475258108164022,-0.8521150157109074,-0.8996110270555825,-0.9195107394696378,-0.9172240729505523,-0.8380334122217323,-0.8702298546935747,-0.8465813605318747,-0.9075791976461338,-0.8545759182190895,-0.8439786727163192,-0.9140568910084317,-0.8952653238007156,-0.8599418584997476,-0.8338465086573189,-0.8854942122905153,-0.9610931276416453,-0.9579665964948884,-0.8863972021616494,-0.8720665112249181,-0.9339700209321496,-0.9016096716428901,-0.9294622100978609,-0.9733961166965892,-0.9652460826131334,-0.8244392033376385,-0.7973079706111058,-0.8322860085331244,-0.9033825324855468,-0.9323625904121208,-0.8616843969807043,-0.9591141746424146,-0.8778952101475438,-0.859127464349732,-0.8016857239592083,-0.9053728513711906,-0.771686464828819,-0.8267405880927825,-0.8339664261827332,-0.8978307190111063,-0.8417244204607587,-0.8446892919884803,-0.8459905436823748,-0.9000555538409837,-0.934826187052973,-0.9165696918401786,-0.968658866681145,-0.9260129588726067,-0.9148223871331528,-0.8551608035919327,-0.794921379760288,-0.8957120072880569,-0.8606392972668632,-0.9246080250571049,-0.8316850365372699,-0.7917701686727028,-0.8806247782114695,-0.906697303403953,-0.8665448632355973,-0.904599358832406,-0.8622644605919927,-0.9236341266973628,-0.8548099203916623,-0.8605230967266364,-0.8996110270555826,-0.9201630290334426,-0.8728688332160796,-0.8368392916205596,-0.9414350747661785,-0.8300000000000001,-0.9401595609256974,-0.918313671900838,-0.7963039620647381,-0.8928045698807775,-0.9436630754670864,-0.8921322771876377,-0.8572630868059117,-0.8350449089719666,-0.9065870063044142,-0.8515280382935139,-0.8267405880927826,-0.8484692098125894,-0.9124143795447329,-0.9974467404327912,-0.7968061244744545,-0.79328431221095,-0.887862601982987,-0.9094503834734471,-0.9723682430026188,-0.8393449827097318,-0.8676981041814025,-0.9298924669014155,-0.8443340571124678,-0.8030566605165541,-0.9318261640456336,-0.9195107394696378,-0.8876373133211559,-0.9311820445004296,-0.9532575727472612,-0.8696551040498756,-0.9404786015641187,-0.9409038208021052,-0.9006109037758758,-0.9423905772024677,-0.8837986195961159,-0.8525843066817498,-0.8709190547921202,-0.9187491496594704,-0.8140638795573724,-0.8402975663418286,-0.9014987520790032,-0.9048204241726643,-0.8964931678490362,-0.9324698386543128,-0.838510584310061,-0.8598255637046389,-0.8980534505250787,-0.912633551870629,-0.7892401408950257,-0.9041570660012562,-0.9401595609256973,-0.8944830909525344,-0.8773254812211942,-0.8173738434767779,-0.9241753080449618,-0.8514105942493316,-0.8401785524517987,-0.7433034373659253,-0.9364293886887576,-0.9013878188659974,-0.817251491280377,-0.8226177727231524,-0.9128526715741155,-0.8470537173048709,-0.8005623023850174,-0.8327664738688753,-0.9644169222903547,-0.8432674546073743,-0.9186402995732333,-0.8824397996464122,-0.9012768719988326,-0.8882004278314665,-0.899388681271896,-0.9113177272499422,-0.8876373133211559,-0.8290355842785038,-0.9690717207719973,-0.9475758544834287,-0.8318052656722005,-0.854107721543366,-0.8627282306729044,-0.8766413177577247,-0.9380298502713014,-0.8140638795573724,-0.8532877591996735,-0.8912350980521357,-0.8065358020571685,-0.8257723657279893,-0.8509406559801923,-0.922767576370128,-0.8633075929238663,-0.8220097323024831,-0.8841379982785493,-0.8720665112249181,-0.9320407716403826,-0.969484399049309,-0.9700000000000001,-0.8793747778962051,-0.9188579868510695,-0.9554580053565934,-0.8327664738688753,-0.9458858282054975,-0.8266196223173026,-0.7458552138317464,-0.8312039460926541,-0.9659710140578753,-0.8478797084492588,-0.8782368700982668,-0.9334345183246654,-0.8566796367370945,-0.8628441342444185,-0.892468486838611,-0.9072485877641255,-0.9649352309870337,-0.9324698386543128,-0.7470609078247904,-0.8892131353055915,-0.9302150289046075,-0.9279547402756235,-0.940584924395453,-0.929569792968769,-0.8734414691323055,-0.7657022920169431,-0.8309632964216891,-0.799937497558403,-0.9012768719988327,-0.9458858282054976,-0.9011659114724657,-0.9402659198333204,-0.9037145567047153,-0.8144323176298935,-0.8644651525654461,-0.9567131231461184,-0.8772114910328068,-0.8445708969648433,-0.9335416434203673,-0.9291393867445292,-0.8848163651289459,-0.9406912352095134,-0.8789197915623472,-0.9195107394696378,-0.9615092303249095,-0.8757282683572571,-0.8619164692706597,-0.9354677974147481,-0.8638865666278184,-0.9459915433025815,-0.7801922839915811,-0.9357884376289334,-0.9370699013414101,-0.8366002629691197,-0.8537564055396598,-0.9033825324855468,-0.7966806135459805,-0.9014987520790031,-0.9093404203047394,-0.7731106001084193,-0.7947955712005446,-0.9240670971309388,-0.948841398759561,-0.8326463835266446,-0.9635870484808313,-0.7796794213008319,-0.9297849213662265,-0.9894948206029176,-0.8857200460642178,-0.9176600677810929,-0.8452810183601664,-0.7776245880886227,-0.9020532135079394,-0.9384561790515314,-0.9532575727472613,-0.9113177272499424,-0.9182047701901794,-0.8957120072880568,-0.8070315978944071,-0.876184911990614,-0.8762990357178307,-0.889325587172662,-0.812219182240853,-0.9690717207719973,-0.8992774877644831,-0.8252878285786118,-0.9102197536858888,-0.8572630868059116,-0.8645808232895291,-0.9696906723280367,-0.91230477363653,-0.8752713864853575,-0.8235897036753191,-0.8745856161634492,-0.9132907532653552,-0.8900000000000001,-0.9029396436085859,-0.8301204731844649,-0.9611971701997463,-0.9013878188659974,-0.8503528679318957,-0.9198369420718,-0.9460972465872628,-0.9174420962654809,-0.8314445261110329,-0.7981854421122951,-0.9026073343375844,-0.914713069765596,-0.9502105029939418,-0.8922443611477744,-0.8777812939451376,-0.9385627309881849,-0.8944830909525345,-0.9595311355031686,-0.9237423883312923,-0.9249324299644812,-0.9101098834756165,-0.8698850498772812,-0.9889893831583836,-0.914166286842826,-0.8577295611088613,-0.9847334664770971,-0.9745255255764212,-0.9048204241726642,-0.9322553298319082,-0.8326463835266444,-0.9013878188659973,-0.8738993077008358,-0.945568612000208,-0.8229823813423955,-0.9645206063117573,-0.841843215806839,-0.7693503753167343,-0.9196194865269004,-0.8490583018850943,-0.9210320298447824,-0.8885381252371786,-0.920271699010678,-0.8574963556773871,-0.8720665112249181,-0.9585927185202274,-0.9107689059250981,-0.8841379982785493,-0.8648121183239744,-0.9876740352970711,-0.8916838004584361,-0.9383496150156401,-0.894035793466906,-0.8383913167489271,-0.9278469701410896,-0.9416474924301557,-0.8408923831264022,-0.8195730595865142,-0.886171540955813,-0.8562125904236635,-0.7968061244744545,-0.9561903576171431,-0.8913472948295743,-0.8615683373940805,-0.9000555538409838,-0.7944180259787665,-0.858079250419214,-0.9773944955850734,-0.789746794865291,-0.9402659198333204,-0.887862601982987,-0.8774394566008529,-0.8408923831264021,-0.9149316914393117,-0.9037145567047153,-0.8070315978944071,-1.003942229413625,-0.8805112151472008,-0.8788060081724521,-0.9007219326740079,-0.8706893820416096,-0.8194510357550352,-0.9023857268374762,-0.9463086177352503,-0.771686464828819,-0.9348261870529729,-0.8527015890685323,-0.8889881888979179,-0.8401785524517987,-0.8020598481410226,-0.8867355862939076,-0.8393449827097318,-0.9040464589831653,-0.8931405264570632,-0.9332202312423366,-0.935895293288731,-0.9128526715741156,-0.890337014843256,-0.9400531899844816,-0.774919350642375,-0.8412490713219242,-0.91700599779936,-0.9670056876771719,-0.9444045743218316,-0.8581957818586619,-0.8263776376451628,-0.9417536832951597,-0.8399404740813483,-0.9253647929330358,-0.9456743625582751,-0.764525996941896,-0.9054832963671942,-0.928601098427091,-0.9298924669014155,-0.9105492847726586,-0.8332466621595312,-0.8770974860299169,-0.9229842902238369,-0.9487360012142472,-0.9563994981178107,-0.8252878285786118,-0.8204267182387468,-0.8566796367370945,-0.9453570753953239,-0.8935882720806042,-0.9252567211320326,-0.9240670971309388,-0.7731106001084193,-0.8782368700982668,-0.7966806135459805,-0.9036038955205982,-0.9546203433826455,-0.8655056325639944,-0.8527015890685323,-0.9170059977993601,-0.8346855695410098,-0.8212794895770866,-0.8507055894961546,-0.8398214095865859,-0.8772114910328068,-0.8129575634681063,-0.8066597795849251,-0.802932126645833,-0.8146778504415104,-0.8273451516749223,-0.8244392033376384,-0.8116033513977133,-0.7835177087979569,-0.8879752248796133,-0.9165696918401787,-0.9388823142439099,-0.92255081160877,-0.9030503861911582,-0.9554580053565934,-0.9539916142189092,-0.878122998218359,-0.8726396736339691,-0.754122006044115,-0.9327915093953203,-0.982598595561789,-0.939095309327014,-0.9099999999999999,-0.8498823447983844,-0.8792610533851708,-0.9164605828948673,-0.9539916142189092,-0.9242835062901426,-0.9162423260251624,-0.8845903006477067,-0.9064766957842877,-0.9244998647917695,-0.8717224328879004,-0.8491760712596652,-0.9332202312423366,-0.799562380305627,-0.8710338684574784,-0.9006109037758759,-0.858545281275251,-0.8695401083331349,-0.9398404119849284,-0.966902270139025,-0.8000624975587846,-0.804798111329792,-0.8006872048434396,-0.8215229759416349,-0.955353337776134,-0.9373899935459092,-0.8579627031520659,-0.8304817878797824,-0.9320407716403828,-0.8709190547921202,-0.9442986815621421,-0.8675828490697588,-0.8844772467395642,-0.7696102909914861,-0.9077995373429092,-0.8474078120952154,-0.7706490770772388,-0.8366002629691197,-0.9323625904121208,-0.95524865872714,-0.9047098982546837,-0.8650433515148244,-0.9232009532057471,-0.9697937925146769,-0.831324244804637,-0.9986490875177325,-0.9679359482941008,-0.9047098982546836,-0.8535221145348257,-0.9059249417032297,-0.8544588931013593,-0.926120942425988,-0.9886859966642595,-0.8275868534480233,-0.8469356528095863,-0.8233468284993877,-0.8173738434767779,-0.9365361712181756,-0.7958014827832378,-0.9135097153287425,-0.8822131261775694,-0.848351342310484,-0.8249242389456137,-0.907028114227999,-0.8915716460273959,-0.8957120072880569,-0.9607809323669991,-0.8717224328879004,-0.8307225770376053,-0.9303225247192503,-0.8754998572244315,-0.9766780431646859,-0.7692203845452875,-0.8420807562223471,-0.9877752780870759,-0.8898876333560323,-0.9486305919587456,-0.9610931276416453,-0.8620324819866129,-0.8636550237218561,-0.8465813605318746,-0.945568612000208,-0.9265527507918802,-0.8950418984606252,-0.8920201791439474,-0.7632168761236875,-0.8399404740813482,-0.9007219326740079,-0.8727542609463446,-0.8896628574915332,-0.7984359711335656,-0.8905616205518854,-0.8298795093265047,-0.8228608630868284,-0.8979420916740679,-0.7856844150166148,-0.8539906322671228,-0.8433860326090302,-0.9502105029939418,-0.9352539762011173,-0.8395832299420946,-0.7929060473977986,-0.8791473141629906,-0.9229842902238369,-0.8791473141629906,-0.7800640999302558,-0.845399313933954,-0.8179853299418028,-0.9550392662084632,-0.8897752525216691,-0.8896628574915332,-0.8545759182190896,-0.8823264701911645,-0.8649277426467485,-0.8811923740024082,-0.8939239341241513,-0.881873006730561,-0.8284322543213778,-0.8671216754296942,-0.8279492738084865,-0.890786169627706,-0.899277487764483,-0.944828026679988,-0.9602603813549739,-0.883911760301898,-0.8509406559801923,-0.8453993139339538,-0.828190799272728,-0.9510520490488414,-0.9224424101265075,-0.9785192895390464,-0.9205976319760985,-0.9170059977993601,-0.890786169627706,-0.8875246475450697,-0.9632756614801393,-0.8905616205518853,-0.7453187237685633,-0.8845903006477067,-0.899499861033897,-0.7576938695805846,-0.8116033513977131,-0.8216446920658589,-0.8875246475450697,-0.9801530492734286,-0.9335416434203672,-0.8675828490697589,-0.9869650449737316,-0.9474703161577148,-0.9418598621875762,-0.9101098834756164,-0.859360227145753,-0.9252567211320326,-0.8269824665614139,-0.8458723307923011,-0.8599418584997477,-0.9810708435174291,-0.8937001734362594,-0.9039358384310249,-0.8097530487747483,-0.9817840903172143,-0.8949301648732152,-0.8577295611088614,-0.8443340571124678,-0.9090104509850259,-0.9498947310097052,-0.9094503834734471,-0.9048204241726643,-0.8666602563865498,-0.9661780374237452,-0.8696551040498756,-0.8161494961096283,-0.9423905772024677,-0.8972736483370054,-0.8984987479123163,-0.9214662229295222,-0.8324061508662703,-0.9496841580230767,-0.8962700485902673,-0.8277076778670113,-0.8690799733051038,-0.8283115355951527,-0.9738069623903909,-0.9059249417032296,-0.9009439494219382,-0.9452512893405647,-0.9691749068150702,-0.843741666625514,-0.8560957890329797,-0.8314445261110328,-0.9403722667114339,-0.9127431182978045,-0.9574445153636841,-0.9074690077352505,-0.887862601982987,-0.8758424515859002,-0.8680437776978763,-0.89,-0.8842510955605314,-0.9104394543296112,-0.828673639015988,-0.8963816151617569,-0.8782368700982668,-0.810246875958186,-0.9335416434203673,-0.8357631243360765,-0.90515192095029,-0.9353608929178086,-0.8145550932871268,-0.8560957890329797,-0.841486779456457,-0.8837986195961158,-0.9160240171523888,-0.9441927769264071,-0.9060353193998566,-0.8618004409374598,-0.9447221813845592,-0.951262319236918,-0.8524670081592601,-0.8666602563865496,-0.9819877799647001,-0.8708042259888271,-0.8478797084492589,-0.9366429415737888,-0.8459905436823748,-0.8768694315575153,-0.8462269199216012,-0.8722958213817146,-0.8916838004584361,-0.8801704380402696,-0.9280624978954812,-0.8065358020571685,-0.9338629449764028,-0.8956003573022958,-0.9450396817065408,-0.890786169627706,-0.9096702699330127,-0.9473647660748208,-0.7891134265744056,-0.7698701189161715,-0.888425573697651,-0.9712363255150623,-0.841961994391671,-0.9010549372818508,-0.8320456718233681,-0.8446892919884803,-0.872639673633969,-0.9172240729505523,-0.8221313763626833,-0.8962700485902673,-0.8825531145489205,-0.8262566187329455,-0.8319254774317228,-0.9607809323669991,-0.8895504482602435,-0.9289241088485107,-0.854692927313664,-0.871837140755084,-0.9003888049059695,-0.9750384607798813,-0.9495788540189803,-0.8854942122905152,-0.8636550237218561,-0.8998333178983761,-0.9042676594902641,-0.8039278574598594,-0.8563293758829018,-0.8746999485537884,-0.8240752392834042,-0.8548099203916624,-0.8641180474911979,-0.9497894503520242,-0.9108786966440702,-0.9356815697661252,-0.9543060305792896,-0.899277487764483,-0.8996110270555825,-0.8154140052758476,-0.9390953093270139,-0.8496469855181034,-0.807403244977378,-0.9016096716428901,-0.8896628574915332,-0.7879720807236765,-0.9073588044428731,-0.9747307320486002,-0.9649352309870336,-0.8059156283383515,-0.7993122043357026,-0.9197282207261013,-0.9401595609256974,-0.9514725429564429,-0.8066597795849252,-0.8584287972802404,-0.8929165694509202,-0.8386298349093002,-0.8275868534480233,-0.8025584090893323,-0.9631718434422799,-0.8782368700982669,-0.8672369918309527,-0.9093404203047393,-0.8649277426467485,-0.8542247947700886,-0.9705153270299238,-0.8670063436907484,-0.826861536171565,-0.8535221145348256,-0.9487360012142473,-0.885607136375944,-0.8659676668328904,-0.8908984229416954,-0.9638983348880732,-0.9328987083279728,-0.7750483855863451,-0.9671090941563935,-0.9691749068150702,-0.852936105461599,-0.7971825386948713,-0.8687347120957006,-0.8006872048434396,-0.904930936591296,-0.8173738434767778,-0.8930285549745876,-0.957235603182414,-0.8209141246196218,-0.8214012417813842,-0.8959352655186645,-0.8703447592764606,-0.8129575634681062,-0.8080222769206304,-0.8781229982183589,-0.9455686120002081,-0.9555626614722867,-0.9292470069900683,-0.9334345183246654,-0.8922443611477744,-0.9839207285142436,-0.8203048213926333,-0.8090117428072352,-0.8562125904236635,-0.9144943958275524,-0.9462029380635002,-0.8836854644046149,-0.875728268357257,-0.8970507232035433,-0.9084602357836032,-0.9055937278934744,-0.820182906430023,-0.948525170989152,-0.8819863944528851,-0.9124143795447329,-0.87960218280766,-0.8724104538575864,-0.8595929269136643,-0.9124143795447329,-0.9449338601193208,-0.8059156283383515,-0.8989438247187641,-0.8671216754296943,-0.8655056325639943,-0.8832326986700618,-0.8375559682791354,-0.9451454914456293,-0.8792610533851708,-0.9839207285142437,-0.8552777326693359,-0.8538735269347563,-0.8634234187233978,-0.9558765610684259,-0.8737848705488096,-0.9689685237405806,-0.854692927313664,-0.8011866199581719,-0.8807383266328315,-0.8462269199216013,-0.8258934555982387,-0.9351470472604829,-0.8863972021616494,-0.8083934685535257,-0.7849203781276162,-0.8351646544245033,-0.8785783971849068,-0.9310746479203481,-0.8641180474911978,-0.8908984229416954,-0.8228608630868284,-0.7347788783028538,-0.890786169627706,-0.9121951545584969,-0.815781833580523,-0.9893937537704592,-0.9020532135079395,-0.9050414355155237,-0.9096702699330127,-0.8275868534480233,-0.8412490713219244,-0.9543060305792896,-0.9194019795497507,-0.8092589202474076,-0.9276313923105449,-0.8279492738084864,-0.9127431182978045,-0.9512623192369181,-0.9476813810558905,-0.982089608946149,-0.8798295289429652,-0.9489467845985886,-0.974422906134703,-0.8976079322287654,-0.893364427319557,-0.8399404740813482,-1.0030453628824572,-0.8638865666278185,-0.9456743625582751,-0.8020598481410225,-0.9282779756085998,-0.9590099061010788,-0.8737848705488097,-0.8862843787408194,-0.8735559512704381,-0.834326075344646,-0.8268615361715648,-0.8977193325310534,-0.7911384202527394,-0.9076893741803965,-0.8793747778962051,-0.8139410298049854,-0.8462269199216013,-0.8686195945291586,-0.8319254774317228,-0.9071383576941282,-0.8906739021662193,-0.9057041459549581,-0.9308598175880191,-0.940584924395453,-0.7875912645528771,-0.9395211546314431,-0.9068075870878012,-0.9062560344626677,-0.8978307190111062,-0.8969392398596461,-0.9280624978954812,-0.9456743625582752,-0.9172240729505523,-0.7989367934949547,-0.9531526635329727,-0.9276313923105448,-0.9471536306217699,-0.9023857268374761,-0.9173330910852394,-0.9214662229295224,-0.8015609770940699,-0.9353608929178086,-0.8958236433584459,-0.9396275858019495,-0.8380334122217323,-0.913181252545189,-0.8393449827097318,-0.979438614717635,-0.9212491519670453,-0.8828929719960398,-0.8937001734362594,-0.8666602563865496,-0.8614522621712709,-0.8759566199304621,-0.9028288874421332,-0.8733269719870103,-0.8637708029332782,-0.8743569065318808,-0.8204267182387468,-0.9465199416811036,-0.8926925562588723,-0.8655056325639943,-0.8330066026148892,-0.9317188417113823,-0.8139410298049853,-0.8912350980521359,-0.8826664149042944,-0.9346122190513027,-0.9502105029939419,-0.8327664738688753,-0.9166787877986489,-0.9467312184564318,-0.9155872432488343,-0.9085703054799887,-0.8860586888011427,-0.8997221793420455,-0.7814729681825213,-0.9002777349240622,-0.8735559512704381,-0.8416056083463322,-0.8618004409374597,-0.90515192095029,-0.9505261700763425,-0.8129575634681063,-0.810740402348372,-0.8664294547163086,-0.8976079322287654,-0.8386298349093001,-0.9306449376641986,-0.9154780172128657,-0.8515280382935139,-0.8023091673413686,-0.8551608035919327,-0.845754101379355,-0.8634234187233979,-0.890337014843256,-0.9440868604106298,-0.8167618992093106,-0.8788060081724521,-0.932148056909416,-0.9367496997597597,-0.9265527507918802,-0.8310836299675262,-0.9030503861911583,-0.8858329413608416,-0.9428149341201592,-0.9452512893405648,-0.9628603221651623,-0.8470537173048708,-0.9707213812418063,-0.8764131445842196,-0.8273451516749222,-0.912633551870629,-0.8420807562223471,-0.8806247782114696,-0.8636550237218562,-0.9569221493935648,-0.8095060222135473,-0.9268764750493994,-0.8392258337301111,-0.8523496934944014,-0.9465199416811038,-0.7856844150166147,-0.8206704576137733,-0.8579627031520659,-0.8653900854527974,-0.7402026749478821,-0.9712363255150623,-0.8439786727163193,-0.7958014827832379,-0.8737848705488097,-0.8966047066572872,-0.874128137060008,-0.811480129146734,-0.9583840566286566,-0.9012768719988326,-0.922767576370128,-0.8417244204607587,-0.9577577981932593,-0.898276126811795,-0.8194510357550352,-0.8737848705488096,-0.7854298186343576,-0.8469356528095864,-0.8271033792700886,-0.8528188553262644,-0.8318052656722006,-0.9388823142439099,-0.8904493247793498,-0.9870663604844409,-0.9468368391650169,-0.8841379982785492,-0.9342911751697112,-0.9275235846058041,-0.9031611151948471,-0.8228608630868284,-0.850235261559999,-0.766355009117837,-0.8606392972668632,-0.8969392398596463,-0.8209141246196218,-0.7867019766086775,-0.9041570660012562,-0.9708243919473799,-0.8630758946929291,-0.8752713864853575,-0.8886506625215558,-0.8850423718670196,-0.8852683209061534,-0.9343982020530648,-0.9182047701901793,-0.9753460924205315,-0.8818730067305609,-0.8590110593001701,-0.9064766957842877,-0.8657366805212772,-0.9368564457802487,-0.9044888059008801,-0.931611507013519,-0.8278284846512591,-0.8417244204607587,-0.7980601481091509,-0.9053728513711907,-0.8014362108115656,-0.9128526715741156,-0.8934763567101258,-0.9011659114724658,-0.8880878334939625,-0.9437690395430441,-0.8746999485537884,-0.9353608929178086,-0.9171150418568,-0.8078985084773953,-0.896381615161757,-0.9163514609580757,-0.9092304438369847,-0.8629600222490033,-0.9297849213662265,-0.9156964562561111,-0.8671216754296942,-0.8122191822408531,-0.8548099203916623,-0.9120855223058855,-0.9602603813549739,-0.8866228059327146,-0.7092954250522134,-0.814555093287127,-0.8273451516749222,-0.8726396736339691,-0.9092304438369847,-0.8385105843100611,-0.917769034125689,-0.7884795495128584,-0.9384561790515313,-0.9481033698917013,-0.9026073343375846,-0.9525229656024048,-0.8139410298049854,-0.8874119674649424,-0.9096702699330126,-0.8398214095865858,-0.8711486669908874,-0.8857200460642177,-0.9493682109698007,-0.7804485889538143,-0.9021640649017229,-0.8746999485537883,-0.9149316914393119,-0.837914076740569,-0.7750483855863451,-0.8786922100485471,-0.9053728513711905,-0.8798295289429652,-0.759012516365837,-0.9732933781753578,-0.8471717653463199,-0.8959352655186646,-0.8171291207636648,-0.9147130697655959,-0.9200543462209175,-0.8226177727231524,-0.8525843066817498,-0.976985158536198,-0.8108637370113427,-0.9136191766814004,-0.9018314698434513,-0.9033825324855468,-0.8874119674649424,-0.792148975887743,-0.8954886933959579,-0.8382720322186589,-0.8244392033376385,-0.8824397996464121,-0.8972736483370053,-0.8345657553482531,-0.8145550932871269,-0.9159148432032314,-0.7808328886515987,-0.8439786727163193,-0.8649277426467485,-0.8521150157109074,-0.8637708029332781,-0.8638865666278184,-0.8666602563865496,-0.8919080670113934,-0.8706893820416096,-0.9299999999999999,-0.8657366805212772,-0.906697303403953,-0.838510584310061,-0.7455870170543476,-0.9372833082905083,-0.8885381252371785,-0.8668909966079934,-0.8963816151617569,-0.8517628778010932,-0.8249242389456137,-0.8595929269136643,-0.8972736483370054,-0.9037145567047153,-0.8369587803470371,-0.9163514609580758,-0.8263776376451628,-0.8476437931112337,-0.8291561975888501,-0.8309632964216891,-0.8896628574915332,-0.8969392398596463,-0.7941662294507367,-0.8814193099768123,-0.9102197536858888,-0.7777531742140306,-0.9304300081145276,-0.8717224328879004,-0.8959352655186646,-0.8401785524517987,-0.9217917335276987,-0.8525843066817498,-0.9121951545584969,-0.8822131261775695,-0.8536392680752216,-0.8391066678319271,-0.8648121183239744,-0.9407975340103736,-0.8569130644353604,-0.893364427319557,-0.9112079894294167,-0.8355237878121724,-0.8816461875378354,-0.9006109037758759,-0.911756546453054,-0.9016096716428902,-0.8982761268117951,-0.9155872432488343,-0.7819846545808941,-0.8433860326090301,-0.8650433515148244,-0.8278284846512591,-0.8563293758829018,-0.8658521813797087,-0.9256889326334199,-0.9390953093270139,-0.8522323626805075,-0.8560957890329797,-0.8050465825031493,-0.9135097153287424,-0.9284934033152847,-0.9672124895802369,-0.9130717386930779,-0.8348053665376141,-0.9650388593212192,-0.9077995373429092,-0.982191427370449,-0.8380334122217323,-0.9306449376641985,-0.9728823155962905,-0.8326463835266446,-0.8015609770940699,-0.9080198235721508,-0.7706490770772388,-0.90160967164289,-0.9420721840708386,-0.9471536306217698,-0.9353608929178086,-0.8524670081592601,-0.8502352615599991,-0.9103296106356202,-0.8279492738084865,-0.8517628778010932,-0.9008329478876759,-0.8917959407846618,-0.9323625904121208,-0.912633551870629,-0.896827742657418,-0.9765756499114648,-1.015036945140422,-0.8519976525789259,-0.9579665964948882,-0.9357884376289334,-0.9331130692472376,-0.954515583948214,-0.9221171292194934,-0.9282779756085997,-0.8026830009412184,-0.8518802732778827,-0.9296773633901172,-1.007422453591342,-0.9523129737644027,-0.9061456836513652,-0.7801922839915812,-0.8369587803470372,-0.867928568489366,-0.859127464349732,-0.8424369412602939,-0.8431488599292535,-0.7976841480185,-0.8005623023850175,-0.8411301920630361,-0.8065358020571685,-0.8868483523128405,-0.8350449089719667,-0.8956003573022958,-0.8716077099245968,-0.8517628778010932,-0.73,-0.8738993077008357,-0.8604068804931769,-0.8962700485902673,-0.9371766108903914,-0.8284322543213779,-0.9726767191621274,-0.9402659198333204,-0.8044252606675154,-0.8136952746575343,-0.9280624978954812,-0.992622788374315,-0.9462029380635002,-0.8690799733051039,-0.8267405880927826,-0.9235258523723091,-0.8802840450672726,-0.8207923001588161,-0.8912350980521359,-0.9760635225229966,-0.9130717386930778,-0.9367496997597599,-0.816639455328972,-0.8742425292789182,-0.8877499647986475,-0.8551608035919326,-0.8528188553262644,-0.9306449376641985,-0.9321480569094162,-0.9416474924301557,-0.9246080250571049,-0.8607554821202128,-0.8552777326693359,-0.9446163242290492,-0.7870832230456954,-0.8349251463454673,-0.9024965373894794,-0.8532877591996736,-0.895488693395958,-0.8885381252371786,-0.9247161726713771,-0.9297849213662266,-0.8583122974768567,-0.9632756614801393,-0.9799489782636644,-0.9234175653516669,-0.9617172141539322,-0.9616132278624292,-0.8898876333560323,-0.904599358832406,-0.9063663718386732,-0.8584287972802404,-0.79,-0.9631718434422801,-0.9616132278624291,-0.9270922284217467,-0.892468486838611,-0.7827515570089911,-0.9044888059008801,-0.9115371632577577,-0.8868483523128404
ADHD_ado,-1.0623088063270492,-1.1034944494649712,-1.190504094911059,-1.0624029367429288,-1.0715876072445034,-1.1034944494649712,-1.1166467659918242,-1.136265813971361,-1.0919249058428881,-1.1122499719037982,-1.0964032105024137,-1.1428473213863697,-1.1532129031536198,-1.1522586515188333,-1.119866063420086,-1.0792126759818936,-1.1205802068571442,-1.1330048543585327,-1.1161989070053777,-1.1234322409473567,-1.1511298797268708,-1.1367937367878131,-1.1564168798491312,-1.0274726273726225,-1.10837719211467,-1.0603301372685774,-1.163486140871476,-1.149565135170687,-1.106300140106653,-1.10049988641526,-1.002546757014355,-1.18046600967584,-1.1191514642799696,-1.0963119993870356,-1.0571187255932988,-1.1359137291185453,-1.1263658375501273,-1.1444212511134175,-1.1189727431890377,-1.122719911643149,-1.1530394615970436,-1.1641735265844178,-1.1380246043034394,-1.0388936422945323,-1.0339729203417274,-1.0713076122197585,-1.093663568013491,-1.0829127388668027,-1.061838029079765,-1.1376730637577739,-1.1227199116431488,-1.141183596096614,-1.1652038448271616,-1.0797684937059424,-1.1296459622377268,-1.0890821823902914,-1.183427226321923,-1.1090085662428402,-1.1024064586167843,-1.0976793703081058,-1.062967544189379,-1.0842047777057617,-1.0610843510296435,-1.0702803371079934,-1.0949429208867465,-1.0636258740741502,-1.0806942213225719,-1.109819805193618,-1.1112605455067681,-1.1886547017532048,-1.1723907198540937,-1.084850220076486,-1.1449454135459909,-1.0937549999885714,-1.0943034314119644,-1.0996817721504708,-1.1089183919477574,-1.1490430801323332,-1.0762434668791259,-1.142672306481609,-1.135033039166702,-1.0997727037892875,-1.1641735265844178,-1.1510430052782563,-1.053707739366092,-1.0152339631828715,-1.1438968484964018,-1.1325634640054392,-1.1432847414358331,-1.0776363022838458,-1.1292918134831227,-1.0907336980216575,-1.149304137293519,-1.0619322012256713,-1.1288489712977552,-1.1186152153444007,-1.12307613277106,-1.0564563407921785,-1.1591807451816993,-1.143984265626062,-1.1061193425666147,-1.1276080879454529,-1.118883371938291,-1.044270080008041,-1.1024971655292362,-1.0570241246064347,-1.1068423555321687,-1.1093691901256317,-1.1663189958154674,-1.054371850914088,-1.1241441188744439,-1.0874281585465773,-1.1551190414844696,-1.1429348187888932,-1.0754068997360953,-1.1205802068571442,-1.1560709320798614,-1.1377609590770814,-1.1310614483749326,-1.0938464243210744,-1.1406577050105786,-1.1619380362136356,-1.0789346597454361,-1.0996817721504708,-1.146516463030514,-1.0823585357911676,-1.0778218776773831,-1.1047624178980746,-1.0932062934323055,-1.1402192771568107,-1.1325634640054392,-1.160990956037126,-1.0651291001564083,-1.0729864864013898,-1.0296115772464878,-1.0514276009312291,-1.0595753866525968,-1.0987720418721985,-1.1607325273291862,-1.1090085662428402,-1.1485207877961983,-1.0483797022071726,-1.0978615577567146,-1.1692305161943046,-1.082635672791175,-0.9997499687421851,-1.1652038448271618,-1.12769676775275,-1.0682228231974826,-1.127785440586994,-1.0884392495679307,-1.1304423912787418,-1.074197374787334,-1.094851588115942,-1.1152129841424911,-1.0716809226630846,-1.0971326264403953,-1.0314552825983296,-1.0514276009312291,-1.1383760362902937,-1.1731581308587518,-1.1284059553192725,-1.1809741741460733,-1.0730796801729123,-1.0798611021793496,-1.0654107189248663,-1.097314904665019,-1.093114815561476,-1.0953081758117211,-1.1382003338604325,-1.1455566332573872,-1.1041286156965593,-1.162540321881353,-1.1316801668316008,-1.1692305161943046,-1.134416149391395,-1.0513324878457815,-1.0512373661547614,-1.0892658077806354,-1.156503350622038,-1.173243367763057,-1.0943034314119644,-1.118436408563312,-1.1055767725490617,-1.1080162453682707,-1.0947602477255007,-1.092382716816776,-1.1008632975987527,-1.06061303028013,-1.113777356566383,-1.1474754899343167,-1.106480908104609,-1.1452947218947618,-1.0871522432483869,-1.0382196299434914,-1.0541821474489121,-1.0174969287422937,-1.0859558002055147,-1.0392785959500945,-1.1126994203287786,-1.189243456992722,-1.0735455276791945,-1.0890821823902914,-1.0937549999885714,-1.1428473213863697,-1.181820629368095,-1.1633142309797468,-1.082728036027515,-1.1187046080176841,-1.1632282665066216,-1.1403069762129845,-1.0791200118615167,-1.0491425070027427,-1.097314904665019,-1.0491425070027427,-1.0988630487917954,-1.1223635774560756,-1.0723339032223125,-1.1176314240392493,-1.0853110153315502,-1.0736386729249277,-1.0934806811279292,-1.1670903992407786,-1.1027692415006867,-1.080324025466434,-1.1632282665066216,-1.0627793750351011,-1.102043556308007,-1.1662332528272379,-1.0655045753069294,-1.1434596626029272,-1.1252110913068711,-1.132828318855068,-1.0945775440780794,-1.0257192598367255,-1.1520850663036997,-1.1110805551354053,-1.1610770861575042,-1.1485207877961983,-1.0959470790143109,-1.1169153951844337,-1.0999545445153631,-1.1655470818461175,-1.1000454536063498,-1.0506664551607232,-1.1079259903080168,-1.1254776763667949,-1.058536725862641,-1.12769676775275,-1.0684100336481306,-1.0749418588928428,-1.0761505470890214,-1.120490963818986,-1.1382003338604325,-1.0972237693378684,-1.0815266986995744,-1.1622822376686308,-1.0830050784737808,-1.0775435026020992,-1.059292216529509,-1.1452947218947618,-1.1767327649045896,-1.1046718969902332,-1.0970414759707128,-1.1015897603009934,-1.1560709320798617,-1.0819889093701467,-1.0984989758757173,-1.0678483038334612,-1.0530432089900206,-1.1751170154499508,-1.059764124699454,-1.0774506949276146,-1.0600471687618434,-1.1051244273836318,-1.1280514172678477,-1.1652038448271616,-1.092931836849856,-1.1599568957508724,-1.1117103939425952,-1.0244510725261602,-1.1357376457615553,-1.174521179034248,-1.150782342582645,-1.0960383204979651,-1.1513904637437293,-1.1641735265844178,-1.0096038827183658,-1.1502608399836969,-1.0783784122468327,-1.1642594212631479,-1.0532331175955303,-1.155811403300729,-1.0546563421323556,-1.0999545445153631,-1.0552250944703694,-1.1341516653428676,-1.121739720255996,-1.1381124724736127,-1.1701709276853531,-1.134063490286148,-1.0279591431569644,-1.0950342460398215,-1.084020295012967,-1.075499883774982,-1.090642012761291,-1.100954131651269,-1.0468524251297315,-1.1385517116055819,-1.2186467905016614,-1.1370576062803501,-1.1121600604229593,-1.0772650555921695,-1.1307077429645558,-1.1044908329180465,-1.162540321881353,-1.0482843125793688,-1.0986810274142356,-1.110990549014707,-1.1513904637437293,-1.1445959985951375,-1.1481724609134292,-1.0506664551607232,-1.1632282665066216,-1.1413588392788658,-1.0805091392487154,-1.0816191566350886,-1.0755928597754822,-1.2026221351696467,-1.1624543001770005,-1.092840336005219,-1.0787492757819122,-1.084758037536482,-1.1501738998951418,-1.1307077429645558,-1.023474474522936,-1.088898526034451,-1.0336827366266692,-1.1748616939878498,-1.1084674104365901,-1.1516509887982558,-1.13194522835692,-1.0911003620199198,-1.0667239567948215,-1.134592437838363,-1.085034561661517,-1.1438094246857735,-1.1769027147559818,-1.1027692415006867,-1.141358839278866,-1.1452947218947618,-1.1740953964648697,-1.1224526716080283,-1.1370576062803501,-1.0697195894251914,-1.0581587782558912,-1.0964944140304593,-1.0790273397833812,-1.1237882362794158,-1.1460802764204607,-1.0729864864013898,-1.1529527310345382,-1.1391663618629195,-1.1520850663036997,-1.064377752492037,-1.1701709276853531,-1.11476454913134,-1.0502856754235963,-1.1561574287267284,-1.0709341716464182,-1.1805507189443407,-1.0472344532147517,-1.0746627377926528,-1.1317685275708986,-1.1034944494649712,-1.1160197130875422,-1.0805091392487154,-1.205280050444709,-1.077821877677383,-1.1314150432091665,-1.035519193448388,-1.08531101533155,-1.1910079764636339,-1.1171839597846005,-1.1284945724282418,-1.0737318100903968,-1.1648605066702193,-1.067754653466797,-1.061461256947233,-1.0909170454255448,-1.1183469944520796,-1.0911003620199198,-1.1090085662428402,-1.1168258592994704,-1.1682893477217022,-1.0571187255932988,-1.2271511724314978,-0.9945350672550466,-1.1352973178863763,-1.059197809665409,-1.0977704678119191,-1.1369696565871932,-1.1446833623321342,-1.0664426848171447,-1.095673308974897,-1.14564392373896,-1.1479111463872105,-1.1963695081370136,-1.1499130401904312,-1.104128615696559,-1.1088282103193443,-1.0995908329919817,-1.0560776486603625,-1.120044641967453,-1.0375451797391764,-1.1463420083029323,-1.114854250563723,-1.002347245219939,-1.1301769772916097,-1.1430223094935636,-1.0467568963231149,-1.0679419459877022,-1.1229870880824944,-1.1044002897500524,-1.068129205667554,-1.1333578428722326,-1.1322102278287367,-1.1421471008587292,-1.1166467659918244,-1.120758671614902,-1.0877959367454908,-1.10049988641526,-1.1518246394308467,-1.1012265888544464,-1.1725612990372827,-1.1183469944520796,-1.1233432244866215,-1.0854952786631547,-1.0799537027113708,-1.129468901740991,-1.1036756769993619,-1.1133283433021905,-1.10131739294356,-1.1638298844762494,-1.1539064086831305,-1.0869682608061746,-1.1746063170271135,-1.1419719786404567,-1.1521718621802912,-1.0508567932882196,-1.095673308974897,-1.1505216208311777,-1.064189832689638,-1.073918060188951,-1.1530394615970434,-1.140043858805441,-1.153819743287486,-1.0610843510296437,-1.0187737727287645,-1.1211155159036914,-1.121739720255996,-1.166061747936189,-1.1466036804406308,-1.1557248807566618,-1.1571084650973738,-1.1105404089901456,-1.1193301568348815,-1.1153923076657826,-1.07,-1.136001760562016,-1.0417773274553443,-1.1506085346459065,-1.1361778029868388,-1.153126185636247,-1.14109596441316,-1.143984265626062,-1.092748827498799,-1.0710275439968853,-1.1301769772916097,-1.1699145267924491,-1.1442464769445435,-1.16580444329227,-1.0455142275454696,-1.095764573254675,-1.153993067570165,-1.1388151737661383,-1.1664047325006872,-1.0510470969466592,-1.117989266495882,-1.1044002897500524,-1.0144456614328832,-1.1164676439557037,-1.1503477735015615,-1.101135777277262,-1.2064410470470572,-1.1352973178863763,-1.1325634640054392,-1.113058848399311,-1.042928568982555,-1.1535597080342221,-1.0961295543867065,-1.0979526401443735,-1.0777290939749191,-1.0715876072445034,-1.1351211389098521,-1.0518079672639868,-1.11584049039278,-1.132651755836718,-1.1644311916124541,-1.1253888216967503,-1.0507616285342742,-1.1414464507807627,-1.1034038245356956,-1.100409014866745,-1.0472344532147517,-1.1677756633874505,-1.0549407566304376,-1.121650569473399,-1.0983168941612436,-1.1790250209389113,-1.1125196627475848,-1.1046718969902332,-1.0729864864013898,-1.1185258155268478,-1.2104131526053408,-1.109188892840169,-1.1243220179290274,-1.1525189803209315,-1.0640958603434185,-1.1640017182117903,-1.1060289327137875,-1.150782342582645,-1.0880716888146662,-1.0953081758117211,-1.076615065842941,-1.083097410208334,-1.1837651794169315,-1.116288493177279,-1.08660020246639,-1.150782342582645,-1.0192644406629714,-1.1752871989433051,-1.0820813278122858,-1.121739720255996,-1.129645962237727,-1.1527792503337315,-1.086416126537157,-1.120044641967453,-1.1291146974510604,-1.1393419153177855,-1.1306192993222786,-1.1670903992407788,-1.1464292389851194,-1.1811435137188029,-1.1181681447796659,-1.127874106449829,-1.1579723658188048,-1.0693455942771728,-1.0391823709051267,-1.1307961796893373,-1.0482843125793688,-1.0816191566350886,-1.0159232254457027,-1.168289347721702,-1.155811403300729,-1.104852931389513,-1.1090085662428402,-1.0917417276993675,-1.183427226321923,-1.106300140106653,-1.1126095451684745,-1.1466908912169835,-1.110990549014707,-1.0185774393731681,-1.0983168941612436,-1.1047624178980744,-1.0964944140304593,-1.1688883607941352,-1.096950317926933,-1.0266937225872181,-1.133093111796202,-1.104852931389513,-1.0675673280875544,-1.0933892262136116,-1.1244109569014347,-1.157540496051866,-1.1190621073023606,-1.100409014866745,-1.1715374513859982,-1.0883473710171767,-1.1417092449481172,-1.1584040745784694,-1.1126994203287786,-1.1466036804406308,-1.0810642904101495,-1.1736694594305501,-1.1772425408555367,-1.0894494022211403,-1.0445573225055673,-1.0560776486603625,-1.100227249253535,-1.1201339205648582,-1.1501738998951418,-1.1210263154805957,-1.118704608017684,-1.0018482919085105,-1.128937553631732,-1.055035544424926,-1.138727359818846,-1.1512167476196653,-1.109639581125331,-1.0318430113151904,-1.0818964830333815,-1.128937553631732,-1.1236102527122116,-1.0573079021741965,-1.1145851246091525,-1.0953081758117211,-1.128937553631732,-1.146167527022119,-1.0804165863221464,-1.0452272480183435,-1.0512373661547614,-1.117631424039249,-1.1229870880824944,-1.0559829544078825,-1.184271928232701,-1.1136875683960918,-1.1232542009714452,-1.0685036265731624,-1.069345594277173,-1.1603016849078518,-1.1159301053381434,-1.0666302077102447,-1.1517378173872732,-1.0468524251297315,-1.101135777277262,-1.1457312075700827,-1.0741042779916667,-1.1227199116431488,-1.122898036332774,-1.139254141971843,-1.0689714682815439,-1.132651755836718,-1.1253888216967503,-1.0463746938836012,-1.0246462804304712,-1.0895411878400927,-1.1114405067298923,-1.0211268285575499,-1.1103603018840325,-0.9715451610707554,-1.1156612389072231,-1.1113505297609751,-1.1415340555585716,-1.0114840582035884,-1.1056672193747992,-1.1396929411029972,-1.1487819636467138,-1.0622146675696018,-1.1819898476721362,-1.1059385154700057,-1.1252110913068711,-1.1772425408555367,-1.0831897340724754,-1.121650569473399,-1.1535597080342221,-1.120490963818986,-1.1931890043073645,-1.1736694594305501,-1.1151233115669315,-1.0523782589924593,-1.0745696813143388,-1.0365809182114052,-1.0395672176439579,-1.0097029266076234,-1.0575916035975323,-1.122007130102122,-1.086416126537157,-1.1506954418959,-1.1320335684068736,-1.1269871339105872,-1.0682228231974826,-1.061178590059185,-1.1923506195746283,-1.0685036265731622,-1.101771301132862,-1.059197809665409,-1.1832582135780845,-1.050761628534274,-1.1614215427655885,-1.1197767634667188,-1.1025878649794765,-1.0530432089900206,-1.0999545445153631,-1.0974971526158963,-1.0971326264403953,-1.0772650555921695,-1.1195981421920993,-1.1481724609134292,-1.12769676775275,-1.0818040487999665,-1.153126185636247,-1.1910079764636339,-1.1421471008587292,-1.1670903992407786,-1.1438968484964018,-1.0641898326896382,-1.156503350622038,-1.101680534456337,-1.055035544424926,-0.9956404973684025,-1.1059385154700057,-1.0821737383618215,-1.120937107959229,-1.127253298952813,-1.0500952337764418,-1.1848628612628553,-1.1151233115669317,-1.0919249058428881,-1.0857716150277645,-1.1549458861782227,-1.1211155159036914,-1.16081867662439,-1.1132385189167684,-1.1169153951844337,-1.155984428960875,-1.0893576088686396,-1.1282287002199511,-1.0076209604806758,-1.070467187726929,-1.0854031509075326,-1.0804165863221462,-1.1102702373746671,-1.1552056094046634,-1.1799576263578282,-1.1632282665066216,-1.117899816620434,-1.049047186736612,-1.0533280590585252,-1.0975882652433926,-1.096038320497965,-1.113777356566383,-1.0792126759818939,-1.1172734669721645,-1.1037662796081424,-1.157281296833229,-1.0767079455451232,-1.08660020246639,-1.1453820323368094,-1.0607073111843814,-1.1448580698060349,-1.106932698947863,-1.1417968295629481,-1.0854031509075326,-1.1017713011328623,-1.0854952786631547,-1.0788419717456306,-1.0527582818482122,-1.0628734637763801,-1.1171839597846007,-1.0460879504133482,-1.132651755836718,-1.0755928597754822,-1.0638138934982941,-1.1809741741460735,-1.036484442719716,-1.0400480758118829,-1.0640958603434185,-1.1123398761170076,-1.1284945724282416,-1.15,-1.15,-1.0781929326423911,-1.1025878649794763,-1.1699145267924491,-1.1420595431062253,-1.0342630226397924,-1.1063905277974861,-1.1284945724282416,-1.2184826629870447,-1.144159079848602,-1.1342398335449164,-1.0694391053257777,-1.1480853626799707,-1.1269871339105872,-1.0719608201795436,-1.1687172455303292,-1.100863297598753,-1.1577132632910447,-1.1309730323929037,-1.0745696813143388,-1.1120701416727274,-1.1123398761170076,-1.0501904589168576,-1.0765221781273249,-1.0499999999999998,-1.1075648965184839,-1.121650569473399,-1.0424490395218369,-1.0971326264403953,-1.1968709203585823,-1.1420595431062253,-1.1325634640054392,-1.0622146675696018,-1.072800074571213,-1.0904586191139944,-1.08660020246639,-1.1332696060514462,-1.0997727037892875,-1.1664047325006874,-1.1214722466472364,-1.1644311916124543,-1.0554146104730595,-1.1383760362902935,-1.1643453096053593,-1.0530432089900204,-1.1676043850551436,-1.1806354221350468,-1.0996817721504708,-1.1706835610018618,-1.0636258740741502,-1.0552250944703694,-1.0969503179269333,-1.1432847414358331,-1.184440796325422,-1.0919249058428881,-1.1473011810331235,-1.1832582135780847,-1.1642594212631476,-1.135825690852254,-1.068129205667554,-1.0449401896759452,-1.1784311604841413,-1.0577806956075537,-1.167176079261394,-1.0897247358851685,-1.0692520750505934,-1.098134782255803,-1.104943437466371,-1.0822661410207748,-1.1298229949863827,-1.0758717395675006,-1.0702803371079934,-1.118436408563312,-1.0792126759818936,-1.1415340555585716,-1.1029505881951376,-1.1309730323929037,-1.1511298797268708,-1.0987720418721985,-1.1584040745784694,-1.0884392495679307,-1.08816359064251,-1.0421612159354234,-1.13,-1.1705981377056773,-1.100863297598753,-1.136089785184252,-1.1527792503337315,-1.1607325273291862,-0.9980480950335009,-1.0980437149767763,-1.0270832488167645,-1.137233485261492,-1.0346496991735898,-1.1305308487608818,-1.1266321493726335,-1.100409014866745,-1.1312382596075858,-1.1306192993222786,-1.0904586191139944,-1.101771301132862,-1.0338762014864256,-1.0839280418920805,-1.1029505881951374,-1.1118902823570318,-1.1236992480196826,-1.1391663618629193,-1.1717081547894084,-1.0898164983151981,-1.1026785569693462,-1.1382881884654694,-1.1746914488494415,-1.1051244273836318,-1.162540321881353,-1.1660617479361888,-1.1072939989000212,-1.0916501271011698,-0.9949371839468057,-1.121650569473399,-1.0887148386974432,-1.076057619275102,-1.1552921708381823,-1.1157508682497181,-1.0627793750351011,-1.0781001808737443,-1.0293201639917486,-1.0977704678119191,-1.1292032589396828,-1.1746063170271135,-1.131238259607586,-1.1633142309797468,-1.1111705539655017,-1.088898526034451,-1.1567627241573786,-1.1085576214162256,-1.1473883387938018,-1.0921996154549771,-1.021322671832952,-1.142322196230118,-1.1352973178863766,-1.19,-1.1287603820120549,-1.171110584018435,-1.1449454135459909,-1.1165572085656874,-1.1235212503553282,-1.0951255635770722,-1.145294721894762,-1.1571084650973738,-1.1851160280748885,-1.1088282103193443,-1.12307613277106,-1.1050339361304702,-1.1148542505637227,-1.1195088208674373,-1.1567627241573788,-1.1321219015636081,-1.1434596626029272,-1.1257441982972864,-1.1346805717910216,-1.077357879258327,-1.109188892840169,-1.0819889093701471,-1.153819743287486,-1.1717934971657762,-1.0758717395675006,-1.1251222155837115,-1.118436408563312,-1.181058846967415,-1.088806686239573,-1.0954907576059234,-1.16081867662439,-1.1152129841424911,-1.2030378215168467,-1.1353853971229328,-1.1946966142079753,-1.1034038245356956,-1.0474254150057654,-1.0749418588928425,-1.1734138229968147,-1.12769676775275,-0.9943339479269527,-1.137848847606746,-1.1511298797268708,-1.1370576062803501,-1.1145851246091525,-1.0541821474489121,-1.1343279948938931,-1.1203124564156197,-1.121918000568669,-1.1189727431890375,-1.1559844289608747,-1.0619322012256713,-1.1715374513859982,-1.163486140871476,-1.1923506195746283,-1.1875605247733692,-1.1191514642799696,-1.0447487736293353,-1.13758516164725,-1.1894116192470965,-1.1122499719037982,-1.0984989758757175,-1.082266141020775,-1.1004998864152598,-1.1469524837585905,-1.0776363022838458,-1.0911920087683928,-1.1364418154925486,-1.0778218776773831,-1.1427598172844546,-1.1355615351005863,-1.101498978664983,-1.1267209059922516,-1.125921844534513,-1.0933892262136116,-1.1982069938036584,-1.134327994893893,-1.0493331215586403,-1.0669114302508902,-1.1886547017532048,-1.1658902178164117,-1.127253298952813,-1.183427226321923,-1.1399561395071305,-1.078563859954523,-1.1558979193683152,-1.1190621073023608,-1.0437911668528337,-1.1246777316191514,-1.1527792503337313,-1.08531101533155,-1.1271645842555558,-1.1560709320798617,-1.0370631610466163,-1.1433722053644648,-1.0457055034760026,-0.9911104882907859,-1.1894956914591999,-1.107113363662457,-1.165975986030587,-1.1769876804792818,-1.1155716023635598,-1.0951255635770722,-1.1018620603324174,-1.1662332528272379,-1.1479111463872107,-1.0782856764327347,-1.0306793875885945,-1.0932062934323055,-1.1341516653428676,-1.124055158788927,-1.1574541027617467,-1.166061747936189,-1.0784711400867433,-1.1327400407860577,-1.1670903992407786,-1.1978731151503486,-1.1302654555457314,-1.1380246043034394,-1.1832582135780845,-1.0754068997360953,-1.1505216208311777,-1.1244109569014347,-1.1636580253665594,-1.1539064086831305,-1.1277854405869938,-1.0799537027113708,-1.0774506949276148,-1.11476454913134,-1.090642012761291,-1.0640018796975879,-1.0856795107212809,-1.1464292389851194,-1.1106304515904468,-1.0573079021741962,-1.1377609590770814,-1.058536725862641,-1.0423531071570706,-1.0726136303441236,-1.1691449867317567,-1.111080555135405,-1.0969503179269333,-1.0987720418721985,-1.111080555135405,-1.1315034246523514,-1.0874281585465773,-1.0599528291391083,-1.068597211300872,-1.1190621073023606,-1.1313266548614507,-1.1012265888544466,-1.1473883387938018,-1.152345434320803,-1.1385517116055817,-1.0745696813143388,-1.1438094246857735,-1.0217142457654194,-1.0989540481748998,-1.0707474025184465,-1.0687843561729373,-1.1655470818461175,-1.1198660634200859,-1.1072036849649662,-1.0501904589168576,-1.0666302077102447,-1.0615554625171497,-1.0678483038334612,-1.0804165863221464,-1.0961295543867067,-1.0686907878334126,-1.1385517116055819,-1.0904586191139944,-1.1163780721601442,-1.0989540481748998,-1.1313266548614507,-1.0745696813143388,-1.1579723658188048,-1.1076551810017412,-1.1515641536623134,-1.0866922287382015,-1.1376730637577739,-1.0066280345788112,-1.0388936422945325,-1.0508567932882198,-1.1455566332573872,-1.1097296968181036,-1.128583182578936,-1.1244109569014347,-1.129026129015622,-1.0565509926170151,-1.101680534456337,-1.1505216208311777,-1.1351211389098521,-1.0975882652433926,-1.1285831825789359,-1.1168258592994704,-1.1403069762129845,-1.1493041372935189,-1.1582314103839524,-1.0918333206126292,-1.132210227828737,-1.136089785184252,-1.1478240283248995,-1.1118902823570318,-1.0924742559895861,-1.118615215344401,-1.0866922287382017,-1.0491425070027427,-1.083097410208334,-1.1513036089581234,-1.117989266495882,-1.162798348812037,-1.191091935998225,-1.0566456359631642,-1.0265963179361204,-1.142584788976293,-1.151477311977965,-1.1115304764152891,-1.0926573113286708,-1.1676043850551436,-1.0935721283939162,-1.1388151737661383,-1.1420595431062253,-1.0940292500660118,-1.0971326264403953,-1.1638298844762494,-1.086139954149556,-1.1053053876644228,-1.1384638773364748,-1.1227199116431488,-1.086876257906115,-1.1492171248288985,-1.0968591523071685,-1.1276967677527503,-1.0883473710171767,-1.1055767725490617,-1.0909170454255446,-1.08816359064251,-1.1225417586887358,-1.0561723344227494,-1.0870602559196063,-1.1329165900453573,-1.095216873500404,-1.0807867504739315,-1.094668899713516,-1.1256553646654024,-1.1611632098891183,-1.0536128321162381,-1.0322305943925514,-1.1034038245356954,-1.1621101496846158,-1.119598142192099,-1.1190621073023606,-1.082728036027515,-1.1116204388189341,-1.1065712810298305,-1.1161989070053777,-1.149652121295829,-1.132386859690627,-1.10774545812655,-1.0755928597754822,-1.2008746812219833,-1.1475626344561765,-1.0891739989551714,-1.1760527199067226,-1.1337989239719715,-1.1408330289748803,-1.143547113152755,-1.0860478810807561,-1.1443338673656391,-1.081988909370147,-1.1480853626799707,-1.0986810274142356,-1.08660020246639,-1.1258330249197703,-1.0625911725588537,-1.1156612389072231,-1.151477311977965,-1.1318568814121333,-1.0939378410129161,-1.0854031509075326,-1.1424972647669667,-1.1550324670761423,-1.0796758772891057,-1.1654612820681776,-1.1260994627474077,-1.095764573254675,-1.0534229919647664,-1.0997727037892875,-1.0857716150277643,-1.1195088208674375,-1.1474754899343167,-1.1250333328395208,-1.1151233115669317,-1.1363538181394033,-1.1321219015636081,-1.1124297730643493,-1.1567627241573788,-1.0968591523071685,-1.1886547017532048,-1.1519982638875808,-1.1161093136427094,-1.07289328453486,-1.1175419455215094,-1.0688779163215973,-1.1172734669721642,-1.088806686239573,-1.1602154972245458,-1.1024971655292362,-1.1898319209031165,-1.1198660634200859,-1.0661613386350117,-1.093023330034634,-1.0920164833920778,-1.141271221051333,-1.1081967334368028,-1.0866922287382017,-1.0475208828467335,-1.093937841012916,-1.0809717850156868,-1.1888229472886196,-1.161163209889118,-1.1552921708381823,-1.0379306335203715,-1.0971326264403953,-1.1104503590885997,-1.0667239567948215,-1.1126994203287786,-1.1352973178863763,-1.1357376457615551,-1.0662551289442879,-1.0683164325236227,-1.0546563421323554,-1.1160197130875422,-1.0811567878897121,-1.175712549903249,-1.1187046080176841,-1.1396051947933548,-1.098134782255803,-1.1767327649045896,-1.143109793501919,-1.100954131651269,-1.0307764064044151,-1.0554146104730595,-1.0831897340724754,-1.1192408141235737,-1.1255665240224588,-1.1630563184988076,-1.082450922675019,-1.1688028062936877,-1.1117103939425952,-1.1790250209389113,-1.106932698947863,-1.181228174401542,-1.1472140166507727,-1.11,-1.0298058069364342,-1.1307961796893373,-1.1578860047517632,-1.1642594212631479,-1.1322102278287367,-1.1287603820120549,-1.1153923076657828,-1.0020479030465559,-1.0916501271011696,-1.1133283433021905,-1.0768008172359453,-1.1088282103193443,-1.1361778029868388,-1.1747765745025731,-1.0468524251297313,-1.0762434668791259,-1.1304423912787418,-1.0446530524533015,-1.1177208953938367,-1.1451200810395388,-1.134944932584837,-1.0842047777057615,-1.1089183919477574,-1.1036756769993619,-1.0439827584783188,-1.0555093557141024,-1.1453820323368096,-1.1738398527908311,-1.1138671374989029,-1.0719608201795439,-1.1363538181394033,-1.1687172455303292,-1.1466908912169835,-1.0714942836991712,-1.1485207877961983,-1.0738249391777042,-1.131680166831601,-1.169144986731757,-1.1284059553192725,-1.1417968295629481,-1.008612908900139,-1.1179892664958817,-1.0761505470890214,-1.127962765342899,-0.9973464794142506,-1.1355615351005863,-1.1193301568348815,-1.1458184847522752,-1.190504094911059,-1.1624543001770005,-1.0787492757819122,-1.1104503590885997,-1.072240644631605,-1.0984989758757175,-1.1637439580938755,-1.1553787257864843,-1.0396634070698074,-1.0905503197927184,-1.113597772986279,-1.1342398335449166,-1.1824127874815968,-1.0757787876696583,-1.016612020389293,-1.1040380428228005,-1.2047821379818013,-1.0552250944703692,-1.053707739366092,-1.1000454536063498,-1.1876447280226525,-1.0486658190291127,-1.106752004741803,-1.1391663618629193,-1.0441743149493767,-1.001149339509346,-1.1483466375620213,-1.0741042779916667,-1.1737546592026802,-1.1027692415006867,-1.1504347004502253,-1.0888066862395729,-1.1059385154700057,-1.205943613938894,-1.1344161493913951,-1.0670051546267243,-1.0732660434393702,-1.0319399207318225,-1.0883473710171767,-1.1687172455303292,-1.1103603018840325,-1.0862320194139001,-1.1118003417880387,-1.1607325273291862,-1.151477311977965,-1.1554652742510265,-1.0132620588969075,-1.1497391008398383,-1.1553787257864843,-1.1264546151532249,-1.128848971297755,-1.1233432244866215,-1.1354734695271396,-1.1509561242723374,-1.1337107214805724,-1.116288493177279,-1.0900917392586738,-1.0889903580840374,-1.1513904637437293,-1.1545128842936314,-1.088806686239573,-1.1234322409473567,-1.1150336317797773,-1.082635672791175,-1.0997727037892875,-1.1192408141235737,-1.0765221781273249,-1.0861399541495562,-1.1322985472038725,-1.0772650555921695,-1.1802118453904789,-1.0852188719332152,-1.156676272774712,-1.0368702908271603,-1.1139569111954017,-1.074197374787334,-1.136265813971361,-1.0729864864013898,-1.0602358228243374,-1.0535179163165664,-1.1532996141506333,-1.100954131651269,-1.0682228231974826,-1.1087380213558116,-1.102769241500687,-1.1606463716395274,-1.1245888137448283,-1.0983168941612433,-1.1114405067298925,-1.1053053876644228,-1.1005907504608605,-1.0674736530706508,-1.1807201192492656,-1.1274307074051158,-1.04273678366115,-1.042928568982555,-1.0934806811279292,-1.0517128885774862,-1.0547511554864493,-1.1140466776576285,-1.040240356840668,-1.1236992480196826,-1.1292918134831227,-1.0254267404354152,-1.0921996154549771,-1.1391663618629193,-1.1250333328395208,-1.1393419153177855,-1.1989578808281798,-1.0833743581975714,-1.1399561395071303,-1.03860483341837,-1.167861293133735,-1.0942120452636224,-1.0475208828467335,-1.0911920087683928,-1.146865292874451,-1.1229870880824944,-1.1873921003611232,-1.145469336123844,-1.0724271537032248,-1.1274307074051158,-1.1941105476462386,-0.9988493379884676,-1.1370576062803501,-1.13,-1.0830050784737806,-1.1101801655587258,-1.0633437826027856,-1.0850345616615167,-1.0934806811279292,-1.1424972647669664,-1.0949429208867465,-1.1232542009714452,-1.017693470549949,-1.0992270011239715,-1.0901834707974616,-1.1741805653305628,-1.075499883774982,-1.1256553646654024,-1.0884392495679307,-1.1396051947933548,-1.1700000000000002,-1.0989540481748998,-1.1638298844762494,-1.118883371938291,-1.1047624178980746,-1.149826073804208,-1.1506085346459065,-1.139254141971843,-1.0854952786631547,-1.1705981377056773,-1.067754653466797,-1.0845736489515132,-1.1315034246523517,-1.137233485261492,-1.169914526792449,-1.1124297730643495,-1.111710393942595,-1.174521179034248,-1.102315744240279,-1.0709341716464182,-1.1214722466472364,-1.1037662796081424,-1.1291146974510606,-1.1150336317797773,-1.0919249058428881,-1.1154819586169917,-1.0553198567259123,-1.1377609590770814,-1.0907336980216573,-1.132740040786058,-1.0527582818482122,-1.1640017182117903,-1.0577806956075537,-1.1970380110923797,-1.0504760825454333,-1.1479982578383994,-1.0639078907499464,-1.0724271537032248,-1.0931148155614763,-1.0378342834961658,-1.0810642904101495,-1.1410083259994206,-1.1018620603324174,-1.1080162453682707,-1.0546563421323554,-1.1621961968617864,-1.0632497354808041,-1.1327400407860577,-1.1034038245356956,-1.1519114549304559,-1.1571084650973738,-1.0899082530194915,-1.0830050784737806,-1.1351211389098523,-1.1474754899343167,-1.1074746046749786,-1.1369696565871932,-1.1125196627475848,-1.182666478767366,-1.15,-1.086047881080756,-1.083466658462548,-1.0762434668791259,-1.0477117924314874,-1.1484337159801605,-1.084850220076486,-1.0970414759707128,-1.0890821823902914,-1.0905503197927182,-1.035615758860399,-1.1284059553192725,-1.1213830746002902,-1.1612493272333895,-1.1276080879454529,-1.092291169972549,-1.122007130102122,-1.0318430113151902,-1.1651180197731044,-1.0994089321085216,-1.1627123461974591,-1.0178899744078433,-1.1170944454252738,-1.082728036027515,-1.11476454913134,-1.0984989758757173,-1.0933892262136113,-1.0717742299570372,-1.1644311916124541,-1.0231813133555558,-1.0980437149767763,-1.1313266548614507,-1.0817116066678771,-1.1347686988985906,-1.0858637115218466,-1.0816191566350883,-1.1112605455067683,-1.1434596626029272,-1.0969503179269333,-1.1347686988985906,-1.0723339032223127,-1.142322196230118,-1.095673308974897,-1.0360984509205677,-1.114943944779288,-1.1194194924156002,-1.1101801655587258,-1.0276672613253766,-1.1542530051942683,-1.0855873986004074,-1.1865496196956957,-1.144159079848602,-1.0446530524533015,-1.1848628612628551,-1.1523454343208028,-1.0014489502715553,-1.1449454135459909,-1.1237882362794158,-1.1481724609134292,-1.05152270541344,-1.1150336317797773,-1.0685036265731622,-1.1661475035346085,-1.0519030373565808,-1.0639078907499464,-1.0921080532621303,-1.1558979193683152,-1.0836512354074073,-1.0848502200764858,-1.0290286682109493,-1.0782856764327344,-1.0265963179361204,-1.113777356566383,-1.1297344820797495,-1.0472344532147517,-1.1698290473398238,-1.06268527796333,-1.1310614483749326,-1.1104503590885997,-1.138639539099183,-1.1365298060323803,-1.1486949116279743,-1.1360897851842522,-1.1282287002199511,-1.1314150432091663,-1.0867842472174503,-1.1118902823570318,-1.0838357809188623,-1.060141499989506,-1.153126185636247,-1.1526057435220425,-1.1063905277974861,-1.1058480908334563,-1.0649413129370087,-1.06155546251715,-1.1404823540940912,-1.017693470549949,-1.084573648951513,-1.0786565718522276,-1.1024064586167843,-1.181905241548577,-1.092840336005219,-1.1222744762311936,-1.0792126759818936,-1.1666619047521865,-1.1448580698060349,-1.184103036057251,-1.0548459603183775,-1.0854952786631549,-1.1128791488746657,-1.0556988206870368,-1.0571187255932988,-1.0904586191139947,-1.1506954418958997,-1.135825690852254,-1.1947803145348521,-1.1473011810331235,-1.1170049238924598,-1.1727318534089537,-1.1365298060323803,-1.0419692893746917,-1.1332696060514462,-1.1309730323929037,-1.0994089321085216,-1.092291169972549,-1.0781001808737443,-1.1152129841424911,-1.0940292500660118,-1.0663489110042734,-1.0649413129370087,-1.0459923517884824,-1.0483797022071726,-1.0659737332598773,-1.1404823540940912,-1.1241441188744439,-1.1101801655587258,-1.0725203960764569,-1.0921996154549771,-1.1383760362902935,-1.1197767634667188,-1.1556383517346593,-1.127874106449829,-1.1408330289748803,-1.1438968484964018,-1.0773578792583272,-1.132916590045357,-1.1337989239719712,-1.203951826278776,-1.1058480908334563,-1.10774545812655,-1.1508692367076288,-1.0725203960764569,-1.1172734669721642,-1.1093691901256317,-1.1431972708154967,-1.113058848399311,-1.1286717857729942,-1.1080162453682707,-1.0690650120549265,-1.1171839597846005,-1.0993179703798168,-1.1458184847522752,-1.083097410208334,-1.165890217816412,-1.0608958478568948,-1.0609901036296239,-1.0924742559895861,-1.1438968484964018,-1.113597772986279,-1.0782856764327347,-1.093663568013491,-1.1539930675701653,-1.0842970072816764,-1.1251222155837115,-1.1196874563912913,-1.1036756769993619,-1.092291169972549,-1.0880716888146662,-1.099499886311954,-1.166833321430272,-1.0239628899525608,-1.1420595431062253,-1.033392471426031,-1.0980437149767763,-1.1428473213863695,-1.2037856952132302,-1.1275194011634568,-1.1511298797268708,-1.0505712731652241,-1.0853110153315502,-1.1545128842936314,-1.1291146974510604,-1.1428473213863695,-1.122808977520219,-1.0986810274142356,-1.1347686988985906,-1.0851267207105353,-1.0423531071570709,-1.0593866149805744,-1.06691143025089,-1.1004998864152598,-1.0653168542738822,-1.1185258155268478,-1.1081967334368028,-1.0231813133555558,-1.1021342930877345,-1.1848628612628551,-1.149913040190431,-1.1063905277974861,-1.146167527022119,-1.1189727431890377,-1.147649772360889,-1.1005907504608605,-1.0518079672639868,-1.060895847856895,-1.0807867504739315,-1.1957006314291216,-1.0781929326423914,-1.1325634640054392,-1.138639539099183,-1.0810642904101495,-1.0591978096654089,-1.1062097450302992,-1.061461256947233,-1.0578752289377042,-1.1066616465749592,-1.0512373661547614,-1.146516463030514,-1.0741042779916667,-1.0533280590585252,-1.1222744762311936,-1.118883371938291,-1.1044908329180465,-1.0845736489515132,-1.1493911431710269,-1.1211155159036914,-1.1066616465749592,-1.02230132544177,-1.1120701416727272,-1.1417968295629481,-1.2003749414245535,-1.167690027361714,-1.1000454536063498,-1.1466908912169835,-1.0844814429025516,-1.1260994627474077,-1.079027339783381,-1.0174969287422935,-1.16940155635265,-1.0818040487999663,-1.0842970072816764,-1.1247666424641158,-1.0426408777714404,-1.0836512354074073,-1.1368817000902074,-1.1059385154700057,-1.1513904637437293,-1.0737318100903968,-1.1297344820797495,-1.1253888216967503,-1.1203124564156197,-1.1307961796893373,-1.1329165900453573,-1.1739250401963492,-1.1670903992407786,-1.1769876804792818,-1.1122499719037982,-1.059669759878048,-1.118436408563312,-1.1280514172678477,-1.0910087075729504,-1.0600471687618434,-1.037641556608061,-1.1072939989000212,-1.1349449325848369,-1.0619322012256713,-1.1377609590770814,-1.185537852622176,-1.1331813623599711,-1.1034038245356956,-1.0571187255932988,-1.1660617479361888,-1.106300140106653,-1.0784711400867433,-1.1293803610830144,-1.1550324670761425,-1.0833743581975714,-1.0572133181151284,-1.1391663618629195,-1.1087380213558116,-1.0647534925981694,-1.1099099062536564,-1.0441743149493767,-1.1641735265844178,-1.0916501271011698,-1.0945775440780796,-1.0859558002055147,-1.1418844074598793,-1.142322196230118,-1.0238652255057792,-1.1233432244866215,-1.1212938954618454,-1.146080276420461,-1.0885311203635843,-1.1105404089901456,-1.1025878649794765,-1.0917417276993675,-1.1321219015636081,-1.122007130102122,-1.0804165863221464,-1.1590081966923271,-1.0927488274987989,-1.1451200810395388,-1.0250365847129557,-1.1420595431062253,-1.1366177897604808,-1.109819805193618,-1.08816359064251,-1.1444212511134175,-1.0633437826027856,-1.0993179703798168,-1.072800074571213,-1.0709341716464182,-1.1155716023635596,-1.1288489712977552,-1.108647825055369,-1.0711209082078457,-1.1092790451459902,-1.173328598475295,-1.1310614483749324,-1.1565033506220377,-1.1192408141235737,-1.1586630226256467,-1.1424972647669664,-1.128317331250389,-1.1055767725490617,-1.1919312060685383,-1.1299115009592564,-1.1432847414358331,-1.1297344820797495,-1.1100900864344299,-1.0772650555921695,-1.138902980942626,-1.14564392373896,-1.1387273598188463,-1.0543718509140882,-1.1680325337934727,-1.1182575731914361,-1.0766150658429408,-1.096950317926933,-1.1635720862928949,-1.1250333328395208,-1.1361778029868388,-1.0932977636490437,-1.1310614483749326,-1.1888229472886196,-1.082728036027515,-1.1088282103193443,-1.072240644631605,-1.1890752709563848,-1.1542530051942683,-1.1714520903562382,-1.0818040487999665,-1.1077454581265498,-1.0394710193170371,-1.1187939935484101,-1.136265813971361,-1.1624543001770005,-1.0653168542738822,-1.0708407911543154,-1.0836512354074073,-1.1633142309797468,-1.107203684964966,-1.0713076122197585,-1.1092790451459902,-1.146080276420461,-1.0604244433244645,-1.0916501271011698,-1.1376730637577739,-1.074011173126239,-1.1383760362902937,-1.0640958603434185,-1.145993019175946,-1.105667219374799,-1.1113505297609751,-1.1403069762129845,-1.0492378186092988,-1.1941105476462386,-1.0908253755757609,-1.0899082530194915,-1.1489560478973946,-1.1563304026099113,-1.043599540053559,-1.1179892664958817,-1.0805091392487154,-1.1061193425666147,-1.1051244273836318,-1.0883473710171767,-1.1034944494649712,-1.0445573225055675,-1.0707474025184465,-1.0992270011239715,-1.0536128321162381,-1.116378072160144,-1.1237882362794158,-1.1332696060514462,-1.1345924378383632,-1.167176079261394,-1.1648605066702193,-1.0754068997360953,-1.0621205204683695,-1.1852847759083047,-1.1917633993373014,-1.076522178127325,-1.137848847606746,-1.0444615837837217,-1.0980437149767763,-1.1264546151532249,-1.1743508845315356,-1.1673474204366068,-1.0378342834961658,-1.159094474147815,-1.1512167476196653,-1.110990549014707,-1.1139569111954015,-1.0868762579061153,-1.1629703349613005,-1.122007130102122,-1.1628843450661808,-1.1438094246857735,-1.1308846094982459,-1.1714520903562382,-1.0854952786631547,-1.0885311203635841,-1.0805091392487156,-1.1134181604410807,-1.177327482054165,-1.0985900054160331,-1.1027692415006867,-1.1964530914331744,-1.1687172455303292,-1.1556383517346591,-1.1334460728239346,-1.0874281585465773,-1.0619322012256716,-1.147214016650773,-1.138727359818846,-1.1227199116431488,-1.1365298060323803,-1.1068423555321687,-1.124588813744828,-1.1144056711987784,-1.073824939177704,-1.1403069762129845,-1.1164676439557037,-1.0948515881159417,-1.1307077429645558,-1.06155546251715,-1.0810642904101495,-1.079953702711371,-1.099499886311954,-1.1752871989433051,-1.1114405067298925,-1.1375851616472499,-1.1126994203287786,-1.0861399541495562,-1.0331989159885913,-1.0861399541495562,-1.180127111797708,-1.1211155159036912,-1.1338871196022997,-1.0428326807307107,-1.150173899895142,-1.1018620603324174,-1.2018735374406078,-1.1095494581135172,-1.0810642904101495,-1.1690594510117953,-1.164774656317693,-1.1513904637437293,-1.0909170454255446,-1.138639539099183,-1.041105182006122,-1.1447707194019245,-1.0498095065296371,-1.1274307074051158,-1.0994089321085216,-1.0961295543867067,-1.0859558002055147,-1.1187046080176841,-1.077357879258327,-1.1221853679316978,-1.1402192771568107,-1.0628734637763801,-1.0958558299338466,-1.1221853679316978,-1.151477311977965,-1.0924742559895861,-1.086876257906115,-1.0559829544078825,-1.1793642355099632,-1.1347686988985906,-1.1118902823570318,-1.1857065404222076,-1.0416813332300814,-1.1847784603038662,-1.154079719950056,-1.0776363022838458,-1.1047624178980746,-1.0808792717042917,-1.0196568050084303,-1.099045040023383,-1.1161093136427094,-1.1065712810298305,-1.1390785749894516,-1.1506954418958997,-1.0788419717456306,-1.0989540481748998,-1.1264546151532249,-1.104581368664165,-1.2032871643959309,-1.1297344820797495,-1.1593532679903913,-1.1977061409210523,-1.0887148386974432,-1.125921844534513,-1.1613354381917398,-1.0971326264403953,-1.1216505694733987,-1.1169153951844337,-1.070467187726929,-1.1369696565871932,-1.0995908329919817,-1.12031245641562,-1.0765221781273249,-1.124233071920587,-1.1503477735015617,-1.0999545445153631,-1.0785638599545229,-1.154426264427486,-1.1421471008587292,-1.1074746046749786,-1.1282287002199511,-1.1521718621802912,-1.086876257906115,-1.1781765572273113,-1.1419719786404567,-1.0575916035975323,-1.063437821407533,-1.0527582818482124,-1.0716809226630846,-1.0458011283222064,-1.1087380213558116,-1.138639539099183,-1.0932977636490435,-1.1090085662428402,-1.0989540481748998,-1.1256553646654024,-1.0584422516131904,-1.120490963818986,-1.1458184847522752,-1.1646887996370532,-1.061272820720478,-1.1146748404803977,-1.1291146974510606,-1.1233432244866215,-1.1105404089901456,-1.122808977520219,-1.1185258155268478,-1.148781963646714,-1.0832820500682174,-1.1659759860305872,-1.1369696565871932,-1.0832820500682174,-1.1003181358134566,-1.0813417591122614,-1.1532129031536198,-1.0346496991735898,-1.184356365288759,-1.1576268828944842,-1.1491301057756689,-1.0894494022211403,-1.0768936809174805,-1.026985881110349,-1.1655470818461175,-1.1811435137188029,-1.128937553631732,-1.0796758772891055,-1.1497391008398383,-1.0833743581975714,-1.0455142275454696,-1.1433722053644648,-1.1006816070054046,-1.1613354381917398,-1.1159301053381434,-1.1630563184988076,-1.1337989239719715,-1.0855873986004074,-1.1509561242723374,-1.180127111797708,-1.0825433016743486,-1.1775822688882505,-1.1243220179290274,-0.9848350115628506,-1.1043097391583576,-1.0818964830333815,-1.1506954418958997,-1.067379969832674,-1.133093111796202,-1.0911920087683928,-1.1521718621802912,-1.1236992480196826,-1.138902980942626,-1.1196874563912915,-1.0331989159885913,-1.1402192771568107,-1.1053053876644228,-1.0005498488331304,-1.0934806811279292,-1.0623088063270492,-1.068784356172937,-1.092748827498799,-1.0479980916013159,-1.1187939935484101,-1.1342398335449166,-1.2076009274590676,-1.0910087075729507,-1.1003181358134564,-1.0724271537032248,-1.1303539268742335,-1.1307077429645558,-1.1521718621802912,-1.164774656317693,-1.1742657280190032,-1.1015897603009934,-1.1074746046749786,-1.185875204226819,-1.1171839597846005,-1.0975882652433926,-1.1139569111954015,-1.1117103939425952,-1.130530848760882,-1.1301769772916097,-1.0800462953040486,-1.0334892355511014,-1.0748488265798124,-1.1063905277974861,-1.121739720255996,-1.1397806806574675,-1.1197767634667188,-1.1455566332573872,-1.132828318855068,-1.1131486872830603,-1.0718675291284832,-1.0910087075729507,-1.083558950865157,-1.0733592129385205,-1.178516016013359,-1.07289328453486,-1.1346805717910216,-1.1026785569693462,-1.0921080532621303,-1.100409014866745,-1.128937553631732,-1.0952168735004042,-1.1549458861782227,-1.1208478933378963,-1.1061193425666147,-1.1223635774560756,-1.1379367293483411,-1.1050339361304702,-1.11431593365616,-1.1129690022637646,-1.0911920087683928,-1.0479980916013159,-1.0808792717042917,-1.1452074047961793,-1.1857065404222076,-1.1402192771568107,-1.163486140871476,-1.0538026380684384,-1.1087380213558116,-1.0474254150057654,-1.1453820323368096,-1.1717081547894084,-1.1438968484964018,-1.0402403568406677,-1.0924742559895861,-1.1595257651298656,-1.156676272774712,-1.1009541316512692,-1.148607853011636,-1.1410083259994206,-1.0297086966710536,-1.10077245605075,-1.1428473213863697,-1.1115304764152893,-1.0168087332433764,-1.18536914081648,-1.1569356075426152,-1.0591978096654089,-1.1438094246857735,-1.1170049238924598,-1.1297344820797495,-1.0510470969466592,-1.1783462988442743,-1.1031319050775388,-1.0338762014864256,-1.1447707194019245,-1.0627793750351011,-1.1154819586169917,-1.0797684937059424,-1.1389907813498756,-1.052853266129711,-1.161679818194325,-1.1590081966923271,-1.1720494870098275,-1.1108105148944172,-1.1028599185753376,-1.0815266986995744,-1.1005907504608605,-1.0877040038539896,-1.0637198879404297,-1.1388151737661383,-1.1634861408714758,-1.0972237693378684,-1.1337107214805722,-1.107925990308017,-1.1599568957508724,-1.0379306335203715,-1.1014081895464551,-1.06268527796333,-1.2289426349508752,-1.1456439237389602,-1.0693455942771728,-1.1161989070053777,-1.044940189675945,-1.1281400622263178,-1.0963119993870358,-1.0938464243210744,-1.1628843450661808,-1.1090987332063813,-1.0615554625171497,-1.1483466375620213,-1.0810642904101495,-1.1166467659918242,-1.0823585357911674,-1.1124297730643495,-1.062214667569602,-1.1584040745784694,-1.0593866149805746,-1.0942120452636226,-1.0860478810807561,-1.0953081758117211,-1.126809655620682,-1.0458011283222064,-1.1210263154805957,-1.0571187255932988,-1.1394296819023102,-1.116288493177279,-1.145294721894762,-1.159094474147815,-1.0699065379742287,-1.1526925001924841,-1.092565787492909,-1.120490963818986,-1.107835727894709,-1.0628734637763801,-1.0782856764327347,-1.1317685275708986,-1.021420579389313,-1.0724271537032246,-1.1197767634667188,-1.1343279948938931,-1.1571948841919413,-1.173499041328965,-1.0374487939170782,-1.0798611021793496,-1.0935721283939162,-1.1525189803209317,-1.0457055034760026,-1.1334460728239346,-1.1403069762129845,-1.1097296968181036,-1.0034440691936946,-1.0746627377926528,-1.1580587204455566,-1.1355615351005863,-1.1288489712977552,-1.039759587597056,-1.076429282396201,-1.1014081895464551,-1.155984428960875,-1.184440796325422,-1.1567627241573788,-1.1450327506233173,-1.1276080879454526,-1.0775435026020992,-1.1337989239719712,-1.1520850663036997,-1.08816359064251,-1.0725203960764569,-1.120758671614902,-1.0873361945598978,-1.1225417586887358,-1.0387011119662866,-1.1738398527908311,-1.0905503197927182,-1.1306192993222783,-1.0725203960764569,-1.1141364368873319,-1.0678483038334612,-1.1628843450661805,-1.0405287117614774,-1.0633437826027856,-1.129026129015622,-1.2223338332877807,-1.092840336005219,-1.1236102527122116,-1.072706856508338,-1.0513324878457815,-1.0857716150277643,-1.0941206514822759,-1.0104949282406122,-1.0954907576059234,-1.0441743149493767,-1.1480853626799707,-1.1133283433021905,-1.0450358845513392,-1.1030412503619254,-1.1352973178863763,-1.140394668524893,-1.1505216208311775,-1.1556383517346591,-1.1455566332573872,-1.1163780721601442,-1.1936079758446656,-1.0379306335203715,-1.1087380213558116,-1.1192408141235737,-1.0836512354074073,-1.1171839597846005,-1.1337989239719712,-1.1394296819023102,-1.1705127081753535,-1.0648474069086145,-1.121918000568669,-1.1376730637577739,-1.1757976016304847,-1.1183469944520796,-1.1345924378383632,-1.1412712210513327,-1.033585990617133,-1.0737318100903968,-1.152432210587677,-1.0347463457292323,-1.1805507189443407,-1.0494284158531253,-1.0497142468310126,-1.0848502200764858,-1.1454693361238442,-1.109188892840169,-1.0988630487917956,-1.1267209059922516,-1.0987720418721985,-1.1374093370462544,-1.1126994203287786,-1.1108105148944172,-1.1305308487608818,-1.12583302491977,-1.1741805653305628,-1.082081327812286,-1.1591807451816993,-1.1552056094046634,-1.0866922287382015,-1.0490471867366118,-1.0547511554864493,-1.1275194011634568,-1.0932062934323055,-1.1391663618629195,-1.0733592129385203,-1.175542427988033,-1.1288489712977552,-1.0984989758757175,-1.1001363551851198,-1.1320335684068736,-1.129822994986383,-1.1702563821658911,-1.106300140106653,-1.1236992480196826,-1.050380883299006,-1.1670903992407786,-1.0758717395675006,-1.0890821823902914,-1.0547511554864493,-1.1452074047961793,-1.0734523743510933,-1.0710275439968853,-1.1476497723608887,-1.136705766678431,-1.1227199116431488,-1.0378342834961658,-1.0885311203635843,-1.1061193425666147,-1.1304423912787418,-1.06803557993168,-1.060895847856895,-1.1466036804406308,-1.0678483038334612,-1.0477117924314876,-1.155551816233266,-1.1473011810331235,-1.1487819636467138,-1.0966767983321248,-1.0728932845348598,-1.0845736489515132,-1.144159079848602,-1.062591172558854,-1.1393419153177855,-1.1526925001924841,-1.146778095361086,-1.1235212503553282,-1.1193301568348815,-1.187981481337146,-1.0385085459446155,-1.1659759860305872,-1.1775822688882505,-1.1185258155268478,-1.0755928597754822,-1.1758826472059192,-1.1266321493726335,-1.171110584018435,-1.0779146533933008,-1.093114815561476,-1.035132841716463,-1.0472344532147517,-1.1025878649794765,-1.1829201156460227,-1.0914669028422255,-1.0768008172359453,-1.138639539099183,-1.1599568957508724,-1.0368702908271603,-1.1709397934992216,-1.0447487736293353,-1.1499130401904312,-1.1489560478973946,-1.1244109569014347,-1.13194522835692,-1.1012265888544464,-1.0808792717042917,-1.1445959985951375,-1.0725203960764569,-1.074197374787334,-1.1156612389072231,-1.1292918134831227,-1.1442464769445435,-1.0828203913853858,-1.1556383517346591,-1.0432161808561062,-1.0943948099292138,-1.121650569473399,-1.052093151769367,-1.1437219941926446,-1.0650352106855436,-1.1020435563080073,-1.2082632163564364,-1.050095233776442,-1.176222768016331,-1.1452947218947618,-1.1153026495081952,-1.120044641967453,-1.0380269746013346,-1.1715374513859982,-1.1298229949863827,-1.0712142642814273,-1.079490620616965,-1.136265813971361,-1.0563616804863758,-1.16820374935197,-1.1322102278287367,-1.1266321493726335,-1.157540496051866,-1.166061747936189,-1.167176079261394,-1.0938464243210744,-1.1447707194019245,-1.159094474147815,-1.164774656317693,-1.137673063757774,-1.128583182578936,-1.1652896635600953,-1.0953081758117211,-1.1410959644131602,-1.0953994705129266,-1.1185258155268478,-1.0763363786474933,-1.120937107959229,-1.0667239567948215,-1.130530848760882,-1.1387273598188463,-1.1031319050775388,-1.0370631610466163,-1.0695326081985532,-1.0792126759818939,-1.1342398335449166,-1.1785160160133592,-1.1438968484964016,-1.1509561242723372,-1.018282868362225,-1.1087380213558116,-1.1787705459503135,-1.0791200118615167,-1.2055289295574785,-1.1072939989000212,-1.0877959367454908,-1.1506954418959,-1.0851267207105353,-1.0852188719332152,-1.0910087075729507,-1.1268983982595768,-1.132210227828737,-1.1391663618629195,-1.111080555135405,-1.1409206808538443,-1.1377609590770814,-1.1681181447096864,-1.1714520903562382,-1.1446833623321342,-1.1086478250553689,-1.1473883387938018,-1.04513157066467,-1.0878878618681247,-1.0818964830333815,-1.145993019175946,-1.1106304515904468,-1.1452947218947618,-1.1157508682497181,-1.1237882362794158,-1.0431203190428224,-1.0637198879404295,-1.0978615577567146,-1.1599568957508724,-1.0262066068779716,-1.1910079764636339,-1.133093111796202,-1.12769676775275,-1.1377609590770814,-1.1014989786649827,-1.10837719211467,-1.1310614483749324,-1.0773578792583272,-1.074104277991667,-1.1354734695271396,-1.1840185809352823,-1.1075648965184839,-1.1180787092150535,-1.1473883387938018,-1.0866922287382017,-1.1168258592994702,-1.1818206293680948,-1.139254141971843,-1.0685972113008717,-1.1063905277974861,-1.086416126537157,-1.1521718621802912,-1.0685036265731624,-1.126188261348874,-1.1358256908522542,-1.0523782589924595,-1.1053958566956905,-1.0231813133555556,-1.1060289327137875,-1.1459057552870568,-1.0675673280875544,-1.1074746046749784,-1.1806354221350468,-1.1712813496338104,-1.1603016849078518,-1.1404823540940912,-1.2018735374406078,-1.1234322409473567,-1.1344161493913951,-1.063437821407533,-1.0982258419833326,-1.122007130102122,-1.1664047325006872,-1.122007130102122,-1.2108261642366338,-1.0493331215586401,-1.0695326081985532,-1.0635318518972527,-1.1316801668316008,-1.1654612820681776,-1.1791098337305137,-1.095673308974897,-1.1100900864344299,-1.053138167573467,-1.1992080720208649,-1.134063490286148,-1.1775822688882505,-1.19870763741623,-1.1163780721601442,-1.081249277456406,-1.157540496051866,-1.059764124699454,-1.0219099764656376,-1.0938464243210744,-1.106480908104609,-1.1123398761170076,-1.0857716150277645,-1.1212938954618454,-1.179872874508097,-1.125299960010663,-1.1475626344561765,-1.0958558299338466,-1.075499883774982,-1.094668899713516,-1.120490963818986,-1.135825690852254,-1.1034038245356954,-1.1388151737661383,-1.1534730165894649,-1.0604244433244643,-1.0960383204979651,-1.1112605455067681,-1.0715876072445034,-1.1384638773364748,-1.1432847414358331,-1.0910087075729507,-1.1316801668316008,-1.1132385189167682,-1.0904586191139944,-1.0921080532621301,-1.0307764064044151,-1.1536463929644993,-1.1688028062936877,-1.114854250563723,-1.1444212511134175,-1.1024971655292362,-1.0745696813143388,-1.1235212503553282,-1.1627983488120373,-1.0412012293500235,-1.0365809182114052,-1.034553043589356,-1.1370576062803501,-1.1246777316191514,-1.0705606008068855,-1.1106304515904468,-1.0781929326423914,-1.1591807451816996,-1.0983168941612433,-1.0767079455451232,-1.0444615837837214,-1.0476163419878481,-1.0400480758118829,-1.1778370006074694,-1.1040380428228005,-1.079490620616965,-1.135561535100586,-1.1718788333270638,-1.0863240768757727,-1.0885311203635843,-1.1743508845315356,-1.1358256908522542,-1.068784356172937,-1.112789288230256,-1.155811403300729,-1.0584422516131904,-1.0917417276993675,-1.1774124171249427,-1.1024064586167843,-1.0925657874929087,-1.1852004049948681,-1.1526057435220423,-1.1132385189167682,-1.1195088208674375,-1.1337989239719715,-1.11476454913134,-1.0779146533933008,-1.117899816620434,-1.1501738998951418,-1.131149857445953,-1.1458184847522752,-1.0921996154549771,-1.0767079455451232,-1.0582532778120748,-1.183089176689568,-1.106842355532169,-1.1863810517704672,-1.173328598475295,-1.151390463743729,-1.128228700219951,-1.1486949116279743,-1.061178590059185,-1.092565787492909,-1.1716228061966016,-1.0910087075729507,-1.1249444430726347,-1.0683164325236227,-1.1374972527439353,-1.087428158546577,-1.0431203190428227,-1.104671896990233,-1.0793053321465618,-1.1161093136427094,-1.0145442326483356,-1.1836807001890333,-1.082266141020775,-1.1190621073023608,-1.146865292874451,-1.0867842472174503,-1.1309730323929035,-1.0995908329919815,-1.1709397934992216,-1.1120701416727274,-1.04484448603608,-1.0917417276993675,-1.1251222155837115,-1.0621205204683695,-1.1424972647669664,-1.088898526034451,-1.0836512354074073,-1.1089183919477572,-1.121739720255996,-1.1357376457615553,-1.0159232254457027,-1.1417968295629481,-1.076336378647493,-1.127874106449829,-1.1637439580938755,-1.126010657143173,-1.027277956543408,-1.0969503179269333,-1.147736903649961,-1.0725203960764569,-1.059008970689106,-1.1124297730643495,-1.0105938848023968,-1.0931148155614763,-1.1299115009592564,-1.0396634070698074,-1.0865081684000355,-1.0888066862395729,-1.1322985472038725,-1.1179892664958817,-1.0890821823902914,-1.1163780721601442,-1.0406248123122954,-1.0792126759818936,-1.1310614483749324,-1.121739720255996,-1.1693160394008113,-1.0818964830333815,-1.0641898326896382,-1.1600431026474836,-1.0472344532147517,-1.0995908329919815,-1.113597772986279,-1.152345434320803,-1.1284945724282418,-1.1737546592026802,-1.1379367293483411,-1.1456439237389602,-1.1177208953938367,-1.0720541031123383,-1.1852847759083047,-1.1470396680150168,-1.1353853971229328,-1.1101801655587258,-1.1584040745784694,-1.1124297730643495,-1.1092790451459904,-1.0285426583277915,-1.0961295543867067,-1.1410959644131602,-1.1499130401904312,-1.1074746046749786,-1.064377752492037,-1.1180787092150535,-1.0866922287382017,-1.1128791488746654,-1.1039474625180312,-1.106480908104609,-1.105486318323298,-1.0940292500660116,-1.153126185636247,-1.0933892262136113,-1.1075648965184839,-1.0854031509075326,-1.1631422956801116,-1.0407209039891532,-1.1459057552870566,-1.1189727431890377,-1.0994089321085216,-1.0972237693378684,-1.1123398761170078,-1.1073843054694246,-1.0856795107212809,-1.0771722239270747,-1.1224526716080283,-1.1012265888544466,-1.1729023829799305,-1.1004090148667451,-1.1005907504608603,-1.0999545445153631,-1.0726136303441236,-1.1918473056562238,-1.1062097450302995,-1.1132385189167684,-1.0728000745712127,-1.0718675291284834,-1.0628734637763801,-1.1138671374989029,-1.1368817000902074,-1.1439842656260617,-1.0632497354808041,-1.1648605066702193,-1.137848847606746,-1.149304137293519,-1.157540496051866,-1.106300140106653,-1.0799537027113708,-1.193440404879942,-1.0825433016743486,-1.092382716816776,-1.1416216536138406,-1.0452272480183435,-1.175372281449584,-1.1477369036499612,-1.0731728658515365,-1.173499041328965,-1.0687843561729373,-1.0746627377926528,-1.0211268285575499,-1.1220962525559026,-1.1826664787673657,-1.12769676775275,-1.13,-1.0636258740741502,-1.1506085346459065,-1.1264546151532249,-1.0770793842609745,-1.0927488274987989,-1.1758826472059192,-1.0666302077102447,-1.0805091392487156,-1.0934806811279292,-1.1508692367076288,-1.0623088063270492,-1.0750348831549608,-1.0966767983321248,-1.1121600604229591,-1.1537330713817646,-1.1203124564156197,-1.107835727894709,-1.096950317926933,-1.1640876255677663,-1.0899082530194915,-1.0709341716464182,-1.1298229949863827,-1.0321337122679404,-1.0870602559196063,-1.1836807001890335,-1.1526057435220425,-1.1582314103839526,-1.0692520750505934,-1.0872442227944925,-1.0931148155614763,-1.0869682608061746,-1.0692520750505934,-1.0622146675696018,-1.1374093370462544,-1.1222744762311936,-1.0995908329919815,-1.1117103939425952,-1.1193301568348812,-1.0923827168167757,-1.059669759878048,-1.1018620603324176,-1.076615065842941,-1.1616798181943249,-1.1223635774560754,-1.0874281585465773,-1.1029505881951376,-1.0535179163165664,-1.1627123461974591,-1.1032225523438142,-1.166833321430272,-1.1582314103839526,-1.1516509887982558,-1.0793053321465618,-1.1006816070054046,-1.132651755836718,-1.1218288639538565,-1.061272820720478,-1.1005907504608605,-1.1116204388189344,-1.0686907878334126,-1.0523782589924593,-1.1410083259994206,-1.1126095451684748,-1.125921844534513,-1.1418844074598793,-1.0481889142707053,-1.1576268828944842,-1.2153600289626114,-1.173328598475295,-1.171110584018435,-1.1081064930772673,-1.1729023829799305,-1.101044958210154,-1.1621101496846158,-1.055888251663025,-1.0435037134576954,-1.1547727049077667,-1.1159301053381434,-1.0562670116973265,-1.109819805193618,-1.0623088063270492,-1.0446530524533015,-1.0694391053257777,-1.0546563421323554,-1.1631422956801116,-1.1382003338604325,-1.1867181636766162,-1.1322985472038725,-1.1776671855834313,-1.1212938954618454,-1.1774124171249427,-1.0815266986995744,-1.1345042970390196,-1.0940292500660118,-1.1292918134831227,-1.095673308974897,-1.091833320612629,-1.043216180856106,-1.0854031509075326,-1.154079719950056,-1.0941206514822759,-1.075499883774982,-1.1202231920470136,-1.1868866837234293,-1.0851267207105353,-1.0972237693378684,-1.050951949424901,-1.0407209039891532,-1.1550324670761425,-1.0863240768757727,-1.1796185824239969,-1.0542770034483346,-1.0894494022211403,-1.1774124171249427,-1.099045040023383,-1.1604740410711478,-1.1299115009592564,-1.065598423422257,-1.0638138934982941,-1.1298229949863827,-1.1135977729862787,-1.0520931517693668,-1.110810514894417,-1.2002083152519816,-1.1076551810017412,-1.1119802156513396,-1.1304423912787418,-1.1576268828944842,-1.1155716023635596,-1.0893576088686396,-1.114495401515861,-1.1607325273291862,-1.1539064086831305,-1.0848502200764858,-1.082728036027515,-1.0934806811279292,-1.0883473710171767,-1.1723054209547954,-1.180889495253472,-1.0352294431670692,-1.0730796801729123,-1.0741973747873341,-1.0429285689825551,-1.0882554847093582,-1.1271645842555558,-1.0311643903859364,-1.1292032589396828,-1.0598584811190597,-1.154426264427486,-1.1113505297609751,-1.0518079672639868,-1.0979526401443733,-1.0761505470890214,-1.1238772174930853,-1.0403364840281244,-1.0716809226630846,-1.1000454536063498,-1.1421471008587292,-1.0564563407921785,-1.08660020246639,-1.11,-1.0491425070027427,-1.0684100336481306,-1.1333578428722324,-1.1512167476196653,-1.1444212511134175,-1.0831897340724754,-1.0921080532621301,-1.0975882652433926,-1.1266321493726335,-1.0733592129385203,-1.13758516164725,-1.128937553631732,-1.0857716150277643,-1.0702803371079934,-1.1074746046749786,-1.0700934538627922,-1.1175419455215094,-1.138727359818846,-1.0502856754235963,-1.1119802156513396,-1.0781001808737443,-1.0963119993870358,-1.1364418154925486,-1.077729093974919,-1.068597211300872,-1.0981347822558032,-1.1187939935484101,-1.1331813623599711,-1.1299115009592564,-1.0413932974625868,-1.106932698947863,-1.0531381675734672,-1.1449454135459909,-1.095216873500404,-1.155551816233266,-1.1170944454252738,-1.126010657143173,-1.092931836849856,-1.1825819210524064,-1.0491425070027427,-1.1034038245356956,-1.1349449325848369,-1.1135079703351924,-1.1144056711987784,-1.1552921708381825,-1.1151233115669317,-1.076429282396201,-1.1240551587889271,-1.0776363022838458,-1.134063490286148,-1.1875605247733692,-1.0831897340724754,-1.0053357648069625,-1.0615554625171497,-1.1256553646654024,-1.1364418154925486,-1.1224526716080283,-1.1268983982595768,-1.1028599185753374,-1.0371595827065379,-1.0774506949276148,-1.0410091258005378,-1.0972237693378684,-1.0792126759818936,-1.0523782589924593,-1.030388276330821,-1.1308846094982459,-1.0980437149767763,-1.0491425070027427,-1.0912836478203087,-1.0932062934323055,-1.1356495938448619,-1.163314230979747,-1.1208478933378963,-1.0975882652433926,-1.160129303138232,-1.1201339205648582,-1.1603878661895772,-1.1059385154700057,-1.0450358845513392,-1.1194194924156002,-1.0746627377926528,-1.1481724609134292,-1.0952168735004042,-1.021518477561713,-1.0847580375364823,-1.1437219941926446,-1.1478240283248995,-1.121918000568669,-1.1182575731914361,-1.1029505881951376,-1.0931148155614763,-1.120044641967453,-1.2066068125118472,-1.206358155772986,-1.0899999999999999,-1.0772650555921695,-1.1583177456984763,-1.1039474625180312,-1.1328283188550683,-1.1252110913068711,-1.0664426848171449,-1.1382881884654694,-1.1232542009714452,-1.0768008172359456,-1.088622983406101,-1.0873361945598978,-1.1163780721601442,-1.1063905277974861,-1.0851267207105353,-1.1153026495081952,-1.0407209039891532,-1.0958558299338468,-1.1050339361304702,-1.069439105325778,-1.0552250944703694,-1.1099099062536562,-1.1006816070054046,-1.1182575731914361,-1.0838357809188623,-1.0679419459877022,-1.050761628534274,-1.1868866837234295,-1.0842970072816767,-1.1371455491712572,-1.0717742299570372,-1.072240644631605,-1.0951255635770722,-1.1500869532344065,-1.026791117998203,-1.121739720255996,-1.0541821474489121,-1.1427598172844544,-1.1410959644131602,-1.0958558299338468,-1.118436408563312,-1.1365298060323803,-1.080324025466434,-1.0979526401443735,-1.0297086966710536,-1.1052149112276761,-1.0340696301506973,-1.1562439189029277,-1.1088282103193443,-1.0839280418920807,-1.0576861538282516,-1.1747765745025731,-1.0870602559196063,-1.1687172455303294,-1.1036756769993619,-1.1516509887982558,-1.117810359586992,-1.1413588392788658,-1.124055158788927,-1.1134181604410804,-1.0784711400867433,-1.0979526401443733,-1.1019528120568503,-1.1573677030226823,-1.0984989758757173,-1.1215614116043757,-1.081988909370147,-1.0861399541495562,-1.1479111463872107,-1.138727359818846,-1.0520931517693668,-1.1036756769993619,-1.0576861538282516,-1.124588813744828,-1.0970414759707128,-1.1403946685248927,-1.074011173126239,-1.082635672791175,-1.0702803371079934,-1.0357123152690615,-1.0312613635737546,-1.1412712210513327,-1.211321592311472,-1.1135079703351924,-1.1352092318158797,-1.1648605066702193,-1.1323868596906272,-1.1307077429645558,-1.1187939935484101,-1.1058480908334563,-1.1157508682497181,-1.067754653466797,-1.1352973178863763,-1.1308846094982459,-1.1136875683960918,-1.1011357772772619,-1.122898036332774,-1.0889903580840374,-1.132740040786058,-1.1363538181394033,-1.1655470818461173,-1.1271645842555558,-1.0979526401443733,-1.1363538181394033,-1.1126095451684745,-1.1359137291185453,-1.0288342918079665,-1.035615758860399,-1.098043714976776,-1.0703737664946764,-1.1577132632910447,-1.1258330249197703,-1.0805091392487154,-1.1545994976614185,-1.0989540481748996,-1.0973149046650192,-1.1359137291185455,-1.0711209082078457,-1.140043858805441,-1.1024064586167843,-1.1060289327137875,-1.1247666424641156,-1.0219099764656376,-1.1664904628842878,-1.0700934538627922,-1.157194884191941,-1.088622983406101,-1.1511298797268708,-1.1706835610018618,-1.1628843450661805,-1.2034533642813086,-1.1180787092150535,-1.1585767130406168,-1.1985407794480754,-1.1367937367878131,-0.9845303448853163,-1.1065712810298305,-1.0931148155614763,-1.028153685010174,-1.1640876255677663,-1.1687172455303294,-1.1469524837585907,-1.1573677030226825,-1.1367937367878131,-1.1715374513859982,-1.1411835960966141,-1.1830891766895681,-1.1072939989000212,-1.103313192162588,-1.084665847162157,-1.0075217119248598,-1.0595753866525968,-1.0711209082078457,-1.219959015705036,-1.0977704678119191,-1.1650321883965267,-1.1419719786404567,-1.1683749398202616,-1.1204017136723774,-1.0656922632730332,-1.1105404089901456,-1.1273420066687836,-1.144071676076285,-1.0847580375364823,-1.162024096135704,-1.1603878661895772,-1.121650569473399,-1.1081967334368028,-1.1183469944520799,-1.1707689780652715,-1.1636580253665592,-1.1592670097954136,-1.1322985472038725,-1.1104503590885997,-1.064283796738445,-1.0587256490706174,-1.1559844289608747,-1.033779473582253,-1.1300884921102416,-1.122808977520219,-1.1231651704001508,-1.1113505297609751,-1.12120470923021,-1.1560709320798617,-1.2271511724314978,-1.1061193425666147,-1.152345434320803,-1.082728036027515,-1.092565787492909,-1.0943034314119644,-1.0459923517884824,-1.1292918134831227,-1.0988630487917956,-1.117899816620434,-1.1333578428722326,-1.165375475973302,-1.0968591523071685,-1.080324025466434,-1.0568348972285122,-1.1156612389072231,-1.1001363551851198,-1.1643453096053593,-1.1106304515904468,-1.1667476162392618,-1.1690594510117953,-1.1496521212958293,-1.169658069693874,-1.138727359818846,-1.1846096403457134,-1.0562670116973265,-1.1178103595869917,-1.1050339361304702,-1.0553198567259123,-1.109639581125331,-1.1118003417880389,-1.1542530051942683,-1.1379367293483411,-1.1502608399836969,-1.1021342930877345,-1.1359137291185453,-1.096950317926933,-1.1313266548614507,-1.0908253755757609,-1.092840336005219,-1.1297344820797495,-1.142147100858729,-1.1526925001924841,-1.1403946685248927,-1.1806354221350468,-1.1190621073023606,-1.1119802156513396,-1.0894494022211403,-1.1568491690795304,-1.1584903970253702,-1.1642594212631479,-1.0284454287904632,-1.0090094152187086,-1.1526057435220423,-1.1646029366269002,-1.1457312075700827,-1.0980437149767763,-1.0837435120913066,-1.1116204388189344,-1.129026129015622,-1.1125196627475848,-1.0791200118615167,-1.0651291001564083,-1.1368817000902072,-1.090825375575761,-1.0483797022071726,-1.0716809226630846,-1.1287603820120549,-1.0431203190428227,-1.0644716999526103,-1.1396051947933545,-1.1202231920470136,-1.048951857808546,-1.14109596441316,-1.152258651518833,-1.1151233115669317,-1.154079719950056,-1.1324751652906124,-1.1114405067298923,-1.0714009520249643,-1.1670903992407788,-1.1310614483749326,-1.0573079021741965,-1.1139569111954015,-1.0878878618681247,-1.1513036089581237,-1.0849423947841654,-1.0844814429025516,-1.0407209039891532,-1.0962207806824318,-1.084573648951513,-1.1732433677630572,-1.0969503179269333,-1.109639581125331,-1.1081064930772673,-1.1280514172678477,-1.1822436297142818,-1.1028599185753374,-1.1711959699384216,-1.0781929326423914,-1.0224969437607137,-1.1453820323368096,-1.1670047129296437,-1.080324025466434,-1.0989540481748996,-1.144071676076285,-1.142322196230118,-1.0978615577567146,-1.1153026495081952,-1.1638298844762494,-1.079305332146562,-1.1299115009592564,-1.146778095361086,-1.1552056094046634,-1.1666619047521867,-1.0870602559196063,-1.1990412836929345,-1.0683164325236227,-1.1342398335449166,-1.1664904628842878,-1.0862320194139004,-1.0656922632730332,-1.1341516653428676,-1.0338762014864256,-1.1297344820797495,-1.1210263154805957,-1.1177208953938367,-1.0701868995647443,-1.1112605455067681,-1.1573677030226825,-1.0866922287382015,-1.0713076122197585,-1.0246462804304712,-1.146080276420461,-1.1256553646654024,-1.0388936422945325,-1.0331021246711285,-1.048951857808546,-1.0534229919647662,-1.0854031509075326,-1.1396929411029972,-1.12769676775275,-1.0457055034760026,-1.0702803371079934,-1.086876257906115,-1.0646595700034824,-1.1037662796081424,-1.1521718621802912,-1.1414464507807627,-1.1156612389072231,-1.1292032589396828,-1.122007130102122,-1.1182575731914361,-1.143984265626062,-1.120044641967453,-1.1291146974510606,-1.1320335684068736,-1.037159582706538,-1.068784356172937,-1.1286717857729944,-1.1116204388189344,-1.0464702575802143,-1.1374093370462544,-1.091283647820309,-1.195867885679685,-1.027277956543408,-1.1037662796081424,-1.14109596441316,-1.1480853626799707,-1.0474254150057654,-1.0748488265798126,-1.0972237693378684,-1.1548592987892508,-1.1065712810298305,-1.1319452283569202,-1.1182575731914361,-1.1552921708381823,-1.1548592987892505,-1.0731728658515365,-1.0594810050208545,-1.0930233300346337,-1.106842355532169,-1.1776671855834313,-1.121739720255996,-1.1712813496338101,-1.0715876072445034,-1.084112540283526,-1.1350330391667018,-1.0944861808172819,-1.0269858811103492,-1.059669759878048,-1.1058480908334563,-1.1076551810017412,-1.0717742299570372,-1.1569356075426152,-1.095216873500404,-1.0924742559895861,-1.0579697538209683,-1.0691585476438936,-1.132651755836718,-1.0613670430157516,-1.1424097338520887,-1.058347768930421,-1.1520850663036997,-1.098043714976776,-1.157972365818805,-1.1209371079592287,-1.1021342930877343,-1.1035850669522491,-1.1367937367878131,-1.127253298952813,-1.1376730637577739,-1.1485207877961983,-1.1014989786649827,-1.1281400622263178,-1.184356365288759,-1.074197374787334,-1.0763363786474933,-1.1131486872830603,-1.0877959367454908,-1.0556988206870368,-1.0750348831549605,-1.1403946685248927,-1.0542770034483349,-1.0536128321162381,-1.0974060324237334,-1.142322196230118,-1.0855873986004074,-1.0519030373565805,-1.1321219015636081,-1.1479982578383994,-1.193859288191033,-1.0646595700034824,-1.1507823425826451,-1.116198907005378,-1.0809717850156866,-1.1173629669896885,-1.0261091559868276,-0.9833107342035883,-1.0882554847093582,-1.1081064930772673,-1.0891739989551714,-1.1590081966923271,-1.1407453703609758,-1.1964530914331744,-1.1744360348695029,-1.1045813686641648,-1.0919249058428881,-1.1004998864152598,-1.1183469944520799,-1.1103603018840325,-1.064283796738445,-1.0660675400742674,-1.0657860948614408,-1.1920989891783316,-1.1293803610830144,-1.113777356566383,-1.1605602095539895,-1.061272820720478,-1.1420595431062253,-1.0778218776773831,-1.1573677030226823,-1.1147645491313403,-1.0188719252192593,-1.199374837154757,-1.053138167573467,-1.11476454913134,-1.1617658972443632,-1.0461835403025608,-1.1569356075426152,-1.0797684937059424,-1.1564168798491312,-1.0780074211247344,-1.101680534456337,-1.0940292500660118,-1.1063905277974861,-1.1131486872830603,-1.1015897603009934,-1.1150336317797773,-1.1252110913068711,-1.0120770721639731,-1.1182575731914361,-1.1116204388189344,-1.0971326264403953,-1.124588813744828,-1.13017697729161,-1.0635318518972527,-1.132828318855068,-1.0859558002055147,-1.1855378526221758,-1.1531261856362467,-1.1591807451816996,-1.1923506195746283,-1.1196874563912913,-1.0896329657274508,-1.144071676076285,-1.002047903046556,-1.06268527796333,-1.1364418154925486,-1.11431593365616,-1.2032871643959309,-1.1103603018840327,-1.1624543001770007,-1.128937553631732,-1.1058480908334563,-1.1447707194019245,-0.9996499387285531,-1.101044958210154,-1.1424097338520887,-1.125299960010663,-1.1085576214162256,-1.133093111796202,-1.1391663618629193,-1.136089785184252,-1.168973909033046,-1.0869682608061746,-1.13652980603238,-1.1958678856796847,-1.1058480908334563,-1.1552921708381823,-1.1153026495081952,-1.182835576062878,-1.1321219015636081,-1.1527792503337315,-1.1035850669522491,-1.1195088208674375,-1.1519982638875808,-1.083558950865157,-1.1363538181394033,-1.152692500192484,-1.1100900864344299,-1.145993019175946,-1.1408330289748803,-1.1019528120568503,-1.1527792503337315,-1.0789346597454361,-1.1409206808538443,-1.1245888137448283,-1.1389907813498754,-1.1172734669721642,-1.0805091392487156,-1.0818964830333815,-1.143984265626062,-1.0034440691936946,-1.1620240961357042,-1.1550324670761425,-1.140745370360976,-1.1139569111954015,-1.1276080879454526,-1.1480853626799707,-1.064283796738445,-1.1490430801323335,-1.1021342930877343,-1.152258651518833,-1.0668176976409793,-1.1737546592026802,-1.022399139279763,-0.98351410767716,-1.100409014866745,-1.091924905842888,-1.138902980942626,-1.0219099764656376,-1.1640876255677663,-1.035229443167069,-1.1268096556206821,-1.028056418685278,-1.1072036849649662,-1.0961295543867065,-1.054371850914088,-1.1081967334368028,-1.142584788976293,-1.1683749398202616,-1.0302912209661887,-1.1754573577973808,-1.0962207806824318,-1.0445573225055673,-1.1032225523438144,-1.0655045753069294,-1.111080555135405,-1.1982069938036584,-1.140043858805441,-1.10013635518512,-1.1430223094935636,-1.1286717857729944,-1.1557248807566618,-1.1188833719382911,-1.1489560478973946,-1.1309730323929037,-1.1926021968787412,-1.1076551810017412,-1.0149384217774002,-1.0571187255932988,-1.1293803610830144,-1.1447707194019245,-1.1145851246091525,-1.1263658375501273,-1.1641735265844178,-1.1404823540940912,-1.163915804515086,-1.1527792503337315,-1.068971468281544,-1.084665847162157,-1.1141364368873319,-1.1051244273836318,-1.1235212503553282,-1.0712142642814275,-1.1719641632746285,-1.0883473710171767,-1.0861399541495562,-1.0688779163215973,-1.0542770034483346,-1.1551190414844696,-1.0711209082078457,-1.1157508682497181,-1.0769865365917999,-1.1087380213558116,-1.085034561661517,-1.1646887996370532,-1.1583177456984763,-1.0720541031123383,-1.0913752791776072,-1.152258651518833,-1.1012265888544466,-1.0916501271011696,-1.169914526792449,-1.1170049238924598,-1.1396929411029972,-1.1031319050775388,-1.1744360348695029,-1.1229870880824944,-1.0958558299338468,-1.1527792503337315,-1.0709341716464182,-1.1446833623321342,-1.1136875683960918,-1.1596982366115764,-1.1179892664958817,-1.0903669107231748,-1.1445086281894077,-1.049047186736612,-1.1210263154805955,-1.1260994627474077,-1.060801583709225,-1.091375279177607,-1.0611785900591852,-1.1295574354586844,-1.140043858805441,-1.0859558002055147,-1.0975882652433926,-1.1195088208674375,-1.0196568050084303,-1.118883371938291,-1.1001363551851198,-1.09,-1.1344161493913951,-1.162024096135704,-1.1014989786649827,-1.0839280418920805,-1.1168258592994702,-1.1152129841424911,-1.1646029366269004,-1.1578860047517632,-1.1192408141235737,-1.0945775440780794,-1.0495237014951115,-1.1382881884654694,-1.109459327780879,-1.0557935404235053,-1.1115304764152891,-1.1382003338604325,-1.1432847414358331,-1.1369696565871932,-1.1576268828944842,-1.0967679791095288,-1.0974060324237334,-1.1288489712977552,-1.0723339032223125,-1.1055767725490617,-1.0793979803575695,-1.1127892882302561,-1.0377379245262264,-1.1066616465749592,-1.13758516164725,-1.1178998166204341,-1.0793979803575695,-1.162540321881353,-1.1032225523438144,-1.068971468281544,-1.13758516164725,-1.1517378173872732,-1.137321414552632,-1.064283796738445,-1.0909170454255446,-1.0884392495679307,-1.1695725714978102,-1.070467187726929,-1.0799537027113708,-1.1563304026099115,-1.0300970828033638,-1.0588200980336555,-1.08660020246639,-1.1235212503553282,-1.0938464243210744,-1.1473011810331235,-1.1644311916124541,-1.1592670097954136,-1.1479982578383994,-1.0237675517420934,-1.1256553646654024,-1.1040380428228005,-1.0692520750505936,-1.0455142275454696,-1.0774506949276146,-1.1344161493913951,-1.0737318100903968,-1.1724760125478049,-1.0526632889960588,-1.195867885679685,-1.1868866837234295,-1.0461835403025608,-1.107113363662457,-1.1165572085656874,-1.1553787257864843,-1.085034561661517,-1.0856795107212809,-1.10837719211467,-1.0714009520249643,-1.1710251918724892,-1.0893576088686396,-1.1039474625180312,-1.061461256947233,-1.1578860047517632,-1.0735455276791943,-1.1232542009714452,-1.1550324670761423,-1.1009541316512692,-1.1286717857729944,-1.0646595700034824,-1.0497142468310126,-1.0798611021793496,-1.1077454581265498,-1.0323274674249445,-1.1396051947933545,-1.173499041328965,-1.1420595431062253,-1.1981235328629516,-1.1208478933378963,-1.0685036265731624,-1.1641735265844178,-1.033779473582253,-1.153819743287486,-1.0302912209661887,-1.1312382596075858,-1.156503350622038,-1.1543396380615196,-1.08816359064251,-1.1187939935484101,-1.0885311203635841,-1.0806942213225719,-1.1523454343208028,-1.1073843054694246,-1.0818964830333815,-1.1670903992407784,-1.0628734637763801,-1.160301684907852,-1.004937809021036,-1.100863297598753,-1.184525221343978,-1.1368817000902072,-1.1034944494649714,-1.0908253755757609,-1.0537077393660919,-1.122898036332774,-1.1565898149300813,-1.1644311916124543,-1.1537330713817646,-1.1159301053381434,-1.1026785569693462,-1.1564168798491312,-1.1836807001890333,-1.0870602559196063,-1.1709397934992216,-1.090642012761291,-1.0325211862233143,-1.1437219941926446,-1.1610770861575042,-1.0805091392487154,-1.1761377470347596,-1.0911920087683928,-1.1036756769993619,-1.0958558299338468,-1.1210263154805957,-1.1628843450661808,-1.1042191811411357,-1.1006816070054048,-1.0656922632730332,-1.098134782255803,-1.0984989758757173,-1.1701709276853531,-1.1202231920470134,-1.0724271537032246,-1.1075648965184839,-1.1291146974510604,-1.1394296819023102,-1.1025878649794763,-1.0779146533933008,-1.1402192771568107,-1.1480853626799707,-1.1473883387938018,-1.0880716888146662,-1.0557935404235053,-1.1627123461974591,-1.0775435026020992,-1.1717081547894084,-1.09,-1.1714520903562382,-1.1988744721612852,-1.161765897244363,-1.110630451590447,-1.1589219128138013,-1.1313266548614507,-1.0660675400742674,-1.0714942836991712,-1.1353853971229328,-1.062591172558854,-1.1894116192470965,-1.1121600604229591,-1.2078493283518437,-1.1418844074598795,-1.1557248807566618,-1.1322985472038725,-1.0296115772464878,-1.109188892840169,-1.1037662796081424,-1.1294689017409907,-1.0936635680134912,-1.1093691901256317,-1.1723054209547954,-1.15987068244697,-1.0849423947841657,-1.1276080879454526,-1.1084674104365901,-1.1469524837585905,-1.0984079387914127,-1.014051280754578,-1.1341516653428676,-1.1065712810298305,-1.1832582135780847,-1.1712813496338104,-1.1009541316512692,-1.0835589508651573,-1.1354734695271396,-1.0883473710171767,-1.1411835960966141,-1.1193301568348815,-1.0710275439968853,-1.1462547709824373,-1.1505216208311777,-1.0236698686588366,-1.1463420083029323,-1.2098346994527804,-1.0949429208867465,-1.0920164833920778,-1.088898526034451,-1.1181681447796659,-1.1416216536138406,-1.0591033943860249,-1.0078194282707593,-1.0324243313676795,-1.146778095361086,-1.1455566332573872,-1.0671925786848409,-1.2185647295076287,-1.058158778255891,-1.2049481316637658,-1.16957257149781,-1.0936635680134912,-1.166576186967658,-1.0686907878334126,-1.0685036265731622,-1.1352973178863763,-1.0838357809188623,-1.161163209889118,-1.1711959699384216,-1.1377609590770814,-1.125921844534513,-1.1526925001924841,-1.153819743287486,-1.1199553562530964,-1.1206694427885504,-1.1072939989000212,-1.084112540283526,-1.1185258155268478,-1.13758516164725,-1.0331989159885913,-1.0043405796840033,-1.1287603820120549,-1.124855546281388,-1.1034944494649712,-1.107835727894709,-1.092748827498799,-1.1527792503337315,-1.1081967334368028,-1.117631424039249,-1.1223635774560754,-1.1532996141506333,-1.0914669028422253,-1.0781001808737443,-1.0617438485811914,-1.1302654555457317,-1.0806942213225719,-1.0950342460398212,-1.1807201192492656,-1.09,-1.1734138229968147,-1.1960351165413163,-1.1284059553192725,-1.1057576588023255,-1.1191514642799698,-1.1513904637437293,-1.1749468073066116,-1.1374093370462544,-1.0702803371079934,-1.085126720710535,-1.1586630226256467,-1.0751278993682567,-1.1385517116055817,-1.1170049238924598,-1.059669759878048,-1.1898319209031165,-1.0756858277396797,-1.1127892882302561,-1.113867137498903,-1.0833743581975717,-1.0526632889960588,-1.084573648951513,-1.0733592129385203,-1.104128615696559,-1.2054459755625715,-1.1383760362902937,-1.1196874563912913,-1.1057576588023255,-1.0623088063270494,-1.0412012293500235,-1.1090085662428402,-1.1738398527908311,-1.1085576214162256,-1.1421471008587292,-1.1638298844762494,-1.1345042970390196,-1.168546105209375,-1.0883473710171767,-1.2229881438509531,-1.187981481337146,-1.0332956982393762,-1.1152129841424911,-1.1905880899790657,-1.058536725862641,-1.1873921003611234,-1.1535597080342221,-1.1698290473398238,-1.1497391008398383,-1.11,-1.0789346597454361,-1.0811567878897121,-1.1170944454252738,-1.131591799192624,-1.1500869532344065,-1.1198660634200859,-1.1244109569014347,-1.0057335631269348,-1.1067520047418031,-1.135825690852254,-1.1599568957508724,-0.9804590761474953,-1.0896329657274508,-1.1481724609134292,-1.0327148686835101,-1.0777290939749191,-1.1099099062536562,-1.1365298060323803,-1.055035544424926,-1.1100900864344299,-1.1241441188744439,-1.125921844534513,-1.1251222155837115,-1.1308846094982457,-1.0470434565957616,-1.1026785569693462,-1.1430223094935636,-1.0926573113286708,-1.0685036265731622,-1.1273420066687836,-1.091833320612629,-1.1488690090693543,-1.1286717857729944,-1.0787492757819122,-1.0548459603183775,-1.090642012761291,-1.1586630226256467,-1.06155546251715,-1.0417773274553443,-1.1225417586887356,-1.1621101496846158,-1.0730796801729123,-1.0870602559196063,-1.1120701416727274,-1.1313266548614507,-1.0871522432483869,-1.1273420066687838,-1.1554652742510265,-1.1255665240224588,-1.1025878649794765,-1.0646595700034824,-1.0935721283939162,-1.0629675441893793,-1.1533863186287585,-1.0457055034760026,-1.144071676076285,-1.0653168542738822,-1.1092790451459902,-1.0822661410207748,-1.0678483038334612,-1.136001760562016,-1.0833743581975717,-1.0604244433244643,-1.1140466776576283,-1.086416126537157,-1.1748616939878498,-1.0900917392586735,-1.0772650555921695,-1.0910087075729507,-1.059764124699454,-1.1418844074598795,-1.1021342930877343,-1.1624543001770005,-1.126010657143173,-1.0736386729249277,-1.1285831825789359,-1.080324025466434,-1.1424097338520887,-1.1417092449481172,-1.1851160280748885,-1.17,-1.1218288639538565,-1.105667219374799,-1.0565509926170151,-1.0554146104730595,-1.1198660634200859,-1.0872442227944925,-1.0906420127612908,-1.0918333206126292,-1.1168258592994702,-1.0963119993870358,-1.0950342460398212,-1.0900917392586738,-1.030194156457898,-1.094668899713516,-1.0793053321465618,-1.0636258740741502,-1.1385517116055817,-1.1784311604841413,-1.1526925001924841,-1.1387273598188463,-1.1880656547514536,-1.1318568814121333,-1.1797881165700899,-1.1982904489313098,-1.1652038448271616,-1.1059385154700057,-1.1211155159036914,-1.1063905277974861,-1.1300884921102416,-1.2015406776301834,-1.1479111463872105,-1.0880716888146662,-1.0960383204979651,-1.1790250209389113,-1.1031319050775388,-1.1018620603324176,-1.1583177456984763,-1.0967679791095288,-1.15987068244697,-1.080324025466434,-1.136089785184252,-1.1707689780652712,-1.0631556800393818,-1.1569356075426152,-1.0784711400867433,-1.1024064586167843,-1.103313192162588,-1.1252110913068711,-1.1019528120568503,-1.208014900570353,-1.0753139076567364,-1.0749418588928425,-1.1962023240238249,-1.011582918005242,-1.1044908329180465,-1.0879797792238606,-1.0309704166463751,-1.1654612820681776,-1.193440404879942,-1.1732433677630572,-1.1512167476196653,-1.082728036027515,-1.1113505297609751,-1.1937755232873557,-1.151911454930456,-1.0802314566795397,-1.120044641967453,-1.0786565718522276,-1.151477311977965,-1.1442464769445435,-1.0917417276993675,-1.1126994203287788,-1.0580642702596095,-1.1212938954618454,-1.1139569111954015,-1.1153923076657828,-1.0963119993870358,-1.0930233300346337,-1.077357879258327,-1.1724760125478049,-1.0863240768757727,-1.0762434668791259,-1.118436408563312,-1.0505712731652241,-1.167946916601949,-1.0168087332433766,-1.113058848399311,-1.1382881884654694,-1.0781001808737443,-1.1313266548614507,-1.0907336980216573,-1.0917417276993677,-1.0887148386974432,-1.1057576588023255,-1.1568491690795304,-1.1060289327137875,-1.082450922675019,-1.150782342582645,-1.0590089706891062,-1.1506085346459063,-1.1650321883965267,-1.1835117236428205,-1.10049988641526,-1.0815266986995744,-1.1482595525402783,-1.1114405067298923,-1.1035850669522491,-1.0944861808172819,-1.121918000568669,-1.102769241500687,-1.0521881960942159,-1.1780067911519017,-1.1144954015158608,-1.135825690852254,-1.018479258502597,-1.1073843054694246,-1.1469524837585905,-1.095582037092613,-1.1121600604229591,-1.1774124171249427,-1.1288489712977552,-1.0714942836991712,-1.0444615837837214,-1.1533863186287585,-1.1161989070053777,-1.2085942247090213,-1.1794490239090454,-1.1212938954618454,-1.101680534456337,-1.1072036849649662,-1.137848847606746,-1.1185258155268478,-1.1437219941926446,-1.1215614116043757,-1.0968591523071682,-1.0963119993870358,-1.0974971526158963,-1.0764292823962007,-1.0665364503850772,-1.0880716888146662,-1.1024064586167843,-1.1367057666784313,-1.1809741741460733,-1.088806686239573,-1.0748488265798126,-1.077543502602099,-1.1220962525559026,-1.049904757585182,-1.1210263154805957,-1.1517378173872732,-1.1205802068571442,-1.106480908104609,-1.1155716023635598,-1.0684100336481306,-1.0719608201795436,-1.07289328453486,-1.0716809226630843,-1.1142261888862601,-1.073824939177704,-1.1591807451816996,-1.0901834707974618,-1.0643777524920368,-1.1236992480196828,-1.1175419455215092,-1.1294689017409907,-1.101680534456337,-1.143634557015483,-1.1323868596906272,-1.0415853301578322,-1.131591799192624,-1.0680355799316799,-1.1130588483993107,-1.0714009520249643,-1.0989540481748998,-1.072706856508338,-1.1284945724282416,-1.1532996141506335,-1.042544963059148,-1.0754068997360953,-1.128583182578936,-1.0600471687618431,-1.192937550754439,-1.1177208953938367,-1.1612493272333895,-1.1024971655292362,-1.1297344820797495,-1.0907336980216573,-1.1300884921102419,-1.0646595700034824,-1.1446833623321342,-1.1258330249197703,-1.1244109569014347,-1.1193301568348812,-1.1553787257864843,-1.043695357851131,-1.0786565718522276,-1.1307077429645558,-1.1336225121265013,-1.1231651704001508,-1.1034038245356956,-1.1102702373746671,-1.1031319050775388,-1.0771722239270747,-1.1307077429645558,-1.0958558299338468,-1.0490471867366118,-1.0793979803575695,-1.1396929411029972,-1.0646595700034824,-1.1687172455303294,-1.0830050784737806,-1.104581368664165,-1.143547113152755,-1.2044500819876263,-1.1126095451684745,-1.0545615202537972,-1.1806354221350468,-1.1008632975987527,-1.0311643903859364,-1.1154819586169915,-1.1757976016304847,-1.1723054209547954,-1.087887861868125,-1.06061303028013,-1.1505216208311775,-1.1944454780357285,-1.1150336317797773,-1.153126185636247,-1.067754653466797,-1.1513904637437293,-1.0608958478568948,-1.1429348187888932,-1.1728171212938527,-1.156503350622038,-1.157886004751763,-1.1118003417880389,-1.0566456359631644,-1.1445086281894077,-1.1072036849649662,-1.1335342959081565,-1.0885311203635841,-1.1076551810017412,-1.162282237668631,-1.0365809182114052,-1.1273420066687836,-1.0614612569472333,-1.2032040558442278,-1.025329215423027,-1.1322102278287367,-1.0799537027113708,-1.1369696565871932,-1.0917417276993675,-1.0661613386350117,-1.106752004741803,-1.03435970532499,-1.111170553965502,-1.0974060324237334,-1.0977704678119193,-1.0735455276791945,-1.1491301057756689,-1.0560776486603625,-1.035326035604244,-1.0568348972285124,-1.1830891766895681,-1.0814342328593078,-1.0800462953040486,-1.0817116066678771,-1.033392471426031,-1.1447707194019245,-1.2087596948939023,-1.095216873500404,-1.1109005356016353,-1.0732660434393704,-1.1357376457615551,-1.0554146104730595,-1.124588813744828,-1.1452947218947618,-1.059008970689106,-1.1051244273836316,-1.1532129031536198,-1.1391663618629195,-1.1571084650973735,-1.1283173312503891,-1.1235212503553282,-1.0502856754235963,-1.07,-1.1377609590770814,-1.1740953964648697,-1.0762434668791259,-1.1520850663036997,-1.0773578792583272,-1.1367937367878131,-1.2084287318663025,-1.0910087075729507,-1.0384122495425407,-1.1390785749894516,-1.196202324023825,-1.0978615577567146,-1.0366773847248718,-1.0842047777057615,-1.0513324878457813,-1.081434232859308,-1.1126994203287786,-1.143547113152755,-1.1481724609134292,-1.0882554847093582,-1.084020295012967,-1.1455566332573872,-1.1403069762129845,-1.1298229949863827,-1.173499041328965,-1.1073843054694248,-1.1684605256490268,-1.1225417586887356,-1.098134782255803,-1.132651755836718,-1.167946916601949,-1.1182575731914361,-1.1106304515904468,-1.1007724560507497,-1.0971326264403953,-1.1117103939425952,-1.1080162453682707,-1.0804165863221464,-1.0870602559196063,-1.1464292389851194,-1.1587493257818966,-1.0754068997360953,-1.1724760125478046,-1.094668899713516,-1.1113505297609751,-1.1599568957508724,-1.1080162453682707,-1.182920115646023,-1.1019528120568503,-1.0472344532147517,-1.1280514172678477,-1.0962207806824318,-1.104852931389513,-1.0440785411069418,-1.1759676866308868,-1.146516463030514,-1.0809717850156866,-1.088622983406101,-1.1371455491712572,-1.1086478250553689,-1.0494284158531253,-0.9946356116689167,-1.1232542009714452,-1.1663189958154674,-1.081988909370147,-1.1036756769993619,-1.1549458861782225,-1.0493331215586401,-1.095673308974897,-1.088898526034451,-1.0994089321085216,-1.1634001891008958,-1.0802314566795397,-1.1196874563912913,-1.0616496597277276,-1.1599568957508724,-1.0400480758118829,-1.1190621073023606,-1.1236102527122116,-1.1095494581135175,-1.0828203913853858,-1.0362914647916386,-1.0085137579626766,-1.1238772174930853,-1.0759646834352883,-1.15987068244697,-1.105305387664423,-1.149304137293519,-1.167261752992875,-1.1759676866308868,-1.1258330249197703,-1.1725612990372827,-1.1093691901256317,-1.1593532679903913,-1.0452272480183435,-1.1109005356016353,-1.1302654555457317,-1.1778370006074694,-1.1087380213558116,-1.1511298797268708,-1.1577996372429902,-1.0441743149493765,-1.1197767634667188,-1.0815266986995742,-1.1324751652906127,-1.1763927915454089,-1.0549407566304376,-1.092291169972549,-1.121918000568669,-1.0892658077806354,-1.1406577050105784,-1.1855378526221758,-1.0984079387914127,-1.067379969832674,-1.0944861808172819,-1.132828318855068,-1.1235212503553282,-1.0856795107212809,-1.084020295012967,-1.1243220179290274,-1.1346805717910218,-1.0715876072445034,-1.1080162453682707,-1.0502856754235963,-1.120044641967453,-1.1637439580938755,-1.147214016650773,-1.1382881884654694,-1.1236992480196826,-1.0859558002055147,-1.111080555135405,-1.0492378186092988,-1.122007130102122,-1.1116204388189344,-1.1573677030226823,-1.0290286682109493,-1.1067520047418031,-1.0900917392586735,-1.1300884921102416,-1.1243220179290274,-1.1565898149300813,-1.0787492757819122,-1.098134782255803,-1.1101801655587258,-1.1394296819023102,-1.1864653387267576,-1.134063490286148,-1.068971468281544,-1.1084674104365901,-1.1384638773364748,-1.1213830746002902,-1.1481724609134292,-1.039759587597056,-1.1670903992407786,-1.1303539268742335,-1.1221853679316978,-1.1077454581265498,-1.098043714976776,-1.092565787492909,-1.115212984142491,-1.0716809226630843,-1.1526057435220423,-1.0523782589924593,-1.157972365818805,-1.1347686988985906,-1.1557248807566618,-1.1155716023635596,-1.1195088208674375,-1.090275194618313,-1.0806942213225719,-1.173072887761029,-1.0913752791776072,-1.1163780721601442,-1.1106304515904468,-1.1765627905046123,-1.1434596626029272,-1.2130539971493437,-1.0331021246711285,-1.113687568396092,-1.1284059553192725,-1.0604244433244643,-1.0522832318344713,-1.1291146974510604,-1.11879399354841,-1.1694870670511923,-1.1427598172844546,-1.0891739989551714,-1.136001760562016,-1.1670047129296437,-1.1506085346459063,-1.1292032589396828,-1.1734138229968147,-1.1227199116431488,-1.0617438485811916,-1.0195587280779856,-1.1565033506220377,-1.187981481337146,-1.142147100858729,-1.1090085662428402,-1.123521250355328,-1.0718675291284834,-1.050380883299006,-1.1256553646654024,-1.1476497723608887,-0.9988493379884675,-1.1144056711987784,-1.0844814429025513,-1.1475626344561765,-1.0860478810807561,-1.0684100336481308,-1.120044641967453,-1.1318568814121333,-1.1273420066687838,-1.1180787092150533,-1.0899082530194915,-1.0877040038539896,-1.1455566332573872,-1.09,-1.0717742299570372,-1.1382881884654694,-1.0806016842481783,-1.1717081547894084,-1.0953994705129266,-1.1560709320798617,-1.0950342460398215,-1.0578752289377042,-1.0479980916013159,-1.110180165558726,-1.1260994627474077,-1.120580206857144,-1.1478240283248997,-1.0790273397833812,-1.1050339361304702,-1.1635720862928949,-1.10077245605075,-1.0717742299570372,-1.0609901036296239,-1.1424972647669667,-1.1405700329221349,-1.0607073111843812,-1.1402192771568107,-1.1702563821658911,-1.047807234180028,-1.1081967334368028,-1.1019528120568503,-1.1225417586887358,-1.1028599185753376,-1.1211155159036914,-1.1068423555321687,-1.0874281585465773,-1.1271645842555558,-1.124055158788927,-1.0907336980216573,-1.1239661916623649,-1.072147377928986,-1.129026129015622,-1.1246777316191514,-1.060801583709225,-1.155551816233266,-1.1713667231059621,-1.1089183919477574,-1.0686907878334126,-1.1402192771568107,-1.10837719211467,-1.0297086966710536,-1.1247666424641158,-1.1574541027617467,-1.0988630487917956,-1.1445086281894077,-1.0709341716464182,-1.070467187726929,-1.1407453703609758,-1.0713076122197582,-1.0986810274142356,-1.1950313803411188,-1.1326517558367177,-1.1089183919477574,-1.1741805653305628,-1.0703737664946764,-1.1830046491878212,-1.0708407911543152,-1.0494284158531253,-1.1113505297609751,-1.1604740410711478,-1.06155546251715,-1.085034561661517,-1.1284945724282416,-1.0644716999526103,-1.1027692415006867,-1.1215614116043757,-1.1593532679903913,-1.0877040038539898,-1.0891739989551716,-1.0963119993870358,-1.1973721226085063,-1.1347686988985906,-1.1430223094935636,-1.1353853971229328,-1.1139569111954015,-1.0924742559895861,-1.037448793917078,-1.1210263154805957,-1.191091935998225,-1.0423531071570706,-1.0945775440780796,-1.1191514642799696,-1.1746914488494415,-1.1324751652906124,-1.062402936742929,-1.1229870880824944,-1.1842719282327012,-1.0980437149767763,-1.036001930500132,-0.9807650075323855,-1.1153026495081952,-1.1633142309797468,-1.086139954149556,-1.0676609948855489,-1.1019528120568503,-1.1894116192470965,-1.0468524251297315,-1.0838357809188623,-1.1507823425826451,-1.1244109569014347,-1.1015897603009934,-1.1005907504608605,-1.062779375035101,-1.146167527022119,-1.1371455491712572,-1.0754068997360953,-1.0449401896759452,-1.120490963818986,-1.1464292389851194,-1.1231651704001508,-1.072240644631605,-1.2008746812219833,-1.1008632975987527,-1.104943437466371,-1.1257441982972862,-1.1150336317797775,-1.0599528291391085,-1.082450922675019,-1.1140466776576285,-1.1119802156513396,-1.1721348045340176,-1.0872442227944925,-1.1696580696938743,-1.1339753083731585,-1.043599540053559,-1.136265813971361,-1.1081064930772675,-1.1478240283248997,-1.0883473710171767,-1.029805806936434,-1.0787492757819122,-0.9895958771134812,-1.144071676076285,-1.1233432244866215,-1.1303539268742335,-1.0414893182361498,-1.179957626357828,-1.0874281585465773,-1.033585990617133,-1.1628843450661805,-1.1335342959081565,-1.1047624178980746,-1.058536725862641,-1.1345042970390196,-1.194026800369238,-1.1379367293483411,-1.138639539099183,-1.0461835403025608,-1.1344161493913951,-1.1105404089901456,-1.0806016842481785,-1.2170866854912183,-1.0579697538209683,-1.1319452283569202,-1.102225022397877,-1.0979526401443735,-1.197205078505767,-1.139254141971843,-1.1284059553192725,-1.0746627377926528,-1.062402936742929,-1.076057619275102,-1.0400480758118829,-1.0518079672639868,-1.1018620603324176,-1.0364844427197157,-1.0714009520249643,-1.0938464243210744,-1.1612493272333897,-1.0103959619871805,-1.0778218776773831,-1.0595753866525968,-1.0037429949942367,-1.041969289374692,-1.1381124724736127,-1.034842983258813,-1.1496521212958293,-1.1046718969902332,-1.1941105476462386,-1.0573079021741965,-1.1415340555585716,-1.1075648965184839,-1.1086478250553689,-1.1236992480196826,-1.1193301568348812,-1.127164584255556,-1.1452074047961793,-1.0944861808172819,-1.0860478810807561,-1.0540872829135164,-1.14083302897488,-1.0970414759707128,-1.0754068997360953,-1.0460879504133485,-1.0117806086301517,-1.113597772986279,-1.0942120452636226,-1.109188892840169,-1.0837435120913066,-1.1438968484964018,-1.0878878618681247,-1.1554652742510265,-1.072240644631605,-1.1705127081753535,-1.1144954015158608,-1.1137773565663829,-1.0904586191139944,-1.1458184847522752,-1.0917417276993677,-1.1960351165413163,-1.1478240283248997,-1.1433722053644648,-1.0951255635770722,-1.0816191566350883,-1.1686316785026838,-1.0579697538209683,-1.086047881080756,-1.099136024339117,-1.061838029079765,-1.1545128842936314,-1.14564392373896,-1.172731853408954,-1.0296115772464876,-1.2049481316637658,-1.1268096556206821,-1.064283796738445,-1.125299960010663,-1.0663489110042734,-1.1796185824239969,-1.153126185636247,-1.0995908329919815,-1.1138671374989029,-1.129822994986383,-1.1454693361238442,-1.0568348972285122,-1.0754068997360953,-1.2002083152519816,-1.1063905277974861,-1.1072939989000212,-1.059292216529509,-1.1142261888862601,-1.10049988641526,-1.1139569111954015,-1.139254141971843,-1.1090987332063813,-1.144071676076285,-1.1913437790998869,-1.0960383204979651,-1.1581450686334591,-1.1273420066687838,-1.177497346069196,-1.1784311604841413,-1.1778370006074694,-1.064377752492037,-1.13,-1.1452074047961793,-1.157281296833229,-1.119598142192099,-1.1661475035346085,-1.1281400622263178,-1.1873078791956198,-1.2165114056185418,-1.0761505470890214,-0.9965440281292142,-1.169144986731757,-1.074476616776745,-1.1846096403457131,-1.160215497224546,-1.078563859954523,-1.1530394615970436,-1.1433722053644648,-1.1075648965184839,-1.127253298952813,-1.1104503590885997,-1.0878878618681247,-1.102225022397877,-1.0829127388668027,-1.1570220395480806,-1.0892658077806352,-1.1151233115669315,-1.0621205204683695,-1.128228700219951,-1.1513904637437293,-1.1155716023635596,-1.11476454913134,-1.0727068565083382,-1.0798611021793496,-1.1105404089901456,-1.1761377470347596,-1.113597772986279,-1.1522586515188333,-1.1981235328629516,-1.144071676076285,-1.1034944494649712,-1.100409014866745,-1.0603301372685772,-1.0910087075729507,-1.1079259903080168,-1.094486180817282,-1.1081064930772673,-1.0875201147565041,-1.0782856764327344,-1.1469524837585905,-1.1580587204455566,-1.1271645842555558,-1.1393419153177855,-1.1449454135459909,-1.1164676439557037,-1.101680534456337,-1.0884392495679305,-1.1487819636467138,-1.0691585476438936,-1.127785440586994,-1.093937841012916,-1.110720486891279,-1.201207725582882,-1.0911920087683926,-1.1034944494649712,-1.0045396955820114,-1.1338871196022997,-1.106752004741803,-1.1059385154700057,-1.0416813332300814,-1.0634378214075328,-1.1683749398202616,-1.0663489110042734,-1.136089785184252,-1.1081967334368028,-1.091558518816101,-1.1742657280190032,-1.188570570054635,-1.053707739366092,-1.124233071920587,-1.09,-1.1003181358134564,-1.0803240254664337,-1.1229870880824944,-1.0734523743510935,-1.1225417586887356,-1.1646887996370532,-1.0909170454255448,-1.0909170454255448,-1.105486318323298,-1.0995908329919815,-1.090366910723175,-1.0793979803575695,-1.1199553562530962,-1.1490430801323335,-1.0903669107231748,-1.1213830746002902,-1.1309730323929037,-1.1190621073023608,-1.1030412503619256,-1.144159079848602,-1.1036756769993619,-1.1659759860305872,-1.0944861808172819,-1.1080162453682707,-1.1570220395480806,-1.1485207877961983,-1.1104503590885997,-1.1040380428228005,-1.0701868995647443,-1.1204017136723774,-1.0885311203635843,-1.211321592311472,-1.0628734637763801,-1.0714009520249643,-1.151477311977965,-1.1081064930772673,-1.1460802764204607,-1.065222981351792,-1.1725612990372827,-1.1404823540940912,-1.154166365824269,-1.1676043850551434,-1.157194884191941,-1.1452074047961793,-1.1144056711987784,-1.1565033506220377,-1.1155716023635596,-1.124233071920587,-1.0687843561729373,-1.1652038448271616,-1.0860478810807561,-1.1334460728239346,-1.0208329931972222,-1.1346805717910216,-1.0895411878400927,-1.1307961796893373,-1.1511298797268708,-1.1251222155837115,-1.0672862783714592,-1.1288489712977552,-1.1038568747804218,-1.1236102527122116,-1.1655470818461173,-1.0937549999885716,-1.1336225121265013,-1.1100900864344299,-1.1602154972245458,-1.13758516164725,-1.1300000000000001,-1.1397806806574675,-1.0437911668528337,-1.1348568191626642,-1.0967679791095288,-1.0754068997360953,-1.072147377928986,-1.1131486872830603,-1.1166467659918242,-1.1336225121265013,-1.0787492757819122,-1.1471268456452406,-1.1548592987892508,-1.1225417586887358,-1.1150336317797773,-1.1516509887982558,-1.0653168542738822,-1.13758516164725,-1.0854952786631549,-1.0800462953040486,-1.1819898476721362,-1.1015897603009934,-1.094486180817282,-1.0605187409942363,-1.101135777277262,-1.1416216536138408,-1.1153026495081952,-1.0949429208867467,-1.1526057435220425,-1.137848847606746,-1.1511298797268708,-1.0953994705129266,-1.0815266986995742,-1.1153026495081952,-1.1111705539655017,-1.0324243313676793,-1.1275194011634566,-1.076615065842941,-1.076615065842941,-1.0520931517693668,-1.1178103595869917,-1.1362658139713613,-1.0929318368498557,-1.1799576263578282,-1.160301684907852,-1.062591172558854,-1.0652229813517917,-1.0970414759707128,-1.069532608198553,-1.059764124699454,-1.1090085662428402,-1.136001760562016,-1.148781963646714,-1.1717081547894084,-1.0912836478203087,-1.0651291001564083,-1.1445086281894077,-1.0837435120913066,-1.082081327812286,-1.1145851246091525,-1.0963119993870356,-1.1832582135780847,-1.0842970072816767,-1.1209371079592287,-1.0465658125507444,-1.1730728877610292,-1.002347245219939,-1.0965856099730653,-1.154426264427486,-1.0771722239270747,-1.1063905277974861,-1.0526632889960588,-1.1444212511134175,-1.0932062934323055,-1.1377609590770814,-1.1092790451459904,-1.1195981421920993,-1.1380246043034394,-1.0799537027113708,-1.1481724609134292,-1.0579697538209683,-1.0859558002055147,-1.1989578808281798,-1.1333578428722326,-1.1225417586887358,-1.1357376457615553,-1.1814821200509131,-1.0757787876696585,-1.1585767130406168,-1.092840336005219,-1.1591807451816993,-1.0422571659624125,-1.1347686988985906,-1.0892658077806352,-1.0858637115218466,-1.0975882652433926,-1.1191514642799696,-1.1230761327710603,-1.0953081758117211,-1.0811567878897121,-1.1433722053644648,-1.1542530051942683,-1.1250333328395208,-1.0843892290132728,-1.101771301132862,-1.0793053321465618,-1.1402192771568107,-1.0769865365917999,-1.1569356075426152,-1.1159301053381434,-1.051142235855833,-1.0494284158531253,-1.0555093557141026,-1.0844814429025513,-1.1199553562530964,-1.1654612820681776,-1.1639158045150861,-1.0484750831564857,-1.0750348831549608,-1.0974060324237334,-1.1003181358134566,-1.0531381675734672,-1.1090987332063813,-1.0783784122468327,-1.0694391053257777,-1.0964944140304593,-1.0849423947841654,-1.1185258155268478,-1.1485207877961983,-1.0573079021741965,-1.0849423947841654,-1.1615937327654622,-1.0725203960764569,-1.1470396680150168,-1.082450922675019,-1.1824127874815968,-1.094760247725501,-1.1518246394308467,-1.0594810050208547,-1.1430223094935636,-1.0858637115218466,-1.0715876072445032,-1.0887148386974432,-1.0837435120913066,-1.1441590798486023,-1.0769865365917997,-1.022692524662227,-1.1148542505637227,-1.094760247725501,-1.1351211389098521,-1.0837435120913066,-1.1194194924156002,-1.1020435563080073,-1.1100900864344299,-1.1286717857729944,-1.0751278993682565,-1.1314150432091663,-1.0905503197927182,-1.1637439580938755,-1.074290463515338,-1.0189700682551965,-1.14564392373896,-1.133181362359971,-1.1694015563526499,-1.1493911431710269,-1.1506085346459065,-1.0617438485811914,-1.0438869670610895,-1.084112540283526,-1.1075648965184839,-1.1024971655292362,-1.1429348187888932,-1.0917417276993675,-1.114943944779288,-1.2056948204251356,-1.0877959367454908,-1.1333578428722324,-1.1127892882302561,-1.145993019175946,-1.154426264427486,-1.1652896635600953,-1.0313583276436953,-1.1422346518995121,-1.1786008654332476,-1.1424097338520887,-1.1714520903562382,-1.1454693361238442,-1.076057619275102,-1.120580206857144,-1.1574541027617467,-1.0699999999999998,-1.104943437466371,-1.1064809081046088,-1.123521250355328,-1.062214667569602,-1.0923827168167757,-1.1038568747804218,-1.1303539268742335,-1.1308846094982459,-1.1348568191626645,-1.128937553631732,-1.0440785411069418,-1.0524732775705044,-1.103585066952249,-1.061178590059185,-1.1634001891008958,-1.1157508682497181,-1.1193301568348812,-1.1116204388189344,-1.1221853679316978,-1.170341830406826,-1.2185647295076287,-1.0877959367454908,-1.119240814123574,-1.140043858805441,-1.0471389592599447,-1.062214667569602,-1.1383760362902937,-1.0988630487917956,-1.0412012293500232,-1.1570220395480806,-1.1233432244866213,-1.1803812943282355,-1.1194194924156002,-1.086416126537157,-1.100227249253535,-1.0584422516131904,-1.1623682721065642,-1.108647825055369,-1.1527792503337315,-1.1640017182117903,-1.1615076409563563,-1.062591172558854,-1.1736694594305501,-1.1159301053381434,-1.1134181604410807,-1.1638298844762494,-1.101044958210154,-1.1841874851559613,-1.1305308487608818,-1.1534730165894649,-1.0384122495425407,-1.1291146974510604,-1.1157508682497181,-1.1433722053644648,-1.067941945987702,-1.1099099062536564,-1.0954907576059234,-1.1223635774560754,-1.1218288639538563,-1.175542427988033,-1.1322985472038725,-1.1746914488494415,-1.1181681447796659,-1.1404823540940912,-1.0608958478568948,-1.0712142642814273,-1.0452272480183435,-1.0551303237041385,-1.0786565718522279,-1.1433722053644648,-1.0828203913853858,-1.1497391008398383,-1.105486318323298,-1.1533863186287585,-1.059575386652597,-1.0992270011239715,-1.0452272480183435,-1.070186899564744,-1.10837719211467,-1.1819898476721364,-1.096950317926933,-1.2061094477699774,-1.1087380213558116,-1.0702803371079932,-1.1111705539655017,-1.116378072160144,-1.1140466776576285,-1.1213830746002902,-1.0859558002055147,-1.0945775440780796,-1.0485704554296769,-1.1227199116431488,-1.0751278993682567,-1.0709341716464182,-1.15987068244697,-1.1292918134831227,-1.168032533793473,-1.1284945724282418,-1.129026129015622,-1.093937841012916,-1.1820744477400735,-1.121739720255996,-1.082450922675019,-1.16580444329227,-1.1490430801323332,-1.1637439580938755,-1.142322196230118,-1.0872442227944925,-1.0747557862137798,-1.1341516653428676,-1.2077665337307537,-1.1236992480196826,-1.0562670116973265,-1.0749418588928425,-1.1166467659918244,-1.1113505297609751,-1.124588813744828,-1.1270758625753636,-1.1161093136427094,-1.203536455617361,-1.1537330713817646,-1.1035850669522491,-1.1634001891008958,-1.0798611021793498,-1.1005907504608605,-1.1459057552870566,-1.11476454913134,-1.157540496051866,-1.1336225121265016,-1.092291169972549,-1.1719641632746285,-1.0685972113008717,-1.0911003620199198,-1.1087380213558116,-1.0768936809174803,-1.0456098698845568,-1.0377379245262264,-1.0828203913853858,-1.1760527199067226,-1.1245888137448283,-1.0756858277396797,-1.160990956037126,-1.0711209082078454,-1.127962765342899,-1.1481724609134292,-1.1055767725490617,-1.1752021102772068,-1.1819898476721362,-1.0851267207105353,-1.0882554847093582,-1.1030412503619256,-1.1944454780357285,-1.1015897603009934,-1.0652229813517917,-1.1614215427655885,-1.1349449325848369,-1.1594395197680645,-1.1711959699384216,-1.211156472137271,-1.0870602559196063,-1.1100900864344299,-1.1340634902861482,-1.1104503590885997,-1.1231651704001508,-1.0780074211247344,-1.0300970828033638,-1.0541821474489121,-1.118436408563312,-1.104943437466371,-1.1271645842555558,-1.0605187409942365,-1.1177208953938367,-1.1325634640054392,-1.114854250563723,-1.1917633993373014,-1.091833320612629,-1.094760247725501,-1.0895411878400927,-1.150782342582645,-1.176477794095579,-1.0576861538282516,-1.1632282665066216,-1.1321219015636081,-1.1420595431062253,-1.1097296968181036,-1.1391663618629195,-1.1527792503337315,-1.0416813332300814,-1.1530394615970436,-1.137848847606746,-1.2100826418059223,-1.1393419153177855,-1.1337989239719712,-1.109459327780879,-1.1539064086831305,-1.1431972708154967,-1.0802314566795397,-1.1635720862928949,-1.026498904042279,-1.1047624178980746,-1.1265433857601757,-1.1412712210513327,-1.118257573191436,-1.0778218776773831,-1.131326654861451,-1.10774545812655,-1.1473011810331235,-1.0668176976409793,-1.0457055034760023,-1.041585330157832,-1.1729876384685392,-1.0935721283939164,-1.1639158045150861,-1.049904757585182,-1.1552921708381825,-1.1664904628842878,-1.1348568191626642,-1.1946966142079753,-1.1864653387267579,-1.176562790504612,-1.1916794871105234,-1.1562439189029277,-1.1438094246857735,-1.1255665240224586,-1.0522832318344715,-1.0900917392586738,-1.0492378186092988,-1.1007724560507497,-1.1354734695271396,-1.0907336980216573,-1.0973149046650192,-1.1539064086831305,-1.1155716023635596,-1.083466658462548,-1.1781765572273115,-1.1452947218947618,-1.0726136303441236,-1.142147100858729,-1.0777290939749191,-1.0962207806824316,-1.1185258155268478,-1.1483466375620213,-1.0813417591122616,-1.106752004741803,-1.0580642702596097,-1.0718675291284832,-1.1364418154925486,-1.120758671614902,-1.1591807451816996,-1.1584040745784694,-1.101044958210154,-1.0346496991735898,-1.1183469944520799,-1.1341516653428676,-1.1186152153444007,-1.1281400622263176,-1.1161989070053777,-1.080324025466434,-1.0879797792238604,-1.1204017136723774,-1.033295698239376,-1.1621961968617864,-1.1664904628842878,-1.0777290939749191,-1.047807234180028,-1.132916590045357,-1.0375451797391764,-1.13,-1.0997727037892877,-1.0728000745712127,-1.0708407911543152,-1.129026129015622,-1.0748488265798124,-1.0896329657274508,-1.1026785569693462,-1.2004582458378135,-1.1819898476721362,-1.1508692367076288,-1.110900535601635,-1.1161093136427094,-1.0668176976409793,-1.0750348831549608,-1.197205078505767,-1.1291146974510604,-1.0768936809174803,-1.1553787257864843,-1.1306192993222786,-1.1455566332573872,-1.0974971526158963,-1.0994089321085219,-1.0866922287382017,-1.0798611021793498,-1.1214722466472364,-1.1354734695271396,-1.1269871339105872,-1.0729864864013898,-1.054371850914088,-1.025329215423027,-1.1480853626799707,-1.2168401702770995,-1.1416216536138408,-1.1526925001924841,-1.095764573254675,-1.0966767983321248,-1.0414893182361498,-1.099863627910297,-1.1738398527908311,-1.1478240283248997,-1.0548459603183775,-1.0477117924314874,-1.1646887996370534,-1.1784311604841413,-1.0793053321465618,-1.1175419455215092,-1.099045040023383,-1.139254141971843,-1.1100900864344299,-1.0736386729249279,-1.1308846094982459,-1.0988630487917956,-1.1083771921146701,-1.1028599185753374,-1.134063490286148,-1.1334460728239346,-1.1563304026099115,-1.1510430052782563,-1.0879797792238606,-1.1161093136427094,-1.0760576192751017,-1.0434078780611158,-1.0890821823902914,-1.1721348045340179,-1.1085576214162258,-1.0984989758757173,-1.0660675400742676,-0.9841239759298622,-1.062591172558854,-1.1014081895464551,-1.0567402708329043,-1.1797881165700899,-1.1840185809352826,-1.048665819029113,-1.1486949116279745,-1.1747765745025731,-1.1126994203287786,-1.0989540481748998,-1.0577806956075537,-1.0736386729249279,-1.1276080879454529,-1.0930233300346337,-1.091833320612629,-1.1085576214162258,-1.136001760562016,-1.1716228061966019,-1.087612063191651,-1.1372334852614918,-1.1256553646654024,-1.0330053242844395,-1.120758671614902,-1.1270758625753636,-1.1720494870098275,-1.1253888216967505,-1.0466613587975817,-1.0256217626396196,-1.127785440586994,-1.1115304764152893,-1.1567627241573788,-1.1844407963254222,-1.1493911431710269,-1.1187939935484101,-1.132386859690627,-1.1168258592994702,-1.0983168941612436,-1.1366177897604808,-1.154079719950056,-1.1412712210513327,-1.060801583709225,-1.105486318323298,-1.0859558002055147,-1.140131571354815,-1.114943944779288,-1.1683749398202616,-1.1006816070054046,-1.128937553631732,-1.1180787092150533,-1.0417773274553443,-1.058631191681031,-1.1501738998951418,-1.1715374513859982,-1.0815266986995744,-1.097132626440395,-1.0989540481748998,-1.144159079848602,-1.1317685275708986,-1.058536725862641,-1.1359137291185453,-1.1867181636766162,-1.1359137291185453,-1.1020435563080073,-1.1065712810298305,-1.1511298797268708,-1.0542770034483346,-1.1121600604229591,-1.0746627377926528,-1.1403069762129847,-1.19,-1.0885311203635843,-1.1019528120568503,-1.0504760825454333,-1.0598584811190597,-1.137321414552632,-1.190504094911059,-1.059292216529509,-1.1654612820681776,-1.1192408141235737,-1.129026129015622,-1.1971215477135142,-1.1126095451684745,-1.0757787876696585,-1.0611785900591852,-1.1952823934116992,-1.1445086281894077,-1.0728932845348598,-1.1463420083029323,-1.1027692415006867,-1.1396051947933548,-1.0522832318344715,-1.1697435616407554,-1.1165572085656874,-1.046279121458514,-1.0553198567259123,-1.1694870670511923,-1.1193301568348812,-1.08816359064251,-1.1063905277974861,-1.0715876072445034,-1.1613354381917398,-1.084573648951513,-1.1747765745025731,-1.0392785959500945,-1.1410083259994206,-1.116288493177279,-1.0332956982393762,-1.1081064930772673,-1.1438094246857735,-1.113777356566383,-1.1532996141506335,-1.0843892290132726,-1.18046600967584,-1.1276080879454529,-1.0817116066678771,-1.1447707194019245,-1.065410718924866,-1.0416813332300814,-1.0979526401443733,-1.0148398888494676,-1.0888066862395729,-1.1600431026474836,-1.1236102527122114,-1.1528659939472583,-1.0532331175955303,-1.1349449325848369,-1.0958558299338466,-1.1417968295629481,-1.2128066622508304,-1.120937107959229,-1.0299029080452196,-1.1480853626799707,-1.1539930675701653,-1.147214016650773,-1.1826664787673657,-1.1488690090693543,-1.0482843125793688,-1.2012909722461083,-1.178685708745126,-1.155551816233266,-1.0773578792583272,-1.1444212511134175,-1.0446530524533013,-1.0995908329919815,-1.0872442227944925,-1.129468901740991,-1.095216873500404,-1.0728000745712127,-1.109459327780879,-1.1025878649794765,-1.0533280590585252,-1.0770793842609745,-1.1492171248288985,-1.1050339361304702,-1.0181846590869459,-1.113058848399311,-1.0244510725261602,-1.0963119993870356,-1.034842983258813,-1.197288603470358,-1.0404326023342405,-1.1197767634667188,-1.11476454913134,-1.0717742299570372,-1.0395672176439577,-1.1015897603009934,-1.0747557862137798,-1.1095494581135172,-1.1051244273836318,-1.0849423947841654,-1.1286717857729944,-1.1077454581265498,-1.0943948099292138,-1.0694391053257777,-1.0717742299570372,-1.1395174417269796,-1.05256828757093,-1.129026129015622,-1.0893576088686396,-1.082635672791175,-1.1115304764152893,-1.1781765572273113,-1.0562670116973265,-1.133181362359971,-1.039855759228173,-1.100409014866745,-1.1789402020458883,-1.117989266495882,-1.1141364368873319,-1.0737318100903968,-1.109819805193618,-1.1591807451816996,-1.1763077828527702,-1.083097410208334,-1.059103394386025,-1.1875605247733692,-1.0863240768757727,-1.127785440586994,-1.1836807001890333,-1.1114405067298925,-1.1355615351005863,-1.13194522835692,-1.129468901740991,-1.1239661916623649,-1.0933892262136116,-1.109459327780879,-1.1238772174930853,-1.1252999600106632,-1.1057576588023255,-1.11314868728306,-1.1906720791217034,-1.0806942213225719,-1.2100826418059223,-1.1462547709824373,-1.0466613587975817,-1.0603301372685772,-1.1505216208311775,-1.1841030360572513,-1.175372281449584,-1.0862320194139001,-1.1299115009592564,-1.0967679791095288,-1.08816359064251,-1.1112605455067681,-1.1686316785026838,-1.1634001891008958,-1.1539930675701653,-1.186296758825548,-1.1505216208311775,-1.1160197130875422,-1.1031319050775388,-1.120044641967453,-1.1592670097954136,-1.0688779163215976,-1.124233071920587,-1.167861293133735,-1.167261752992875,-1.1307961796893373,-1.122898036332774,-1.0818964830333815,-1.0705606008068855,-1.122007130102122,-1.0774506949276148,-0.9839207285142436,-1.1155716023635596,-1.1170049238924598,-1.1111705539655017,-1.1167363162358428,-1.034456378974,-1.0553198567259123,-1.1227199116431488,-1.1246777316191514,-1.1030412503619254,-1.1238772174930853,-1.0897247358851685,-1.099863627910297,-1.1179892664958817,-1.05256828757093,-1.1343279948938931,-1.105305387664423,-1.1744360348695027,-1.0306793875885945,-1.1769027147559818,-1.0210288928331068,-1.081249277456406,-1.118436408563312,-1.1090987332063813,-1.0855873986004074,-1.143372205364465,-1.117810359586992,-1.097314904665019,-1.0292230079045066,-1.1931890043073645,-1.1721348045340176,-1.0457055034760026,-1.1124297730643495,-1.0847580375364823,-1.0914669028422255,-1.0863240768757727,-1.1552056094046634,-1.088806686239573,-1.1740102214205805,-1.1062097450302995,-1.1218288639538563,-1.0562670116973265,-1.1614215427655885,-1.1081064930772673,-1.126010657143173,-1.184356365288759,-1.0793979803575695,-1.1133283433021905,-1.1399561395071303,-1.1118003417880389,-1.0551303237041383,-1.1130588483993107,-1.0728932845348598,-1.102225022397877,-1.12583302491977,-1.0821737383618215,-1.1333578428722324,-1.1292032589396828,-1.11,-1.0568348972285122,-1.0499999999999998,-1.2095040305844376,-1.127874106449829,-1.07,-1.1225417586887358,-1.1180787092150535,-1.0582532778120746,-1.0567402708329043,-1.1728171212938527,-1.1769027147559818,-1.1196874563912913,-1.1190621073023606,-1.150782342582645,-1.0395672176439579,-1.0889903580840372,-1.072706856508338,-1.0350362312499017,-1.1374093370462544,-1.0403364840281244,-1.0887148386974432,-1.1133283433021903,-1.1092790451459904,-1.122452671608028,-1.1696580696938743,-1.1742657280190034,-1.0631556800393815,-1.051142235855833,-1.1824973572909159,-1.1166467659918242,-1.016316879718132,-1.0772650555921695,-1.1218288639538563,-1.056929515152264,-1.1516509887982556,-1.0891739989551714,-1.1166467659918244,-1.1198660634200859,-1.1260994627474075,-1.0566456359631644,-1.1457312075700827,-1.1628843450661808,-1.1267209059922516,-1.0337794735822528,-1.102315744240279,-1.0930233300346337,-1.0747557862137798,-1.1347686988985906,-1.1081967334368028,-1.185875204226819,-1.0680355799316799,-1.142672306481609,-1.0816191566350883,-1.0812492774564062,-1.0978615577567148,-1.150782342582645,-1.10131739294356,-1.0388936422945325,-1.121918000568669,-1.1445086281894077,-1.107925990308017,-1.113777356566383,-1.0357123152690615,-1.1430223094935639,-1.137233485261492,-1.0915585188161008,-1.1097296968181036,-1.0964944140304593,-1.1231651704001508,-1.0793053321465618,-1.0963119993870358,-1.0816191566350883,-1.1576268828944842,-1.0091085174548868,-1.0938464243210744,-1.1005907504608605,-1.1469524837585905,-1.1244998888394786,-1.143547113152755,-1.1459057552870566,-1.1019528120568503,-1.0335859906171327,-1.126010657143173,-1.2202049008260867,-1.1103603018840325,-1.12031245641562,-1.128937553631732,-1.0999545445153633,-1.0483797022071726,-1.1176314240392493,-1.1731581308587518,-1.0709341716464182,-1.1276080879454529,-1.104852931389513,-1.1005907504608605,-1.1683749398202616,-1.0884392495679305,-1.0290286682109493,-1.0893576088686396,-1.0829127388668027,-1.1100900864344299,-1.142672306481609,-1.1604740410711478,-1.0845736489515132,-1.065598423422257,-1.1198660634200859,-1.0809717850156868,-1.091283647820309,-1.121650569473399,-1.0285426583277915,-1.1060289327137875,-1.1016805344563367,-1.0838357809188623,-1.0653168542738822,-1.122007130102122,-1.0554146104730595,-1.1270758625753636,-1.1059385154700057,-1.0996817721504708,-1.0486658190291127,-1.0923827168167757,-1.1143159336561603,-1.1385517116055819,-1.0780074211247344,-1.0428326807307107,-1.089816498315198,-1.0793979803575695,-1.1087380213558116,-1.1298229949863827,-1.1411835960966141,-1.137848847606746,-1.2051141024815866,-1.0527582818482122,-1.0443658362853507,-1.0842047777057617,-1.1352973178863766,-1.0916501271011698,-1.0979526401443735,-1.144071676076285,-1.0526632889960588,-1.1518246394308467,-1.1445959985951375,-1.1903360869939212,-1.2094213492410328,-1.140043858805441,-1.1020435563080073,-1.1778370006074694,-1.1343279948938931,-1.0972237693378684,-1.155551816233266,-1.1178998166204341,-1.1287603820120549,-1.1132385189167682,-1.0607073111843814,-1.152432210587677,-1.0883473710171767,-1.1035850669522491,-1.0821737383618213,-1.1690594510117953,-1.120044641967453,-1.1131486872830603,-1.0912836478203087,-1.0748488265798126,-1.0698130677833395,-1.035326035604244,-1.0745696813143388,-1.0577806956075537,-1.1576268828944842,-1.1531261856362467,-1.068784356172937,-1.1241441188744439,-1.0940292500660116,-1.1266321493726335,-1.1133283433021905,-1.08531101533155,-1.0921996154549771,-1.1165572085656874,-1.0710275439968853,-1.1857065404222076,-1.1171839597846005,-1.0977704678119193,-1.1509561242723374,-1.1316801668316008,-1.0331989159885913,-1.1174524598388962,-1.1010449582101542,-1.0989540481748998,-1.2007914056987583,-1.131149857445953,-1.0371595827065379,-1.1245888137448283,-1.0619322012256713,-1.1676043850551434,-1.0700934538627922,-1.1395174417269796,-1.0933892262136116,-1.1490430801323335,-1.2197950647547315,-1.06362587407415,-1.171025191872489,-1.1014081895464551,-1.0807867504739312,-1.1445959985951375,-1.0909170454255448,-1.1031319050775388,-1.0435037134576954,-1.0983168941612436,-1.0821737383618215,-1.1418844074598795,-1.0661613386350115,-1.1275194011634566,-1.1250333328395208,-1.0097029266076236,-1.1380246043034394,-1.100409014866745,-1.1266321493726335,-1.004041831797859,-1.1153026495081952,-1.0929318368498557,-1.108016245368271,-1.1947803145348521,-1.0784711400867433,-1.04484448603608,-1.1187939935484104,-1.1365298060323803,-1.1257441982972864,-1.2117342943071305,-1.1737546592026802,-1.1292032589396825,-1.1769876804792818,-1.2101652779682617,-1.0792126759818939,-1.0784711400867433,-1.1986242113356462,-1.0444615837837217,-1.0975882652433926,-1.101771301132862,-1.08816359064251,-1.1129690022637648,-1.094851588115942,-1.0533280590585252,-1.0501904589168576,-1.0526632889960588,-1.1406577050105786,-1.081988909370147,-1.0648474069086142,-1.1157508682497181,-1.1027692415006867,-1.143109793501919,-1.1197767634667188,-1.0793979803575695,-1.1411835960966141,-1.1306192993222786,-1.1354734695271396,-1.0435037134576954,-1.1866338946785566,-1.1851160280748885,-1.1073843054694246,-1.0850345616615167,-1.0366773847248718,-1.029805806936434,-1.1563304026099115,-1.0853110153315502,-1.1533863186287585,-1.0595753866525968,-1.0980437149767763,-1.1463420083029323,-1.124855546281388,-1.1485207877961983,-1.1485207877961983,-1.1245888137448283,-1.0598584811190594,-1.1997916485790356,-1.122898036332774,-1.1084674104365901,-1.1014081895464551,-1.1411835960966141,-1.0591033943860249,-1.0666302077102447,-1.0891739989551714,-1.0750348831549608,-1.1243220179290274,-1.160129303138232,-1.0988630487917956,-1.1744360348695029,-1.1321219015636081,-1.1742657280190032,-1.1474754899343167,-1.0752209075348191,-1.0849423947841654,-1.183342722967442,-1.0586311916810311,-1.0648474069086142,-1.1978731151503486,-1.179703352542494,-1.0724271537032248,-1.2067725552066555,-1.1532996141506335,-1.0741973747873341,-1.1471268456452408,-1.1284945724282418,-1.11,-1.0699999999999998,-1.0842970072816764,-1.123521250355328,-1.1794490239090456,-1.0780074211247341,-1.1599568957508724,-1.1857908753233009,-1.1128791488746654,-1.072800074571213,-1.1212938954618454,-1.1072939989000212,-1.1548592987892508,-1.1353853971229328,-1.0897247358851683,-1.1763927915454089,-1.1163780721601442,-1.11584049039278,-1.1171839597846005,-1.090275194618313,-1.0495237014951115,-1.1784311604841413,-1.0418733128360664,-1.1104503590885997,-1.0595753866525968,-1.1218288639538563,-1.065598423422257,-1.1001363551851198,-1.0971326264403953,-1.0877959367454908,-1.1197767634667188,-1.1104503590885997,-1.1948640089985136,-1.0874281585465773,-1.104852931389513,-1.0901834707974616,-1.143634557015483,-1.0963119993870358,-1.127874106449829,-1.0570241246064351,-1.1227199116431488,-1.1789402020458883,-1.1434596626029272,-1.1154819586169917,-1.1888229472886196,-1.0588200980336555,-1.0670988707706517,-1.1458184847522752,-1.0419692893746917,-1.1505216208311777,-1.1573677030226823,-1.162540321881353,-1.1408330289748803,-1.1252110913068711,-1.1656328753085168,-1.121650569473399,-1.1721348045340176,-1.0916501271011698,-1.124233071920587,-1.0800462953040486,-1.1568491690795304,-1.066536450385077,-1.192015100575492,-1.121739720255996,-1.1384638773364748,-1.1445086281894077,-1.1614215427655885,-1.1424972647669664,-1.1077454581265498,-1.1209371079592287,-1.1646029366269004,-1.0232790430767162,-1.083097410208334,-1.107113363662457,-1.1786008654332476,-1.138112472473613,-1.1644311916124541,-1.0733592129385205,-1.157281296833229,-1.088806686239573,-1.1018620603324174,-1.1022250223978767,-1.1404823540940914,-1.1144056711987784,-1.1471268456452408,-1.020441081101697,-1.0737318100903968,-1.137497252743935,-1.1557248807566618,-1.0736386729249277,-1.0387973815908471,-1.091833320612629,-1.0980437149767763,-1.0187737727287645,-1.1260994627474077,-1.0160216533125659,-1.1291146974510604,-1.1417968295629481,-1.2088424214925617,-1.1019528120568503,-1.0773578792583272,-1.0908253755757609,-1.1354734695271396,-1.2000416659433122,-1.1322102278287367,-1.0987720418721985,-1.058536725862641,-1.1737546592026802,-1.1742657280190032,-1.126277052949229,-1.1494781424629177,-1.1040380428228005,-1.0919249058428881,-1.1284945724282418,-1.1793642355099632,-1.11584049039278,-1.0928403360052188,-1.1218288639538563,-1.139254141971843,-1.113777356566383,-1.1367057666784313,-1.0891739989551714,-1.124588813744828,-1.0867842472174503,-1.1680325337934727,-1.1135079703351924,-1.1735842534730943,-1.0905503197927182,-1.1105404089901456,-1.097041475970713,-1.1293803610830144,-1.1436345570154829,-1.1424972647669664,-1.1442464769445435,-1.1711959699384216,-1.1129690022637648,-1.1202231920470136,-1.1103603018840325,-1.1170049238924598,-1.1308846094982459,-1.0773578792583272,-1.082635672791175,-1.063531851897253,-1.164946350696031,-1.0404326023342405,-1.1390785749894516,-1.1102702373746671,-1.1123398761170078,-1.1225417586887356,-1.1554652742510265,-1.061838029079765,-1.145993019175946,-1.1571084650973738,-1.072800074571213,-1.125299960010663,-1.1370576062803501,-1.1304423912787418,-1.1040380428228005,-1.137848847606746,-1.1185258155268478,-1.0949429208867465,-1.100863297598753,-1.1545994976614185,-1.1610770861575042,-1.1099099062536562,-1.0832820500682174,-1.114943944779288,-1.0951255635770722,-1.1065712810298303,-1.1005907504608605,-1.0989540481748996,-1.120490963818986,-1.0712142642814275,-1.1322985472038725,-1.0267911179982032,-1.1172734669721642,-1.12120470923021,-1.0767079455451232,-1.093937841012916,-1.0975882652433926,-1.1234322409473567,-1.0595753866525968,-1.0769865365917997,-1.1658902178164117,-1.0934806811279292,-1.170256382165891,-1.0871522432483869,-1.1389029809426263,-1.1851160280748885,-1.10077245605075,-1.1562439189029277,-1.1139569111954015,-1.1369696565871932,-1.0816191566350886,-1.1476497723608887,-1.0938464243210744,-1.0947602477255007,-1.009504829111778,-1.1522586515188333,-1.1103603018840325,-1.13,-1.0565509926170151,-1.1825819210524064,-1.1415340555585713,-1.101680534456337,-1.118436408563312,-1.1027692415006867,-1.0904586191139944,-1.1035850669522491,-1.1204017136723774,-1.113597772986279,-1.1081064930772675,-1.0885311203635843,-1.1664904628842878,-1.1318568814121333,-1.0210288928331068,-1.1212938954618454,-1.1058480908334563,-1.1125196627475848,-1.157281296833229,-1.028737089833938,-1.2020399327809372,-1.1084674104365901,-1.164946350696031,-1.1787705459503135,-1.1229870880824944,-1.2022063050907694,-1.1528659939472583,-1.1004998864152598,-1.1044908329180465,-1.088622983406101,-1.1645170672858343,-1.0217142457654194,-1.0900917392586735,-1.0698130677833393,-1.1359137291185453,-1.0787492757819122,-1.131680166831601,-1.1283173312503891,-1.1308846094982459,-1.1212938954618454,-1.175372281449584,-1.1612493272333895,-1.021420579389313,-1.0297086966710536,-1.1244998888394786,-1.0709341716464182,-1.1040380428228005,-1.1699145267924491,-1.1795338062132852,-1.1324751652906124,-1.117810359586992,-1.1100900864344299,-1.0514276009312291,-1.0800462953040486,-1.1833427229674418,-1.1686316785026836,-1.1352973178863763,-1.0217142457654196,-1.1231651704001508,-1.137848847606746,-1.0311643903859364,-1.0157263410978372,-1.129822994986383,-1.0934806811279294,-1.0979526401443735,-1.0078194282707593,-1.0764292823962007,-1.2024558203942461,-1.1344161493913951,-1.0800462953040484,-0.9988493379884675,-1.105576772549062,-1.1577132632910447,-1.1629703349613008,-1.1419719786404567,-1.0714009520249643,-1.187981481337146,-1.1039474625180312,-1.1838496526164122,-1.1179892664958817,-1.1090987332063813,-1.1791946404220126,-1.1097296968181036,-1.0844814429025513,-1.1500000000000001,-1.0758717395675006,-1.1694870670511923,-1.1325634640054394,-1.1074746046749786,-1.0777290939749191,-1.1637439580938755,-1.0703737664946764,-1.1125196627475848,-1.1721348045340176,-1.08660020246639,-1.180804810288305,-1.1271645842555558,-0.9822932352408827,-1.1596982366115764,-1.0916501271011698,-1.1587493257818966,-1.167861293133735,-1.0796758772891057,-1.1660617479361888,-1.0620263650211326,-1.035326035604244,-1.1178998166204341,-1.1205802068571442,-1.0834666584625483,-1.0786565718522276,-0.9948366700117162,-1.0454185764563397,-1.1510430052782563,-1.1268983982595768,-1.1363538181394033,-1.0393748120865733,-1.0943948099292138,-1.0202450685987166,-1.1578860047517632,-1.1352973178863766,-1.1166467659918242,-1.1485207877961983,-1.158835622510803,-1.1697435616407554,-1.1346805717910218,-1.1480853626799707,-0.9946356116689168,-1.151477311977965,-1.0848502200764858,-1.0774506949276146,-1.1322102278287367,-1.122808977520219,-1.1334460728239346,-1.0154309429990795,-1.0932062934323055,-1.1552056094046634,-1.0790273397833812,-1.0951255635770722,-1.1304423912787418,-1.1088282103193443,-1.1490430801323335,-1.1543396380615196,-1.1641735265844178,-1.0882554847093582,-1.1185258155268478,-1.1408330289748803,-1.1374093370462544,-1.124233071920587,-1.081434232859308,-1.1563304026099115,-1.117631424039249,-1.0095048291117779,-1.1195088208674373,-1.1494781424629177,-1.1234322409473567,-1.1241441188744439,-1.1095494581135175,-1.0706540057366805,-1.1034944494649712,-1.0459923517884822,-1.1545994976614187,-1.050951949424901,-1.1305308487608818,-1.1539930675701653,-1.206855418018248,-1.189075270956385,-1.176647780773839,-1.0512373661547614,-1.124233071920587,-1.105667219374799,-1.1021342930877345,-1.1172734669721645,-1.1308846094982459,-1.0559829544078825,-1.1366177897604806,-1.0919249058428881,-1.1865496196956957,-1.1451200810395388,-1.0856795107212809,-1.0905503197927182,-1.1779218989389748,-1.0792126759818936,-1.1406577050105784,-1.138639539099183,-1.110630451590447,-1.099136024339117,-1.1024971655292364,-1.1185258155268478,-1.133093111796202,-1.132740040786058,-1.1116204388189344,-1.213630915888352,-1.167690027361714,-1.1616798181943249,-1.0672862783714592,-1.181905241548577,-1.0627793750351011,-1.0931148155614763,-1.128937553631732,-1.051142235855833,-1.0838357809188623,-1.1084674104365901,-1.080694221322572,-1.1204017136723774,-1.111080555135405,-1.0378342834961658,-1.1114405067298925,-1.1637439580938753,-1.1260994627474075,-1.1506085346459063,-1.057875228937704,-1.1074746046749786,-1.066536450385077,-1.092840336005219,-1.1073843054694246,-1.1537330713817646,-1.1161093136427094,-1.065222981351792,-1.0714942836991712,-1.1513904637437293,-1.0071246198956711,-1.176222768016331,-1.0962207806824318,-1.1113505297609751,-1.0717742299570372,-1.1003181358134566,-1.0646595700034824,-1.1130588483993107,-1.1164676439557037,-1.1910079764636339,-1.0602358228243374,-1.1865496196956957,-1.0791200118615167,-1.1037662796081424,-1.137233485261492,-1.121739720255996,-1.1385517116055819,-1.0417773274553446,-1.035229443167069,-1.1824973572909159,-1.1606463716395274,-1.1474754899343167,-1.1410083259994206,-1.0756858277396797,-1.1017713011328623,-1.1802118453904789,-1.1621101496846158,-1.181058846967415,-1.1170944454252738,-1.0834666584625483,-1.1254776763667949,-1.1568491690795304,-1.0892658077806352,-1.0505712731652241,-1.1164676439557037,-1.0984079387914127,-1.132651755836718,-1.1185258155268478,-1.0978615577567146,-1.1794490239090454,-1.0838357809188623,-1.1335342959081565,-1.1596120040772258,-1.0671925786848406,-1.1161093136427094,-1.124055158788927,-1.1283173312503891,-1.0572133181151284,-1.1558979193683152,-1.0970414759707128,-1.0320368210485515,-1.070467187726929,-1.0958558299338466,-1.0982258419833326,-1.1970380110923795,-1.0911920087683926,-1.0591978096654089,-1.057402477772773,-1.1352092318158797,-1.163486140871476,-1.1476497723608887,-1.1333578428722324,-1.10774545812655,-1.0174969287422937,-1.0616496597277276,-1.1090085662428402,-1.1243220179290274,-1.072054103112338,-1.0939378410129161,-1.0904586191139947,-1.1034944494649712,-1.1276080879454529,-1.1557248807566618,-1.0719608201795436,-1.1891593669479292,-1.1136875683960918,-1.0678483038334612,-1.0997727037892875,-1.1560709320798614,-1.181482120050913,-1.1034944494649714,-1.0879797792238604,-1.1195088208674373,-1.1482595525402783,-1.1025878649794765,-1.051142235855833,-1.154079719950056,-1.0945775440780796,-1.1140466776576283,-1.1640876255677661,-1.1135079703351924,-1.0940292500660116,-1.1352973178863766,-1.1310614483749326,-1.0360984509205677,-1.2026221351696467,-1.0644716999526103,-1.0896329657274508,-1.124233071920587,-1.1457312075700827,-1.1076551810017412,-1.0551303237041385,-1.0754068997360953,-1.0983168941612433,-1.1331813623599711,-1.1288489712977552,-1.145294721894762,-1.138727359818846,-0.9967447015158897,-1.0632497354808041,-1.1758826472059192,-1.1692305161943044,-1.1587493257818966,-1.1491301057756689,-1.1052149112276761,-1.1263658375501273,-1.0750348831549608,-1.1607325273291862,-1.0981347822558032,-1.1858752042268192,-1.100227249253535,-1.0692520750505936,-1.1285831825789359,-1.15987068244697,-1.1203124564156197,-1.088806686239573,-1.0524732775705044,-1.076429282396201,-1.1105404089901456,-1.1941942890501527,-1.1327400407860577,-1.1215614116043755,-1.173925040196349,-1.1926860441876563,-1.0941206514822759,-1.084112540283526,-1.0698130677833395,-1.1076551810017412,-1.05152270541344,-1.0005498488331304,-1.1393419153177855,-1.074569681314339,-1.0411051820061217,-1.1233432244866215,-1.1095494581135172,-1.2005415444706609,-1.0806942213225719,-1.113777356566383,-1.1145851246091525,-1.1341516653428676,-1.1457312075700827,-1.1308846094982457,-1.1089183919477574,-1.0320368210485515,-1.1304423912787418,-1.163486140871476,-1.1629703349613008,-1.160129303138232,-1.1192408141235737,-1.1214722466472367,-1.1347686988985906,-1.1533863186287585,-1.117989266495882,-1.1496521212958293,-1.0249390225764652,-1.1052149112276761,-1.104852931389513,-1.0651291001564083,-1.1667476162392618,-1.0919249058428881,-1.0988630487917956,-1.1382881884654694,-1.082635672791175,-1.1001363551851198,-1.0514276009312291,-1.0784711400867433,-1.1315034246523517,-1.1829201156460227,-1.0937549999885714,-1.0345530435893562,-1.110720486891279,-1.1417968295629481,-1.151911454930456,-1.1475626344561765,-1.1432847414358334,-1.1233432244866213,-1.1533863186287585,-1.1560709320798617,-1.1335342959081565,-1.1670047129296435,-1.1453820323368096,-1.1570220395480804,-1.0473299384625647,-1.069906537974229,-1.0630616162763096,-1.1707689780652715,-1.1189727431890375,-1.16081867662439,-1.035905401086412,-1.12769676775275,-1.092565787492909,-1.086139954149556,-1.1731581308587518,-1.1118003417880389,-1.1281400622263178,-1.0830050784737806,-1.0694391053257777,-1.1304423912787416,-1.1438968484964018,-1.1183469944520796,-1.1251222155837117,-1.136265813971361,-1.1165572085656874,-1.16580444329227,-1.1269871339105872,-1.1884864324004714,-1.0210288928331068,-1.1208478933378963,-1.1466908912169835,-1.0771722239270747,-1.1058480908334563,-1.126898398259577,-1.1596982366115764,-1.0943034314119644,-1.08660020246639,-1.0975882652433926,-1.1024971655292362,-1.1221853679316978,-1.086876257906115,-1.0682228231974826,-1.0713076122197582,-1.1284945724282418,-1.1080162453682707,-1.0545615202537972,-1.0869682608061746,-1.0266937225872184,-1.0429285689825551,-1.119598142192099,-1.0799537027113708,-1.1680325337934727,-1.1132385189167682,-1.1216505694733987,-1.0916501271011696,-1.092840336005219,-1.061272820720478,-1.1586630226256467,-1.1236992480196826,-1.0305823596394421,-0.9736015612148535,-1.1334460728239346,-1.1420595431062253,-1.1084674104365901,-1.1640017182117903,-1.1412712210513327,-1.091283647820309,-1.0921080532621301,-1.137673063757774,-1.0050373127401788,-1.0431203190428227,-1.1262770529492288,-1.1076551810017412,-1.1007724560507497,-1.0623088063270492,-1.0429285689825551,-1.1739250401963492,-1.082450922675019,-1.172731853408954,-1.0289314845994364,-1.179703352542494,-1.174521179034248,-1.146167527022119,-1.0715876072445034,-1.0871522432483869,-1.1159301053381434,-1.0662551289442879,-1.0845736489515132,-1.149478142462918,-1.060895847856895,-1.1567627241573788,-1.1295574354586844,-1.067379969832674,-1.1393419153177855,-1.1484337159801605,-1.113058848399311,-1.1230761327710603,-1.1090987332063815,-1.082820391385386,-1.121918000568669,-1.1126095451684748,-1.0730796801729123,-1.138639539099183,-1.1142261888862601,-1.0718675291284834,-1.0810642904101495,-1.099499886311954,-1.1337107214805724,-1.1297344820797495,-1.154426264427486,-1.0498095065296371,-1.1322985472038725,-1.0416813332300814,-1.0949429208867467,-1.1665761869676579,-1.065598423422257,-1.0174969287422935,-1.100227249253535,-1.0871522432483869,-1.0719608201795436,-1.1025878649794765,-1.1908400396358867,-1.1705127081753535,-1.065410718924866,-1.0989540481748998,-1.1580587204455566,-1.1803812943282352,-1.082728036027515,-1.1486078530116361,-1.0977704678119191,-1.0284454287904634,-1.124055158788927,-1.099863627910297,-1.15,-1.0575916035975323,-1.1227199116431488,-1.0813417591122614,-1.0884392495679307,-1.082635672791175,-1.1062097450302995,-1.1065712810298305,-1.1202231920470134,-1.101680534456337,-1.12307613277106,-1.0974971526158963,-1.0783784122468327,-1.176647780773839,-1.1211155159036914,-1.1053053876644228,-1.0917417276993675,-1.0865081684000355,-1.0532331175955303,-1.0851267207105353,-1.1714520903562382,-1.1161989070053777,-1.0793979803575695,-1.0958558299338466,-1.1466036804406308,-1.1102702373746671,-1.1296459622377268,-1.146167527022119,-1.0983168941612433,-1.1602154972245458,-1.1699145267924491,-1.1784311604841413,-1.169658069693874,-1.217908042505673,-1.1365298060323803,-1.1616798181943249,-1.1072036849649662,-1.0682228231974826,-1.1292032589396828,-1.090825375575761,-1.1081967334368028,-1.0943948099292138,-1.1166467659918242,-1.049904757585182,-1.0820813278122858,-1.109459327780879,-1.1713667231059621,-1.0404326023342405,-1.0959470790143109,-1.0588200980336555,-1.1099099062536562,-1.1099099062536562,-1.136089785184252,-1.128937553631732,-1.1292032589396825,-1.144159079848602,-1.0352294431670692,-1.1420595431062253,-1.069906537974229,-1.0938464243210744,-1.086047881080756,-1.1244998888394786,-1.1320335684068736,-1.0432161808561062,-1.1565898149300815,-1.0767079455451232,-1.1146748404803977,-1.10774545812655,-1.1533863186287585,-1.1837651794169315,-1.1784311604841413,-1.1584903970253704,-1.127962765342899,-1.1018620603324174,-1.164946350696031,-1.0590089706891062,-1.1675187364663575,-1.1453820323368096,-1.1034944494649712,-1.148607853011636,-1.0769865365917997,-1.1676043850551436,-1.0029456615390486,-1.1062097450302992,-1.090825375575761,-1.1485207877961983,-1.1658902178164117,-1.1088282103193443,-1.1562439189029277,-1.1171839597846005,-1.081988909370147,-1.1008632975987527,-1.0557935404235053,-1.0866922287382017,-1.2071039723238426,-1.106480908104609,-1.0960383204979651,-1.15987068244697,-1.1121600604229591,-1.1132385189167684,-1.12120470923021,-1.0890821823902914,-1.0917417276993675,-1.0458011283222064,-1.1479982578383994,-1.1758826472059192,-1.1413588392788658,-1.0719608201795436,-1.0693455942771728,-1.143547113152755,-1.1225417586887356,-1.1646029366269002,-1.086416126537157,-1.1002272492535348,-1.1513904637437293,-1.1307961796893373,-1.122007130102122,-1.0932977636490437,-1.1442464769445437,-1.140131571354815,-1.1247666424641156,-1.0907336980216573,-1.2148662477820344,-1.09,-1.0632497354808041,-1.17409539646487,-1.1874763155532828,-1.013064657363981,-1.182666478767366,-1.1545128842936314,-1.1301769772916097,-1.1037662796081424,-1.113777356566383,-1.070467187726929,-1.097041475970713,-1.0506664551607232,-1.1121600604229591,-1.0839280418920807,-1.1457312075700827,-1.097679370308106,-1.0913752791776072,-1.1610770861575042,-1.0706540057366805,-1.1552921708381825,-1.152692500192484,-1.1073843054694248,-1.1120701416727274,-1.1813128290169375,-1.105486318323298,-1.0449401896759452,-1.0105938848023968,-1.095582037092613,-1.0530432089900204,-1.1120701416727274,-1.2094213492410328,-1.1709397934992216,-1.044270080008041,-1.1345042970390196,-1.1050339361304702,-1.0954907576059234,-1.168888360794135,-1.0898164983151981,-1.0944861808172819,-1.096494414030459,-1.0222035022440492,-1.1324751652906124,-1.1321219015636081,-1.0596697598780482,-1.110720486891279,-1.1368817000902072,-1.095216873500404,-1.1066616465749592,-1.1748616939878498,-1.1292032589396828,-1.114943944779288,-1.127874106449829,-1.1630563184988076,-1.0357123152690615,-1.157540496051866,-1.1243220179290274,-1.1114405067298923,-1.068784356172937,-1.1307077429645558,-1.1952823934116992,-1.0915585188161006,-1.1057576588023255,-1.150782342582645,-1.0806942213225719,-1.0953081758117211,-1.1061193425666147,-1.1481724609134292,-1.1737546592026802,-1.162282237668631,-1.0075217119248598,-1.0801388799594245,-1.0782856764327347,-1.057402477772773,-1.0527582818482122,-1.0444615837837217,-1.1195088208674373,-1.088898526034451,-1.1384638773364748,-1.1303539268742335,-1.1293803610830144,-1.0973149046650192,-1.1479982578383994,-1.10077245605075,-1.1065712810298305,-1.0750348831549605,-1.1194194924156002,-1.0995908329919817,-1.116288493177279,-1.1618519699169942,-1.1136875683960918,-1.126898398259577,-1.1226308386998818,-1.1752871989433051,-1.135825690852254,-1.11431593365616,-1.149913040190431,-1.0941206514822759,-1.065222981351792,-1.1438094246857735,-1.1539064086831305,-1.121739720255996,-1.090275194618313,-1.0780074211247341,-1.0507616285342742,-1.1719641632746285,-1.1931890043073645,-1.1569356075426152,-1.0988630487917956,-1.1318568814121333,-1.1365298060323803,-1.1108105148944172,-1.149565135170687,-1.128317331250389,-1.0504760825454333,-1.038315944209661,-1.1114405067298923,-1.1275194011634568,-1.1486078530116361,-1.1173629669896885,-1.1521718621802912,-1.1260994627474077,-1.1633142309797468,-1.0502856754235963,-1.1720494870098275,-1.1432847414358331,-1.157540496051866,-1.1174524598388964,-0.9969453345093703,-1.1628843450661805,-1.1621961968617864,-1.0519980988575977,-1.0403364840281244,-1.0674736530706506,-1.0560776486603625,-1.058536725862641,-1.1401315713548152,-1.144071676076285,-1.0671925786848409,-1.1310614483749326,-1.0769865365917997,-1.125477676366795,-1.068129205667554,-1.0923827168167757,-1.1464292389851194,-1.0809717850156866,-1.099863627910297,-1.0491425070027427,-1.1040380428228005,-1.1197767634667188,-1.1664904628842878,-1.136089785184252,-1.1580587204455566,-1.1086478250553689,-1.1405700329221349,-1.129026129015622,-1.1673474204366068,-1.1550324670761425,-1.0866002024663899,-1.1433722053644648,-1.1214722466472364,-1.0943948099292138,-1.1065712810298305,-1.0437911668528337,-1.0566456359631642,-1.162540321881353,-1.175712549903249,-1.138902980942626,-1.0857716150277643,-1.137848847606746,-1.1758826472059192,-1.1502608399836969,-1.1599568957508724,-1.1210263154805957,-1.0709341716464182,-1.158835622510803,-1.0986810274142356,-1.064377752492037,-1.0222035022440492,-1.1584903970253704,-1.0859558002055147,-1.1218288639538565,-1.0983168941612433,-1.0440785411069418,-1.16580444329227,-1.053707739366092,-1.0460879504133485,-1.093023330034634,-1.121739720255996,-1.1658902178164117,-1.0691585476438936,-1.1204017136723774,-1.0695326081985532,-1.1306192993222783,-1.1532996141506333,-1.1577132632910447,-1.1382881884654694,-1.1191514642799698,-1.039855759228173,-1.0815266986995744,-1.1815667564721004,-1.0739180601889513,-1.1364418154925486,-1.1396929411029972,-1.076057619275102,-1.0897247358851685,-1.128228700219951,-1.1250333328395208,-1.1431972708154965,-1.0342630226397926,-1.0793979803575695,-1.1864653387267576,-1.1092790451459902,-1.1286717857729944,-1.1509561242723374,-1.0768936809174805,-1.1196874563912913,-1.1112605455067683,-1.1276080879454529,-1.074104277991667,-1.1807201192492656,-1.1485207877961983,-1.0257192598367255,-1.094668899713516,-1.0923827168167757,-1.0823585357911676,-1.1486078530116361,-1.0423531071570709,-1.1112605455067681,-1.0909170454255448,-1.157540496051866,-1.0967679791095288,-1.1334460728239344,-1.0648474069086142,-1.1769876804792818,-1.072800074571213,-1.168888360794135,-1.12769676775275,-1.191931206068538,-1.2206145992900461,-1.1012265888544464,-1.1128791488746657,-1.072800074571213,-1.1619380362136356,-1.1021342930877343,-1.0207350292803712,-1.1014081895464551,-1.1204017136723774,-1.081988909370147,-1.0877959367454908,-1.0659737332598773,-1.0488565202161828,-1.084112540283526,-1.092931836849856,-1.087612063191651,-1.0519030373565808,-1.039471019317037,-1.2156891049935423,-1.0964032105024137,-1.180211845390479,-1.1593532679903913,-1.0984079387914127,-1.0938464243210744,-1.1596120040772258,-1.08816359064251,-1.0711209082078457,-1.1773274820541648,-1.1735842534730943,-1.0672862783714592,-1.2299186964998947,-1.1121600604229591,-1.0740111731262387,-1.1218288639538565,-1.0920164833920778,-1.156503350622038,-1.1947803145348521,-1.1297344820797495,-1.0252316811335866,-1.0958558299338468,-1.1422346518995123,-1.1473011810331235,-1.1361778029868388,-1.110720486891279,-1.0724271537032246,-1.0570241246064347,-1.0729864864013898,-1.1283173312503891,-1.1409206808538443,-1.1254776763667949,-1.0155294185792947,-1.0670051546267245,-1.1089183919477574,-1.1053053876644228,-1.1363538181394033,-1.1250333328395208,-1.149913040190431,-1.1222744762311934,-1.065222981351792,-1.0777290939749191,-1.1728171212938527,-1.140131571354815,-1.1383760362902937,-1.1797881165700899,-1.1057576588023255,-1.0986810274142356,-1.144159079848602,-1.1320335684068736,-1.0710275439968853,-1.1642594212631479,-1.131591799192624,-1.0394710193170371,-1.1220962525559026,-1.095582037092613,-1.107835727894709,-1.0395672176439579,-1.0564563407921785,-1.067379969832674,-1.1024064586167843,-1.1565898149300815,-1.044270080008041,-1.138639539099183,-1.1195981421920993,-1.0973149046650192,-1.05152270541344,-1.0772650555921695,-1.139254141971843,-1.1637439580938755,-1.1670047129296437,-1.0808792717042917,-1.1199553562530964,-1.1102702373746673,-1.1019528120568503,-1.0987720418721985,-1.0761505470890214,-1.0944861808172819,-1.1777520961560628,-1.0494284158531253,-1.1483466375620213,-1.1813128290169375,-1.0486658190291127,-1.123521250355328,-1.1361778029868388,-1.1212938954618454,-1.1164676439557037,-1.116288493177279,-1.1015897603009932,-1.1458184847522752,-1.1196874563912913,-1.0532331175955303,-1.1003181358134564,-1.1716228061966019,-1.0404326023342405,-1.0114840582035882,-1.099499886311954,-1.0811567878897121,-1.118436408563312,-1.0533280590585252,-1.1596982366115764,-1.1161989070053777,-1.0655045753069294,-1.0708407911543152,-1.034456378974,-1.1673474204366068,-1.0909170454255448,-1.1164676439557037,-1.1352973178863763,-1.1581450686334591,-1.0556988206870368,-1.0935721283939162,-1.094668899713516,-1.124855546281388,-1.1518246394308467,-1.0856795107212809,-1.1370576062803501,-1.1175419455215092,-1.103313192162588,-1.0594810050208545,-1.175712549903249,-1.06362587407415,-1.0603301372685772,-1.095673308974897,-1.0560776486603622,-1.067379969832674,-1.1139569111954017,-1.0807867504739312,-1.1338871196022997,-1.1506085346459063,-1.0983168941612436,-1.1118902823570318,-1.0868762579061153,-1.0200490184299968,-1.1121600604229591,-1.1061193425666147,-1.1001363551851198,-1.094851588115942,-1.1044908329180465,-1.1823282116231517,-1.0582532778120746,-1.1723907198540937,-1.0867842472174503,-1.0835589508651573,-1.2085942247090211,-1.1569356075426152,-1.1076551810017412,-1.160301684907852,-1.0796758772891055,-1.0746627377926528,-1.150782342582645,-1.138902980942626,-1.085034561661517,-1.1591807451816993,-1.023474474522936,-1.1407453703609758,-1.0692520750505934,-1.179279441014724,-1.1916794871105234,-1.1031319050775388,-1.0655045753069294,-1.1322985472038725,-1.1419719786404567,-1.1859595271340417,-1.127253298952813,-1.0817116066678771,-1.1106304515904468,-1.0446530524533015,-1.0401442207694085,-1.0797684937059426,-1.1729023829799305,-1.0820813278122858,-1.1053958566956905,-1.1688883607941352,-1.0825433016743486,-1.1330048543585327,-1.0757787876696583,-1.0632497354808041,-1.1380246043034394,-1.0610843510296435,-1.0173003489628814,-1.1267209059922516,-1.1152129841424911,-1.127253298952813,-1.093023330034634,-1.0354226190305098,-1.172987638468539,-1.1169153951844337,-1.1337107214805724,-1.1111705539655017,-1.069906537974229,-1.132651755836718,-1.1584903970253704,-1.1571084650973738,-1.0261091559868276,-1.1292918134831227,-1.0844814429025513,-1.1036756769993619,-1.1000454536063498,-1.0778218776773834,-1.1846096403457131,-1.068129205667554,-1.1852004049948683,-1.1453820323368096,-1.1079259903080168,-1.1772425408555367,-1.0718675291284834,-1.1170049238924598,-1.1820744477400735,-1.1521718621802912,-1.0424490395218367,-1.065598423422257,-1.0373523991392704,-1.0457055034760026,-1.0458967444255671,-1.1529527310345382,-1.057497044913129,-1.1131486872830603,-1.1414464507807627,-1.1530394615970434,-1.0686907878334124,-1.1655470818461175,-1.1225417586887358,-1.1428473213863697,-1.1680325337934727,-1.0875201147565041,-1.1102702373746671,-1.1498260738042079,-1.0665364503850772,-1.144071676076285,-1.1165572085656874,-1.0633437826027856,-1.0709341716464182,-1.0762434668791259,-1.0682228231974826,-1.0953081758117211,-1.0500952337764418,-1.1698290473398238,-1.1244109569014347,-1.1244998888394786,-1.0644716999526103,-1.0751278993682567,-1.104943437466371,-1.1176314240392493,-1.0578752289377042,-1.1810588469674153,-1.1220962525559024,-1.092931836849856,-1.1252110913068714,-1.1040380428228005,-1.176562790504612,-1.1973721226085063,-1.044270080008041,-1.0980437149767763,-1.074011173126239,-1.1395174417269796,-1.2012077255828817,-1.0438869670610893,-1.1231651704001508,-1.0924742559895861,-1.076057619275102,-1.1013173929435602,-1.1382881884654694,-1.1813128290169375,-1.0644716999526105,-1.1851160280748885,-1.0858637115218464,-1.1513036089581237,-1.0958558299338466,-1.044270080008041,-1.027277956543408,-1.1857065404222076,-1.104581368664165,-1.101135777277262,-1.0483797022071726,-1.0791200118615167,-1.175712549903249,-1.1463420083029323,-1.0593866149805744,-1.0793979803575695,-1.0441743149493767,-1.1267209059922514,-1.1933566105737212,-1.160129303138232,-1.1140466776576283,-1.0023472452199387,-1.1275194011634566,-1.153473016589465,-1.1592670097954136,-1.1058480908334563,-1.1090987332063813,-1.0843892290132728,-1.1764777940955793,-1.1004998864152598,-1.0724271537032248,-1.1282287002199511,-1.1780916772475731,-1.092565787492909,-1.149565135170687,-1.0613670430157516,-1.0959470790143107,-1.1265433857601757,-1.132651755836718,-1.1255665240224586,-1.1802965729002182,-1.0862320194139004,-1.1408330289748803,-1.1482595525402783,-1.193356610573721,-1.0849423947841654,-1.1180787092150535,-1.0806016842481785,-1.0501904589168576,-1.1257441982972862,-1.1236992480196826,-1.088898526034451,-1.12769676775275,-1.0522832318344715,-1.178685708745126,-1.122452671608028,-1.1712813496338104,-1.0471389592599445,-1.0761505470890214,-1.1360897851842522,-1.1564168798491312,-1.085126720710535,-1.1006816070054048,-1.124055158788927,-1.0446530524533013,-1.1704272724095248,-1.0969503179269333,-1.1351211389098523,-1.145294721894762,-1.0869682608061746,-1.06803557993168,-1.093114815561476,-1.1308846094982459,-1.0219099764656376,-1.0729864864013898,-1.0697195894251914,-1.1028599185753374,-1.1848628612628551,-1.1411835960966141,-1.0600471687618434,-1.0564563407921788,-1.153126185636247,-1.1322985472038725,-1.014051280754578,-1.1337107214805724,-1.1486078530116361,-1.1416216536138406,-1.1389029809426263,-1.1006816070054046,-1.0781929326423911,-1.06803557993168,-1.0966767983321248,-1.1027692415006867,-1.1790250209389113,-1.0586311916810311,-1.1342398335449166,-1.1034038245356956,-1.106480908104609,-1.1705127081753532,-1.1135079703351924,-1.1502608399836969,-1.1580587204455568,-1.1367937367878131,-1.1659759860305872,-1.1014081895464551,-1.1424097338520887,-1.1668333214302717,-1.0310674080776678,-1.155984428960875,-1.0975882652433926,-1.0271806072935763,-1.1381124724736127,-1.12583302491977,-1.129822994986383,-1.179703352542494,-1.0282509421342632,-1.1788553770501282,-1.1310614483749326,-1.1274307074051158,-1.0810642904101495,-1.109459327780879,-1.0740111731262387,-1.0699999999999998,-1.101680534456337,-1.065410718924866,-1.127253298952813,-1.1643453096053593,-1.0507616285342742,-1.1157508682497181,-1.1195981421920993,-1.1230761327710603,-1.1211155159036914,-1.0538975282255862,-1.0123734488813898,-1.0050373127401788,-1.1123398761170076,-1.037448793917078,-1.095764573254675,-1.121918000568669,-1.11584049039278,-1.1181681447796659,-1.0715876072445034,-1.157540496051866,-1.090642012761291,-1.0910087075729507,-1.09,-1.0986810274142353,-1.118168144779666,-1.08531101533155,-1.1164676439557037,-1.1936917525056459,-1.1297344820797495,-1.1163780721601442,-1.0715876072445034,-1.1387273598188463,-1.0806016842481785,-1.149826073804208,-1.0735455276791945,-1.0574024777727733,-1.1237882362794158,-1.0816191566350886,-1.1517378173872732,-1.121650569473399,-1.13017697729161,-1.1460802764204607,-1.0548459603183775,-1.0982258419833326,-1.1519982638875808,-1.1485207877961985,-1.0456098698845568,-1.0711209082078457,-1.0472344532147517,-1.0418733128360664,-1.162626337221035,-1.1337107214805722,-1.0714942836991712,-1.1398684134583255,-1.1466908912169835,-1.0557935404235053,-1.176647780773839,-1.1088282103193443,-1.0214205793893132,-1.1198660634200859,-1.124055158788927,-1.0867842472174503,-1.1246777316191514,-1.1047624178980746,-1.1019528120568503,-1.0877040038539898,-1.084665847162157,-1.1266321493726335,-1.0938464243210744,-1.132828318855068,-1.1267209059922516,-1.1875605247733692,-1.0866922287382015,-1.023083574298796,-1.172220115848555,-1.151477311977965,-1.0883473710171767,-1.1590081966923271,-1.1118003417880389,-1.050095233776442,-1.0457055034760023,-1.0628734637763801,-1.1199553562530964,-1.106300140106653,-1.0702803371079932,-1.1249444430726345,-1.104852931389513,-1.0575916035975323,-1.1883181392203017,-1.1208478933378963,-1.0774506949276148,-1.1199553562530964,-1.0909170454255448,-1.0934806811279292,-1.1780067911519017,-1.16081867662439,-1.1953660527219265,-1.1747765745025731,-1.0395672176439579,-1.0789346597454361,-1.093663568013491,-1.116467643955704,-1.12307613277106,-1.1004090148667451,-1.1438968484964016,-1.0741042779916667,-1.1554652742510265,-1.1605602095539895,-1.1994582110269618,-1.1136875683960918,-1.0973149046650192,-1.1341516653428676,-1.0710275439968853,-1.0522832318344715,-1.0959470790143109,-1.0917417276993675,-1.1789402020458883,-1.0903669107231748,-1.1648605066702193,-1.1459057552870568,-1.1508692367076288,-1.161163209889118,-1.0866922287382015,-1.143547113152755,-1.0932062934323055,-1.0795832529267948,-1.120937107959229,-1.079027339783381,-1.109459327780879,-1.0881635906425098,-1.161163209889118,-1.138639539099183,-1.1701709276853531,-1.1837651794169315,-1.137233485261492,-1.0723339032223125,-1.1270758625753636,-1.1088282103193443,-1.1529527310345382,-1.059292216529509,-1.1170049238924598,-1.1596982366115764,-1.1229870880824944,-1.178516016013359,-1.072706856508338,-1.095673308974897,-1.1200446419674528,-1.1212047092302102,-1.102769241500687,-1.103585066952249,-1.0729864864013898,-1.0554146104730595,-1.1688028062936877,-1.1129690022637646,-1.0910087075729504,-1.1260994627474077,-1.0778218776773831,-1.1190621073023606,-1.1177208953938367,-1.0861399541495562,-1.1244998888394786,-1.0705606008068858,-1.1475626344561762,-1.162540321881353,-1.1150336317797773,-1.1418844074598795,-1.1485207877961983,-1.0768008172359456,-1.108286966448672,-1.1466908912169835,-1.1320335684068736,-1.1488690090693543,-1.1985407794480754,-1.1246777316191514,-1.1167363162358428,-1.1452074047961793,-1.1736694594305501,-1.125299960010663,-1.1628843450661808,-1.1526925001924841,-1.1445086281894077,-1.0198529305738155,-1.1156612389072231,-1.1911758896149636,-1.103313192162588,-1.075499883774982,-1.1882339836917644,-1.1624543001770005,-1.1063905277974861,-1.1516509887982558,-1.113597772986279,-1.074569681314339,-1.0984989758757175,-1.0887148386974432,-1.0517128885774862,-1.161765897244363,-1.090275194618313,-1.1047624178980746,-1.0764292823962007,-1.1297344820797495,-1.0787492757819122,-1.0669114302508902,-1.1591807451816993,-1.1041286156965593,-1.1652038448271616,-1.1866338946785566,-1.131238259607586,-1.087612063191651,-1.1503477735015615,-1.1875605247733692,-1.0900917392586738,-1.146865292874451,-1.1627123461974591,-1.1297344820797495,-1.1132385189167682,-1.1126994203287786,-1.1342398335449166,-1.0966767983321248,-1.1008632975987527,-1.050951949424901,-1.1310614483749324,-1.0938464243210744,-1.1449454135459909,-1.1836807001890333,-1.116915395184434,-1.146167527022119,-1.1128791488746654,-1.1873078791956198,-1.1432847414358334,-1.105486318323298,-1.1349449325848369,-1.100409014866745,-1.0384122495425407,-1.1214722466472364,-1.1336225121265013,-1.1516509887982558,-1.0696261028976433,-1.0362914647916386,-1.1638298844762494,-1.1301769772916097,-1.1889911690168267,-1.1178103595869917,-1.1112605455067681,-1.194278024582216,-1.1278741064498288,-1.102315744240279,-1.1652038448271613,-1.082635672791175,-1.169144986731757,-1.1336225121265013,-1.0743835441777763,-1.1252110913068714,-1.156676272774712,-1.1428473213863695,-1.1258330249197703,-1.0804165863221464,-1.0227903010881556,-1.0816191566350886,-1.135825690852254,-1.1452074047961793,-1.1095494581135175,-1.0433120338613948,-1.0865081684000355,-1.118883371938291,-1.04484448603608,-1.1156612389072231,-1.179703352542494,-1.1480853626799707,-1.0691585476438936,-1.1321219015636081,-1.127785440586994,-1.14564392373896,-1.1717081547894084,-1.1881498222025706,-1.1559844289608747,-1.1576268828944842,-1.1748616939878498,-1.153819743287486,-1.0786565718522276,-1.0206370559606388,-1.195198728245642,-1.1433722053644648,-1.1303539268742335,-1.1398684134583255,-1.1102702373746671,-1.189663818059539,-1.109459327780879,-1.1284945724282418,-1.1486949116279743,-1.1190621073023606,-1.0648474069086145,-1.133269606051446,-1.0796758772891057,-1.20287156421623,-1.0630616162763096,-1.1593532679903913,-1.1354734695271396,-1.0502856754235963,-1.1157508682497181,-1.1526057435220423,-1.0556040924513317,-1.1469524837585907,-1.0325211862233143,-1.0646595700034822,-1.1202231920470134,-1.0855873986004074,-1.1517378173872732,-1.124233071920587,-1.1513904637437293,-1.1516509887982558,-1.1241441188744439,-1.0861399541495562,-1.0962207806824318,-1.148346637562021,-1.1344161493913951,-1.0496189784869554,-1.081988909370147,-1.090275194618313,-1.0869682608061746,-1.1833427229674418,-1.0685036265731622,-1.152952731034538,-1.116288493177279,-1.1433722053644648,-1.1603016849078518,-1.1263658375501273,-1.081249277456406,-1.114136436887332,-1.0670988707706517,-1.1877289253024026,-1.10077245605075,-1.1432847414358331,-1.1438968484964018,-1.0793053321465618,-1.1415340555585716,-1.151911454930456,-1.1380246043034394,-1.0786565718522276,-1.1164676439557037,-0.9980480950335009,-1.0646595700034824,-1.1275194011634566,-1.1239661916623649,-1.1469524837585905,-1.1347686988985906,-1.0856795107212809,-1.135033039166702,-1.1725612990372827,-1.0921080532621303,-1.1957842614786331,-1.0898164983151981,-1.0951255635770722,-1.0371595827065379,-1.0801388799594245,-1.1125196627475848,-1.094668899713516,-1.1339753083731587,-1.1244109569014347,-1.124855546281388,-1.1236102527122116,-1.1171839597846005,-1.15,-1.138727359818846,-1.082820391385386,-1.0953081758117211,-1.146778095361086,-1.1988744721612852,-1.1050339361304702,-1.084850220076486,-1.15,-1.1509561242723374,-1.052853266129711,-1.1558979193683152,-1.1114405067298925,-1.1886547017532048,-1.0999545445153631,-1.1433722053644648,-1.148781963646714,-1.1191514642799696,-1.1404823540940912,-1.0896329657274508,-1.144159079848602,-1.1403069762129843,-1.0951255635770722,-1.187981481337146,-1.0567402708329043,-1.1051244273836316,-1.1445959985951375,-1.104852931389513,-1.1199553562530964,-1.1288489712977552,-1.070467187726929,-1.0799537027113708,-1.0789346597454361,-1.102315744240279,-1.053707739366092,-1.099136024339117,-1.1452074047961793,-1.2030378215168465,-1.1554652742510265,-1.0752209075348194,-1.1122499719037982,-1.1236102527122114,-1.0879797792238604,-1.1701709276853531,-1.1614215427655885,-1.1050339361304702,-1.1752871989433051,-1.1713667231059621,-1.1379367293483413,-1.157540496051866,-1.1677756633874505,-1.0892658077806354,-1.0983168941612436,-1.0966767983321248,-1.1411835960966141,-1.0525682875709301,-1.0490471867366118,-1.101680534456337,-1.1133283433021905,-1.156676272774712,-1.1287603820120549,-1.0881635906425098,-1.1662332528272377,-1.127430707405116,-1.0882554847093582,-1.0996817721504708,-1.1310614483749326,-1.0927488274987989,-1.1505216208311777,-1.0235721762533407,-1.1123398761170078,-1.0903669107231748,-1.0759646834352883,-1.1530394615970436,-1.0996817721504708,-1.1153026495081952,-1.1237882362794158,-1.1551190414844696,-1.109639581125331,-1.0678483038334612,-1.0915585188161008,-1.0959470790143109,-1.061178590059185,-1.1890752709563848,-1.1214722466472364,-1.1153923076657828,-1.0713076122197582,-1.0668176976409793,-1.065598423422257,-1.063437821407533,-1.1396929411029972,-1.0460879504133482,-1.1161093136427094,-1.1596982366115764,-1.062591172558854,-1.077357879258327,-1.2049481316637658,-1.1204017136723774,-1.1712813496338104,-1.1760527199067226,-1.1437219941926446,-1.1492171248288983,-1.1470396680150168,-1.0678483038334612,-1.0802314566795397,-1.0862320194139004,-1.1408330289748803,-1.1327400407860577,-1.0897247358851683,-1.0494284158531253,-1.1044002897500524,-1.034553043589356,-1.0829127388668027,-1.1142261888862601,-1.1073843054694248,-1.067754653466797,-1.1589219128138013,-1.1238772174930853,-1.0755928597754822,-1.109639581125331,-1.1196874563912915,-1.1180787092150535,-1.1231651704001508,-1.049047186736612,-1.1506954418958997,-1.0627793750351011,-1.1469524837585907,-1.0559829544078825,-1.1177208953938367,-1.0899082530194915,-1.0836512354074073,-1.1726465793238814,-1.1257441982972862,-1.0322305943925514,-1.1160197130875422,-1.1473883387938018,-1.049809506529637,-1.0680355799316799,-1.0994089321085216,-1.0446530524533013,-1.1784311604841413,-1.0882554847093582,-1.1193301568348815,-1.1403946685248927,-1.1624543001770005,-1.1532129031536198,-1.0934806811279294,-1.068971468281544,-1.0488565202161828,-1.0354226190305098,-1.1124297730643495,-1.0737318100903968,-1.0575916035975323,-1.0719608201795436,-1.142672306481609,-1.0968591523071685,-1.1081064930772673,-1.1599568957508724,-1.128937553631732,-1.108016245368271,-1.1285831825789359,-1.1105404089901456,-1.1020435563080073,-1.109459327780879,-1.1146748404803977,-1.144071676076285,-1.1564168798491312,-1.0869682608061746,-1.1496521212958293,-1.0347463457292323,-1.1973721226085063,-1.0324243313676793,-1.1267209059922514,-1.1264546151532249,-1.1218288639538563,-1.0953994705129264,-1.014248490262618,-1.1118902823570318,-1.0331021246711285,-1.1034038245356956,-1.1297344820797495,-1.125299960010663,-1.1351211389098521,-1.0997727037892875,-1.0752209075348191,-1.175372281449584,-1.1466036804406308,-1.120758671614902,-1.0264014809030626,-1.094760247725501,-1.1637439580938758,-1.137321414552632,-1.135649593844862,-1.148346637562021,-1.1108105148944172,-1.0708407911543152,-1.105486318323298,-1.1717934971657764,-1.138639539099183,-1.2066068125118472,-1.184356365288759,-1.0565509926170151,-1.1543396380615194,-1.1126095451684745,-1.1457312075700827,-1.0869682608061746,-1.0620263650211326,-1.138639539099183,-1.1545994976614185,-1.1102702373746673,-1.122898036332774,-1.1286717857729944,-1.104128615696559,-1.0842047777057617,-1.0624970588194584,-1.1864653387267576,-1.1309730323929037,-1.0572133181151284,-1.0940292500660118,-1.0252316811335864,-1.1122499719037984,-1.1286717857729942,-1.1627983488120373,-1.1335342959081562,-1.0622146675696018,-1.0732660434393702,-1.1218288639538563,-1.0915585188161008,-1.0936635680134912,-1.1714520903562382,-1.1517378173872732,-1.12120470923021,-1.1353853971229328,-1.0757787876696585,-1.1519982638875808,-1.1075648965184839,-1.1485207877961983,-1.1032225523438144,-1.123521250355328,-1.0867842472174503,-1.1079259903080168,-1.1621101496846158,-1.1142261888862601,-1.109639581125331,-1.0533280590585252,-1.0756858277396797,-1.0850345616615167,-1.1148542505637227,-1.1421471008587292,-1.082728036027515,-1.1582314103839526,-1.1370576062803501,-1.1238772174930853,-1.1090987332063815,-1.1367937367878131,-1.114854250563723,-1.062214667569602,-1.1604740410711478,-1.1342398335449166,-1.0698130677833393,-1.06061303028013,-1.0693455942771728,-1.1790250209389113,-1.0664426848171447,-1.0411051820061217,-1.095582037092613,-1.1244109569014344,-1.1370576062803501,-1.1877289253024026,-1.065410718924866,-1.1088282103193443,-1.0455142275454696,-1.116378072160144,-1.0707474025184465,-1.1306192993222783,-1.0589145385724004,-1.1406577050105784,-1.1881498222025706,-1.0712142642814275,-1.1122499719037984,-1.0976793703081058,-1.1185258155268478,-1.1403069762129845,-1.1614215427655885,-1.126188261348874,-1.0792126759818939,-1.1194194924156002,-1.0571187255932988,-1.0762434668791259,-1.145993019175946,-1.0594810050208545,-1.0712142642814275,-1.0997727037892875,-1.0732660434393702,-1.0960383204979651,-1.1208478933378963,-1.0758717395675006,-1.0685036265731624,-1.096494414030459,-1.0637198879404297,-1.2042840196564928,-1.1875605247733692,-1.1145851246091525,-1.114943944779288,-1.1410959644131602,-1.0872442227944925,-1.1201339205648582,-1.0988630487917954,-1.1364418154925486,-1.0175952043912158,-1.0702803371079934,-1.1252999600106632,-1.1198660634200859,-1.0441743149493765,-1.077357879258327,-1.076057619275102,-1.1218288639538563,-1.1266321493726335,-1.146516463030514,-1.1371455491712572,-1.0911920087683926,-1.0849423947841654,-1.1926860441876563,-1.1397806806574675,-1.1414464507807627,-1.1039474625180312,-1.0584422516131904,-1.0111874208078344,-1.0901834707974616,-1.0576861538282516,-1.1751170154499508,-1.1223635774560756,-1.1255665240224588,-1.1337107214805722,-1.1659759860305872,-1.1741805653305628,-1.135649593844862,-1.1593532679903913,-1.1503477735015615,-1.086876257906115,-1.1085576214162258,-1.104852931389513,-1.1443338673656391,-1.151477311977965,-1.107113363662457,-1.0349396117648604,-1.0695326081985532,-1.1558114033007287,-1.0549407566304374,-1.083097410208334,-1.132651755836718,-1.1081967334368028,-1.0866922287382017,-1.131591799192624,-1.1945291959596467,-1.044940189675945,-1.1291146974510604,-1.158576713040617,-1.1382003338604325,-1.1125196627475848,-1.088898526034451,-1.1155716023635596,-1.0752209075348191,-1.117989266495882,-1.1104503590885997,-1.0644716999526103,-1.1163780721601442,-1.0771722239270745,-1.0771722239270747,-1.0151354589413177,-1.098134782255803,-1.121918000568669,-1.1002272492535348,-1.1621961968617862,-1.1354734695271393,-1.1383760362902935,-1.0858637115218466,-1.035519193448388,-1.1001363551851198,-1.1152129841424911,-1.1447707194019245,-1.120044641967453,-1.0861399541495562,-1.0430244484191153,-1.1101801655587258,-1.122452671608028,-1.1275194011634568,-1.1437219941926444,-1.183342722967442,-1.0892658077806354,-1.0849423947841654,-1.053707739366092,-1.1774124171249427,-1.0089103032480142,-1.0257192598367255,-1.0554146104730593,-1.1852847759083047,-1.099045040023383,-1.142584788976293,-1.0677546534667972,-1.0749418588928425,-1.0815266986995744,-1.0128672173587216,-1.1088282103193443,-1.1308846094982459,-1.136001760562016,-1.0217142457654196,-1.146167527022119,-1.1379367293483411,-1.1360017605620158,-1.0754068997360953,-1.1284059553192725,-1.1642594212631479,-1.153819743287486,-1.151911454930456,-1.1430223094935636,-1.1322102278287367,-1.1634001891008958,-1.0966767983321248,-1.0961295543867065,-1.1383760362902935,-1.1991246807567593,-1.108647825055369,-1.0778218776773831,-1.2065239326262864,-1.1432847414358334,-1.1105404089901456,-1.0637198879404295,-1.0964944140304593,-1.0437911668528337,-1.1136875683960918,-1.144071676076285,-1.0465658125507444,-1.0938464243210744,-1.1319452283569202,-1.0768008172359453,-1.1072036849649662,-1.0741973747873341,-1.1577996372429904,-1.0706540057366807,-1.0535179163165664,-1.121650569473399,-1.027180607293576,-1.1416216536138406,-1.1137773565663829,-1.1698290473398238,-1.032618031994406,-1.0389898940798221,-1.1533863186287585,-1.0917417276993675,-1.0313583276436953,-1.0894494022211403,-1.1412712210513327,-1.1100900864344299,-1.136177802986839,-1.1873078791956195,-1.122719911643149,-1.0387011119662866,-1.0412972678346948,-1.146778095361086,-1.0640018796975879,-1.0252316811335864,-1.1140466776576285,-1.1639158045150861,-1.0815266986995744,-1.1338871196022997,-1.198791057691039,-1.1516509887982558,-1.1454693361238442,-1.1255665240224588,-1.1224526716080283,-1.1093691901256317,-1.1723054209547954,-1.0942120452636226,-1.1421471008587292,-1.0982258419833326,-1.0224969437607137,-1.1348568191626642,-1.1282287002199511,-1.127962765342899,-1.1670903992407786,-1.1402192771568107,-1.139254141971843,-1.0767079455451234,-1.1997916485790356,-1.055319856725912,-1.0248414511523234,-1.106480908104609,-1.1855378526221758,-1.2077665337307537,-1.0396634070698074,-1.1510430052782563,-1.0677546534667972,-1.1253888216967505,-1.0939378410129161,-1.0589145385724004,-1.0938464243210744,-1.0483797022071726,-1.091924905842888,-1.167176079261394,-1.043599540053559,-1.124233071920587,-1.1491301057756689,-1.0646595700034824,-1.164946350696031,-1.0960383204979651,-1.1561574287267284,-1.1203124564156197,-1.0629675441893793,-1.128583182578936,-1.082266141020775,-1.1549458861782227,-1.0997727037892877,-1.1198660634200859,-1.110990549014707,-1.132210227828737,-1.124588813744828,-1.1112605455067683,-1.067379969832674,-1.133093111796202,-1.1296459622377268,-1.0768008172359453,-1.114854250563723,-1.0679419459877022,-1.0789346597454361,-1.1542530051942685,-1.1155716023635596,-1.0995908329919815,-1.1113505297609751,-1.1253888216967505,-1.1275194011634568,-1.0551303237041385,-1.11,-1.1545994976614185,-1.0914669028422255,-1.122007130102122,-1.1960351165413163,-1.0768008172359453,-1.121650569473399,-1.10077245605075,-1.10774545812655,-1.0562670116973265,-1.0538026380684382,-1.1552921708381825,-1.1504347004502253,-1.0976793703081058,-1.1535597080342221,-1.1004998864152598,-1.1249444430726345,-1.0564563407921785,-1.1385517116055817,-1.1111705539655017,-1.0844814429025513,-1.1009541316512692,-1.1014081895464551,-1.1438094246857735,-1.0439827584783188,-1.0692520750505934,-1.085955800205515,-1.1758826472059192,-1.1178103595869917,-1.0900917392586735,-1.1111705539655017,-1.1565033506220377,-1.1321219015636081,-1.0801388799594245,-1.0818040487999663,-1.1241441188744439,-1.105667219374799,-1.1131486872830603,-1.0572133181151284,-1.1108105148944172,-1.0855873986004074,-1.1397806806574677,-1.074011173126239,-1.0755928597754822,-1.1830891766895681,-1.1410959644131602,-1.1309730323929037,-1.104943437466371,-1.1469524837585905,-1.1460802764204607,-1.0724271537032246,-1.0949429208867463,-1.1926021968787412,-1.1155716023635596,-1.006628034578811,-1.1637439580938755,-1.1651180197731044,-1.024060545085104,-1.064377752492037,-1.048951857808546,-1.1152129841424911,-1.0921080532621303,-1.1066616465749592,-1.10131739294356,-1.0016486409914407,-1.1024971655292362,-1.1063001401066528,-1.1060289327137875,-1.084665847162157,-1.1408330289748803,-1.1621961968617864,-1.1826664787673657,-1.0421612159354232,-1.1164676439557037,-1.1473011810331235,-1.0800462953040484,-1.17409539646487,-1.1509561242723374,-1.1167363162358426,-1.1187939935484101,-1.16081867662439,-1.1869709347747315,-1.0718675291284834,-1.0748488265798126,-1.2076837334335508,-1.1330048543585327,-1.1114405067298925,-1.1475626344561765,-1.2006248373242991,-1.1652038448271616,-1.1894116192470965,-1.1081967334368026,-1.1076551810017412,-1.1187046080176841,-1.072240644631605,-1.1642594212631479,-1.0609901036296239,-1.171110584018435,-1.118704608017684,-1.0929318368498557,-1.0566456359631644,-1.1132385189167682,-1.1175419455215094,-1.0677546534667972,-1.176477794095579,-1.1255665240224588,-1.1212938954618454,-1.168546105209375,-1.145469336123844,-1.1417968295629481,-1.0914669028422255,-1.0646595700034824,-1.1743508845315356,-1.1325634640054394,-1.0880716888146662,-1.1757976016304847,-1.1025878649794763,-1.0932977636490435,-1.120580206857144,-1.0900917392586735,-1.1922667486766543,-1.131238259607586,-1.1174524598388962,-1.1241441188744439,-1.1165572085656874,-1.1377609590770814,-1.1292918134831227,-1.123521250355328,-1.0635318518972527,-1.1458184847522752,-1.084573648951513,-1.097679370308106,-1.1063905277974861,-1.1136875683960918,-1.1018620603324174,-1.0982258419833326,-1.0801388799594245,-1.1297344820797495,-1.083558950865157,-1.1462547709824373,-1.1199553562530964,-1.0865081684000355,-1.0814342328593078,-1.0259142264341596,-1.084020295012967,-1.1452947218947618,-1.0753139076567364,-1.093937841012916,-1.1102702373746671,-1.1140466776576283,-1.155897919368315,-1.1883181392203017,-1.1138671374989029,-1.1479111463872107,-1.1195981421920993,-1.07298648640139,-1.0547511554864493,-1.06268527796333,-1.1077454581265498,-1.1427598172844544,-1.0960383204979651,-1.0436953578511308,-1.1077454581265498,-1.1606463716395274,-1.167433081593973,-1.1116204388189344,-1.1466036804406308,-1.1129690022637646,-1.097314904665019,-1.0535179163165664,-1.0400480758118829,-1.1115304764152893,-1.0993179703798168,-1.143109793501919,-1.13758516164725,-1.0964032105024137,-1.0685036265731624,-1.1194194924156002,-1.1547727049077667,-1.1314150432091663,-1.081988909370147,-1.1662332528272379,-1.1836807001890333,-1.1076551810017412,-1.095764573254675,-1.0333924714260307,-1.1593532679903913,-1.1482595525402781,-1.1358256908522542,-1.1183469944520796,-1.1383760362902937,-1.1431097935019192,-1.005832988124768,-1.1060289327137875,-1.1132385189167684,-1.0908253755757609,-1.1212938954618454,-1.1073843054694246,-1.0830050784737808,-1.1536463929644993,-1.123165170400151,-1.1514773119779653,-1.0986810274142356,-1.1300884921102416,-1.0707474025184465,-1.1351211389098521,-1.0793053321465618,-1.1819898476721362,-1.0832820500682174,-1.1227199116431488,-1.0334892355511014,-1.0481889142707053,-1.1398684134583255,-1.1775822688882507,-1.1138671374989029,-1.091833320612629,-1.128937553631732,-1.0705606008068855,-1.088622983406101,-1.1024971655292362,-1.1866338946785566,-1.1622822376686308,-1.0653168542738822,-1.06362587407415,-1.0945775440780794,-1.1584040745784694,-1.0784711400867433,-1.0546563421323556,-1.127253298952813,-1.106842355532169,-1.0202450685987168,-1.12769676775275,-1.1245888137448283,-1.0546563421323556,-1.098134782255803,-1.1136875683960918,-1.1059385154700057,-1.074569681314339,-1.1562439189029277,-1.1263658375501273,-1.1014989786649827,-1.0465658125507444,-1.0095048291117779,-1.1195088208674373,-1.1197767634667188,-0.9930256794262674,-1.065222981351792,-1.0724271537032246,-1.0644716999526103,-1.0551303237041385,-1.0892658077806352,-1.107925990308017,-1.005236290630218,-1.162540321881353,-1.0830050784737806,-1.102315744240279,-1.140043858805441,-1.1455566332573872,-1.149826073804208,-1.076615065842941,-1.060141499989506,-1.0270832488167645,-1.125299960010663,-1.1688028062936877,-1.0942120452636226,-1.1024064586167843,-1.1630563184988079,-1.0646595700034824,-1.1047624178980746,-1.0984989758757175,-1.181482120050913,-1.1714520903562382,-1.0870602559196063,-1.1551190414844696,-1.086047881080756,-1.1677756633874503,-1.084758037536482,-1.1284945724282416,-1.2017903311310172,-1.086416126537157,-1.1369696565871932,-1.0789346597454361,-1.053707739366092,-1.1850316451470821,-1.1165572085656874,-1.088806686239573,-1.0390861369491944,-1.082081327812286,-1.1352973178863763,-1.1408330289748803,-1.0318430113151904,-1.0228880681677737,-1.087612063191651,-1.132386859690627,-1.1447707194019245,-1.1409206808538443,-1.0954907576059232,-1.1237882362794158,-1.167433081593973,-1.1846940533319141,-1.1001363551851198,-1.1276080879454526,-1.0653168542738822,-1.0663489110042734,-1.1484337159801605,-1.1170944454252738,-1.1012265888544466,-1.0165136496870073,-1.0177917272212424,-1.1850316451470821,-1.1197767634667188,-1.146865292874451,-1.1068423555321687,-1.1526057435220423,-1.127253298952813,-1.1120701416727277,-1.1976226450764866,-1.1497391008398383,-1.165375475973302,-1.0705606008068855,-1.0715876072445034,-1.1124297730643493,-1.0474254150057654,-1.11476454913134,-1.055035544424926,-1.1363538181394033,-1.2021231218140678,-1.105305387664423,-1.1039474625180312,-1.0607073111843812,-1.1791946404220126,-1.153819743287486,-1.1445959985951375,-1.1222744762311936,-1.1349449325848369,-1.1602154972245458,-1.1307077429645558,-1.1183469944520799,-1.059292216529509,-1.1355615351005863,-1.1434596626029272,-0.99,-1.167861293133735,-1.1217397202559958,-1.1063905277974861,-1.127785440586994,-1.11431593365616,-1.0985900054160331,-1.1315034246523517,-1.081434232859308,-1.120758671614902,-1.1406577050105786,-1.1596120040772258,-1.1799576263578282,-1.1473011810331235,-1.082266141020775,-1.1195088208674373,-1.13,-1.0911920087683926,-1.076057619275102,-1.1014989786649827,-1.06061303028013,-1.1232542009714452,-1.2185647295076287,-1.1221853679316978,-1.0649413129370089,-1.0818964830333815,-1.0977704678119193,-1.0943948099292138,-1.063531851897253,-1.04273678366115,-1.155551816233266,-1.1292918134831227,-1.1621101496846158,-1.050380883299006,-1.1235212503553282,-1.0311643903859364,-1.15,-1.059103394386025,-1.0684100336481306,-1.1042191811411357,-1.0481889142707053,-1.07326604343937,-1.1374093370462544,-1.1539064086831305,-1.1529527310345382,-1.0545615202537972,-1.1320335684068736,-1.116915395184434,-1.0615554625171497,-1.0900917392586738,-1.0987720418721985,-1.149913040190431,-1.0861399541495562,-1.057024124606435,-1.048665819029113,-1.1189727431890377,-1.0554146104730595,-1.0157263410978372,-1.1469524837585905,-1.1191514642799696,-1.1307077429645558,-1.0380269746013346,-1.104671896990233,-1.043599540053559,-1.0646595700034824,-1.0556988206870368,-1.158576713040617,-1.1380246043034394,-1.2117342943071308,-1.1330048543585327,-1.0788419717456306,-1.1393419153177855,-1.1173629669896885,-1.0733592129385205,-1.1221853679316978,-1.1025878649794765,-1.0299029080452196,-1.15987068244697,-1.1561574287267282,-1.1313266548614507,-1.1925183436744276,-1.1382003338604325,-1.1741805653305628,-1.1018620603324174,-1.152952731034538,-1.0271806072935763,-1.1270758625753636,-1.0609901036296239,-1.1960351165413163,-1.1002272492535348,-1.1331813623599711,-1.1254776763667949,-1.062214667569602,-1.1026785569693465,-1.0674736530706508,-1.1088282103193443,-1.0396634070698074,-1.0349396117648606,-1.1308846094982459,-1.151216747619665,-1.1317685275708986,-1.1931890043073645,-1.1145851246091525,-1.0911920087683926,-1.149652121295829,-1.152952731034538,-1.1482595525402783,-1.122898036332774,-1.1186152153444007,-1.0858637115218466,-1.1454693361238442,-1.0909170454255448,-1.0534229919647664,-1.1352092318158797,-1.1335342959081565,-1.11,-1.1590081966923271,-1.1266321493726335,-1.1346805717910218,-1.0944861808172819,-1.0725203960764567,-1.08660020246639,-1.1253888216967503,-1.1276080879454529,-1.1312382596075858,-1.1794490239090454,-1.0965856099730655,-1.0115829180052418,-1.1269871339105872,-1.1536463929644993,-1.0860478810807561,-1.112519662747585,-1.039855759228173,-1.1155716023635596,-1.1252999600106632,-1.117810359586992,-1.10077245605075,-1.0487611739571598,-1.18536914081648,-1.0640958603434185,-1.1225417586887358,-1.107113363662457,-1.0173003489628811,-1.0024470060806208,-1.0174969287422937,-1.0399519219656264,-1.1034038245356956,-1.1665761869676579,-1.1578860047517632,-1.1330931117962018,-1.1423221962301178,-1.0413932974625868,-1.1131486872830603,-1.0960383204979651,-1.0947602477255007,-1.0402403568406677,-1.0913752791776072,-1.0518079672639868,-1.1739250401963492,-1.0909170454255448,-1.1659759860305872,-1.1708543888972702,-1.1338871196022997,-1.162540321881353,-1.1190621073023606,-1.199458211026962,-1.1337989239719712,-1.1791946404220128,-1.1067520047418031,-1.0387011119662866,-1.1813128290169375,-1.1926021968787412,-1.1736694594305501,-1.15987068244697,-1.1109005356016353,-1.1309730323929037,-1.1231651704001508,-1.07289328453486,-1.070467187726929,-1.1407453703609758,-1.1144056711987784,-1.0078194282707593,-1.1031319050775388,-1.0926573113286708,-1.1113505297609751,-1.0683164325236227,-1.147736903649961,-1.1181681447796659,-1.1694870670511923,-1.1208478933378963,-1.052853266129711,-1.1445959985951375,-1.1066616465749592,-1.1489560478973946,-1.06268527796333,-1.1409206808538446,-1.11584049039278,-1.1771575935277316,-1.0731728658515365,-1.073824939177704,-1.134063490286148,-1.0808792717042917,-1.031649165171959,-1.1215614116043757,-1.0839280418920805,-1.1268983982595768,-1.0430244484191156,-1.0954907576059234,-1.0545615202537972,-1.118883371938291,-1.061461256947233,-1.1807201192492656,-1.0165136496870075,-1.1367057666784313,-1.0970414759707128,-1.0903669107231748,-1.0685036265731624,-1.0937549999885716,-1.1855378526221758,-1.0793053321465618,-1.1417968295629481,-1.1360897851842522,-1.0533280590585252,-1.0820813278122858,-1.0785638599545229,-1.0588200980336555,-1.0547511554864493,-1.0566456359631644,-1.096494414030459,-1.0674736530706508,-1.175627492022877,-1.1300000000000001,-1.0888985260344508,-1.1424972647669664,-1.1391663618629193,-1.1748616939878498,-1.1997916485790356,-1.117989266495882,-1.146080276420461,-1.0821737383618215,-1.0546563421323554,-1.0828203913853858,-1.1547727049077667,-1.0615554625171497,-1.149652121295829,-1.0893576088686396,-1.202705283932851,-1.042928568982555,-1.0238652255057792,-1.025816747767358,-1.1325634640054392,-1.1615076409563563,-1.007323185477233,-1.1264546151532249,-1.1582314103839526,-1.2107435731813736,-1.0757787876696585,-1.103585066952249,-1.0924742559895861,-1.1117103939425952,-1.1353853971229328,-1.1105404089901456,-1.1394296819023102,-1.0778218776773834,-1.1193301568348812,-1.120758671614902,-1.1377609590770814,-1.1640876255677661,-1.2127242060749013,-1.1546861045323096,-1.084758037536482,-1.1012265888544466,-1.1051244273836316,-1.0982258419833328,-1.1234322409473567,-1.197205078505767,-1.124588813744828,-1.1189727431890377,-1.0933892262136116,-1.0324243313676795,-1.1144056711987784,-1.1361778029868388,-1.0706540057366807,-1.0770793842609745,-1.0392785959500945,-1.104852931389513,-1.0918333206126292,-1.0932977636490435,-1.142322196230118,-1.1898319209031165,-1.1223635774560754,-1.157540496051866,-1.082728036027515,-1.1519114549304559,-1.0982258419833326,-1.0987720418721985,-1.092565787492909,-1.1356495938448619,-1.1280514172678477,-1.0461835403025608,-1.0601414999895062,-1.149826073804208,-1.0568348972285122,-1.0951255635770722,-1.1395174417269796,-1.1167363162358426,-1.129026129015622,-1.0594810050208545,-1.0447487736293353,-1.2034533642813086,-1.128937553631732,-1.0867842472174503,-1.083097410208334,-1.0340696301506973,-1.0475208828467335,-1.0763363786474933,-1.1652038448271613,-1.0319399207318225,-1.1047624178980746,-1.2097520407091695,-1.0828203913853858,-1.0858637115218466,-1.1321219015636081,-1.1298229949863827,-1.0858637115218466,-1.055604092451332,-1.1021342930877345,-1.1284945724282418,-1.138112472473613,-1.0720541031123383,-1.1495651351706868,-1.0500952337764418,-1.0889903580840374,-1.1103603018840327,-1.0462791214585139,-1.0708407911543152,-1.1009541316512692,-1.1205802068571442,-1.1092790451459904,-1.0934806811279292,-1.0318430113151904,-1.128228700219951,-1.1783462988442743,-1.1130588483993107,-1.1315034246523514,-1.0825433016743489,-1.1415340555585716,-1.027375296568883,-1.0346496991735898,-1.1667476162392618,-1.1332696060514462,-1.079490620616965,-1.118436408563312,-1.0932977636490435,-1.1103603018840325,-1.118704608017684,-1.060895847856895,-1.0837435120913066,-1.1451200810395388,-1.160129303138232,-1.0995908329919817,-1.1596120040772258,-1.143984265626062,-1.1780067911519017,-1.1090085662428402,-1.1852004049948683,-1.1546861045323098,-1.127874106449829,-1.109188892840169,-1.118704608017684,-1.1365298060323803,-1.0321337122679406,-1.1235212503553282,-1.1720494870098277,-1.1238772174930856,-1.092565787492909,-1.1053958566956905,-1.0684100336481308,-1.1013173929435602,-1.1155716023635596,-1.0014489502715553,-1.027277956543408,-1.1307077429645558,-1.1246777316191514,-1.0759646834352883,-1.1246777316191512,-1.1180787092150535,-1.099136024339117,-1.1520850663036997,-1.1434596626029272,-1.1150336317797773,-1.0509519494249013,-1.0697195894251914,-1.1330931117962018,-1.1269871339105872,-1.0801388799594245,-1.0894494022211403,-1.0396634070698072,-1.1571084650973738,-1.1020435563080073,-1.1448580698060349,-1.0210288928331068,-1.1723054209547954,-1.144071676076285,-1.1075648965184839,-1.0144456614328832,-1.120490963818986,-1.1826664787673657,-1.0974971526158963,-1.088622983406101,-1.0945775440780796,-1.1565033506220377,-1.1204017136723774,-1.0757787876696585,-1.084112540283526,-1.170341830406826,-1.1293803610830144,-1.0806942213225719,-1.1100900864344299,-1.096494414030459,-1.196285919000972,-1.093937841012916,-1.167946916601949,-1.0861399541495562,-1.078563859954523,-1.1337107214805724,-1.0900917392586738,-1.1002272492535348,-1.0781001808737443,-1.1142261888862601,-1.109819805193618,-1.1485207877961985,-1.1532129031536198,-1.137233485261492,-1.0734523743510935,-1.1532129031536196,-1.173243367763057,-1.1706835610018618,-1.11,-1.078563859954523,-1.148607853011636,-1.0801388799594245,-1.092840336005219,-1.1651180197731044,-1.0587256490706174,-1.088806686239573,-1.22413234578619,-1.0483797022071726,-1.1393419153177855,-1.1251222155837115,-1.0263040485158381,-1.1562439189029277,-1.0603301372685772,-1.1093691901256317,-1.068784356172937,-1.1024064586167843,-1.0582532778120748,-1.088622983406101,-1.1345924378383632,-1.0884392495679307,-1.1462547709824373,-1.0321337122679406,-1.0793053321465618,-1.1081064930772675,-1.1276080879454526,-1.0789346597454361,-1.1292032589396828,-1.120937107959229,-1.057024124606435,-1.1342398335449166,-1.1774124171249427,-1.1451200810395388,-1.1367937367878131,-1.0629675441893793,-1.0324243313676795,-1.1438094246857733,-1.0786565718522276,-1.1517378173872732,-1.0671925786848406,-1.152952731034538,-1.100863297598753,-1.1287603820120549,-1.1044908329180465,-1.0552250944703692,-1.1178103595869917,-1.0800462953040484,-1.0636258740741502,-1.0828203913853858,-1.0904586191139944,-1.124055158788927,-1.1240551587889271,-1.1602154972245458,-1.0920164833920778,-1.084758037536482,-1.0572133181151284,-1.1155716023635596,-1.079027339783381,-1.1493911431710269,-1.1479111463872105,-1.060801583709225,-1.0453229166147655,-1.153126185636247,-1.095125563577072,-1.1284945724282416,-1.1681181447096864,-1.0865081684000355,-1.1305308487608818,-1.1193301568348812,-1.0799537027113708,-1.1750319144601988,-1.1128791488746654,-1.1675187364663575,-1.0645656391223606,-1.080324025466434,-1.1875605247733692,-1.039759587597056,-1.1161989070053777,-1.1593532679903913,-1.1008632975987527,-1.0825433016743486,-1.0651291001564083,-1.1006816070054046,-1.083466658462548,-1.048475083156486,-1.1882339836917644,-1.0906420127612908,-1.1700854669638454,-1.0916501271011698,-1.1079259903080168,-1.0684100336481308,-1.169144986731757,-1.1726465793238812,-1.1656328753085166,-1.0512373661547616,-1.1273420066687836,-1.109188892840169,-1.06803557993168,-1.1564168798491312,-1.0559829544078825,-1.087612063191651,-1.0810642904101495,-1.0650352106855436,-1.0901834707974616,-1.0967679791095288,-1.1264546151532249,-1.1028599185753374,-1.091283647820309,-1.0983168941612433,-1.166061747936189,-1.1618519699169942,-1.0998636279102967,-1.107113363662457,-1.0938464243210744,-1.1105404089901456,-1.0896329657274508,-1.142584788976293,-1.0936635680134912,-1.149826073804208,-1.1153026495081952,-1.1012265888544466,-1.1486078530116357,-1.1014989786649827,-1.099045040023383,-1.1549458861782227,-1.1239661916623649,-1.0602358228243376,-1.162540321881353,-1.0696261028976433,-1.1189727431890377,-1.13194522835692,-1.0390861369491944,-1.1120701416727274,-1.0441743149493767,-1.126188261348874,-1.0538026380684382,-1.1777520961560628,-1.174521179034248,-1.1552056094046634,-1.1024064586167843,-1.156676272774712,-1.1796185824239969,-1.152432210587677,-1.1743508845315356,-1.1299115009592566,-1.0980437149767763,-1.1663189958154674,-1.1211155159036914,-1.1748616939878498,-1.1790250209389113,-1.0881635906425098,-1.1632282665066216,-1.1532996141506335,-1.0866922287382015,-1.1246777316191514,-1.081156787889712,-1.0554146104730595,-1.0138540328863912,-1.0789346597454361,-1.1476497723608887,-1.172731853408954,-1.092931836849856,-1.0874281585465773,-1.1125196627475848,-1.0980437149767763,-1.1629703349613008,-1.1313266548614507,-1.1307961796893373,-1.1409206808538446,-1.0963119993870358,-1.1583177456984763,-1.079490620616965,-1.1402192771568107,-1.1039474625180312,-1.1030412503619254,-1.0760576192751017,-1.0779146533933008,-1.1503477735015615,-1.1147645491313403,-1.1160197130875422,-1.1221853679316978,-1.149565135170687,-1.1241441188744439,-1.1256553646654024,-1.124855546281388,-1.1754573577973808,-1.0682228231974824,-1.1136875683960918,-1.140043858805441,-1.074476616776745,-1.0891739989551716,-1.0443658362853507,-1.1397806806574675,-1.0801388799594247,-1.186718163676616,-1.09,-1.081988909370147,-1.144071676076285,-1.1497391008398383,-1.04513157066467,-1.1036756769993619,-1.0848502200764858,-1.1092790451459902,-1.1260106571431727,-1.085034561661517,-1.0533280590585252,-1.015627884611288,-1.0674736530706508,-1.1606463716395274,-1.1239661916623649,-1.10774545812655,-1.182159041753689,-1.0494284158531253,-1.1257441982972862,-1.0607073111843814,-1.104852931389513,-1.1194194924156002,-1.0903669107231748,-1.1489560478973946,-1.149826073804208,-1.1175419455215092,-1.050380883299006,-1.1563304026099115,-1.1458184847522752,-1.0688779163215976,-1.1412712210513327,-1.137233485261492,-1.1146748404803977,-1.1003181358134564,-1.0258167477673583,-1.1097296968181036,-1.0806942213225719,-1.1595257651298656,-1.0954907576059234,-1.105667219374799,-1.0962207806824318,-1.147214016650773,-1.1074746046749786,-1.104852931389513,-1.1117103939425952,-1.0982258419833326,-1.100227249253535,-1.0532331175955303,-1.0675673280875544,-1.1729023829799308,-1.0858637115218466,-1.1298229949863827,-1.1578860047517632,-1.1490430801323332,-1.1255665240224588,-1.0559829544078825,-1.128848971297755,-1.118436408563312,-1.1140466776576283,-1.0410091258005378,-1.0539924098398432,-1.1324751652906124,-1.1228089775202192,-1.0714942836991712,-1.1422346518995123,-1.1345924378383632,-1.1941105476462386,-1.04273678366115,-1.13758516164725,-1.127962765342899,-1.1676900273617137,-1.084665847162157,-1.030970416646375,-1.1134181604410807,-1.0777290939749191,-1.1361778029868388,-1.1014989786649827,-1.179279441014724,-1.1534730165894649,-1.117810359586992,-1.143547113152755,-1.1159301053381434,-1.1504347004502256,-1.1118003417880389,-1.1438094246857735,-1.0818964830333815,-1.089816498315198,-1.0964944140304593,-1.0714009520249643,-1.1553787257864843,-1.0754068997360953,-1.0566456359631644,-1.1424972647669664,-1.1388151737661383,-1.1269871339105872,-1.132651755836718,-1.1871394189394942,-1.0454185764563397,-1.1597844627343479,-1.1061193425666147,-1.1737546592026802,-1.1345042970390196,-1.1120701416727274,-1.1565898149300813,-1.1114405067298925,-1.0730796801729123,-1.0943034314119644,-1.1123398761170076,-1.054466689848475,-1.0461835403025608,-1.0996817721504708,-1.1139569111954015,-1.1446833623321342,-1.0502856754235963,-1.084573648951513,-1.090642012761291,-1.1411835960966141,-1.0132620588969075,-1.1349449325848369,-1.0840202950129671,-1.1146748404803977,-1.0894494022211403,-1.102315744240279,-1.1228089775202192,-1.0474254150057656,-1.1505216208311775,-1.1044002897500524,-1.0997727037892875,-1.1760527199067226,-1.1499130401904312,-1.0806016842481785,-1.0541821474489121,-1.0923827168167757,-1.1573677030226825,-1.07289328453486,-1.0925657874929087,-1.0952168735004042,-1.152692500192484,-1.110990549014707,-1.1841874851559613,-1.1275194011634566,-1.1408330289748803,-1.1144056711987784,-1.1531261856362467,-1.1322985472038722,-1.1176314240392493,-1.136705766678431,-1.0438869670610895,-1.1743508845315356,-1.1156612389072231,-1.0935721283939162,-1.1263658375501273,-1.1325634640054392,-1.1458184847522752,-1.1337107214805724,-1.0889903580840374,-1.1179892664958817,-1.1130588483993107,-1.0439827584783188,-1.1050339361304702,-1.0790273397833812,-1.096038320497965,-1.085126720710535,-1.0440785411069418,-1.111080555135405,-1.1823282116231515,-1.1657186624567697,-1.0932977636490435,-1.1384638773364748,-1.121918000568669,-1.10004545360635,-1.1528659939472583,-1.1547727049077667,-1.1737546592026802,-1.1529527310345382,-1.115302649508195,-1.1412712210513327,-1.0869682608061746,-1.1306192993222786,-1.2037856952132302,-1.0706540057366807,-1.1168258592994702,-1.1486949116279743,-1.0155294185792947,-1.19,-1.194026800369238,-1.157281296833229,-1.1607325273291862,-1.1571084650973738,-1.1902520741422802,-1.0322305943925514,-1.0463746938836012,-1.090825375575761,-1.113687568396092,-1.0630616162763096,-1.1453820323368094,-1.14564392373896,-1.1129690022637646,-1.070186899564744,-1.1488690090693543,-1.052853266129711,-1.1031319050775388,-1.106300140106653,-1.1701709276853531,-1.1783462988442743,-1.1552056094046634,-1.0725203960764569,-1.1352973178863763,-1.076057619275102,-1.0983168941612436,-1.0266937225872184,-1.0685972113008717,-1.0615554625171497,-1.1504347004502253,-0.9917156850630124,-1.0957645732546752,-1.1479982578383994,-1.0904586191139947,-1.2156068443374282,-1.1545128842936314,-1.114854250563723,-1.1335342959081562,-1.128228700219951,-1.1264546151532249,-1.1457312075700827,-1.132651755836718,-1.1376730637577739,-1.1040380428228005,-1.1211155159036914,-1.0470434565957614,-1.1376730637577739,-1.144071676076285,-1.1133283433021905,-1.061272820720478,-1.169059451011795,-1.1417092449481172,-1.1931890043073645,-1.1839341197887658,-1.1061193425666147,-1.2206145992900463,-1.029514448660144,-1.049047186736612,-1.097679370308106,-1.1545994976614185,-1.166747616239262,-1.0146427942877236,-1.1565898149300815,-1.0989540481748998,-1.1493041372935189,-1.0288342918079665,-1.1433722053644648,-1.1563304026099115,-1.1058480908334563,-1.030194156457898,-1.0117806086301517,-1.1055767725490617,-1.1290261290156218,-1.128228700219951,-1.1182575731914361,-1.1475626344561765,-1.1314150432091665,-1.1513904637437293,-1.1487819636467138,-1.0154309429990795,-1.0873361945598978,-1.086876257906115,-1.1243220179290274,-1.074290463515338,-1.072800074571213,-1.0395672176439577,-1.0542770034483346,-1.1187939935484101,-1.1690594510117953,-1.1466908912169835,-1.146865292874451,-1.0192644406629714,-1.1224526716080283,-1.109188892840169,-1.074197374787334,-1.1080162453682707,-1.0916501271011698,-1.1244109569014347,-0.9903029839397638,-1.1027692415006867,-1.1580587204455566,-1.0687843561729373,-1.1525189803209315,-1.1510430052782563,-1.0665364503850772,-1.0871522432483869,-1.0866002024663903,-1.0715876072445034,-1.084573648951513,-1.110990549014707,-1.0921080532621303,-1.104943437466371,-1.0670051546267245,-1.043695357851131,-1.106300140106653,-1.1616798181943249,-1.1489560478973946,-1.1502608399836969,-1.1283173312503891,-1.0981347822558032,-1.1367937367878131,-1.136089785184252,-1.1702563821658911,-1.0465658125507444,-1.1520850663036997,-1.1378488476067459,-1.1320335684068736,-1.1060289327137875,-1.168888360794135,-1.1076551810017412,-1.1548592987892508,-1.1553787257864843,-1.0853110153315502,-1.0638138934982941,-1.0576861538282516,-1.142322196230118,-1.0664426848171449,-1.2037856952132302,-1.140043858805441,-1.1615076409563563,-1.134063490286148,-1.099499886311954,-1.1793642355099632,-1.1244998888394786,-1.148607853011636,-1.1723907198540937,-1.084112540283526,-1.0873361945598978,-1.146167527022119,-1.1741805653305628,-1.1466036804406308,-1.085034561661517,-1.1503477735015615,-1.0763363786474933,-1.099863627910297,-1.1791946404220126,-1.127962765342899,-1.1545994976614185,-1.1197767634667188,-1.0631556800393818,-1.162540321881353,-1.0732660434393702,-1.1146748404803977,-1.127874106449829,-1.1431972708154967,-1.1438094246857733,-1.0369667304209909,-1.0919249058428881,-1.1318568814121333,-1.100863297598753,-1.1063905277974861,-1.1535597080342221,-1.1411835960966141,-1.0940292500660118,-1.1716228061966019,-1.1161093136427094,-1.1546861045323096,-1.1761377470347594,-1.0680355799316799,-1.1142261888862603,-1.0774506949276148,-1.1369696565871932,-1.1076551810017412,-1.1148542505637227,-1.121561411604376,-1.1450327506233173,-1.101771301132862,-1.1028599185753374,-1.175542427988033,-1.155984428960875,-1.1629703349613008,-1.091833320612629,-1.1233432244866213,-1.1780916772475731,-1.2168401702770992,-1.0535179163165664,-1.1034038245356956,-1.1268096556206821,-1.0892658077806354,-1.1095494581135175,-1.1513904637437293,-1.1118003417880389,-1.132740040786058,-1.1310614483749326,-1.1371455491712572,-1.0725203960764569,-1.099317970379817,-1.138727359818846,-1.097314904665019,-1.105667219374799,-1.0595753866525968,-1.1841874851559613,-1.160990956037126,-1.0568348972285124,-1.1034944494649712,-1.0616496597277276,-1.0441743149493767,-1.093663568013491,-1.0706540057366807,-1.0854031509075326,-1.15987068244697,-1.0297086966710536,-1.1740102214205803,-1.167946916601949,-1.135649593844862,-1.1434596626029272,-1.1024971655292362,-1.1151233115669317,-1.0911003620199198,-1.0985900054160334,-1.1865496196956957,-1.1006816070054046,-1.0793053321465618,-1.0422571659624127,-1.1060289327137875,-1.1651180197731044,-1.1164676439557037,-1.1513904637437293,-1.1410083259994206,-1.1166467659918244,-1.125477676366795,-1.1875605247733692,-1.1486949116279743,-1.010099005048515,-1.0684100336481308,-1.0401442207694085,-1.1295574354586844,-1.164517067285834,-1.1802965729002182,-1.055035544424926,-1.1698290473398238,-1.120044641967453,-1.1381124724736127,-1.0231813133555558,-1.1453820323368094
CD,-1.0160216533125659,-0.9153687781435415,-1.0164152694642086,-0.992622788374315,-0.9591141746424146,-0.9594269122762817,-0.9341841360245848,-1.0032447358446492,-1.0108906963663282,-0.9482088377567465,-0.9688653157173085,-0.992622788374315,-0.9633794683301071,-0.9459915433025815,-1.0406248123122954,-0.9420721840708386,-0.960572745813663,-0.9082400563727632,-0.980866963456309,-0.9240670971309388,-0.9921189444819608,-0.9575489543621255,-0.9298924669014155,-0.9041570660012562,-0.9922197337283714,-0.8277076778670113,-0.9838190890605855,-0.8622644605919926,-0.9908077512817509,-0.9215747392371386,-0.955353337776134,-0.9893937537704592,-0.9353608929178086,-0.9264448175687531,-0.8874119674649424,-0.8980534505250788,-0.9985489472229191,-0.9343982020530648,-0.9528378665859161,-1.0331989159885913,-1.0445573225055673,-0.9535722311393092,-0.8822131261775694,-0.9976472322419382,-0.9398404119849284,-0.8806247782114697,-0.9851395840184273,-1.002546757014355,-0.9454628496138809,-1.010989614189978,-1.02230132544177,-0.9792343948207702,-1.0144456614328832,-0.9411163583744573,-1.0159232254457027,-1.0001499887516871,-0.9915139938498094,-1.0154309429990795,-0.889325587172662,-1.0024470060806208,-0.9430270409696638,-0.9898989847454133,-1.0053357648069623,-0.8919080670113932,-0.8856071363759441,-0.8904493247793497,-0.8894380248224155,-0.9714422267947797,-0.8963816151617569,-1.0093066927351666,-0.9724710792614863,-0.9401595609256973,-0.9293546147730692,-1.020735029280371,-0.9762684057163789,-0.9178779875342911,-0.8893255871726621,-0.959218431849597,-0.9453570753953239,-0.9531526635329725,-0.9396275858019496,-0.9547250913221041,-0.9091204540653565,-0.9601562372864118,-0.9138380600522173,-0.9808669634563089,-0.9530477427705287,-0.9188579868510693,-0.9365361712181757,-0.8768694315575154,-0.937923237797209,-1.008612908900139,-0.9710303805751909,-1.0229858259037612,-1.017005408048551,-0.9575489543621256,-0.9706183596038145,-0.8474078120952154,-0.9519978991573459,-1.0004498987955368,-1.0228880681677737,-0.9396275858019495,-1.0119782606360672,-1.017988212112498,-0.998548947222919,-1.0152339631828715,-0.9134002408582999,-0.9466255859631093,-0.9782126558167197,-0.9536770941990795,-0.8819863944528851,-0.9703092290605093,-0.9450396817065407,-0.9578622030334009,-0.9340770846134702,-0.9619251530134764,-0.9682458365518543,-0.9678326301587481,-0.9279547402756235,-0.9325770745627409,-0.9529428104561155,-0.899499861033897,-0.9273079315955406,-1.0085137579626766,-0.9343982020530648,-1.0195587280779856,-0.9471536306217698,-0.9741149829460587,-0.9362157870918435,-0.9093404203047393,-0.9559811713627,-0.8641180474911978,-0.9038252043398658,-0.8967162315916891,-0.8915716460273958,-0.9278469701410896,-0.9994498486667552,-0.9624448036121345,-0.9906058752097122,-0.982598595561789,-0.9653496775780266,-0.8754998572244316,-0.8811923740024081,-0.9223339959038701,-0.8410112960002382,-0.9091204540653564,-0.9643132271207319,-0.9432391001225512,-1.0014489502715553,-0.937709976485267,-0.9884836872705588,-0.9764732459212593,-0.8314445261110329,-0.9196194865269005,-1.00274622911283,-0.922225568936364,-0.9082400563727632,-0.9553533377761341,-0.8608716512930368,-1.0089103032480142,-0.8786922100485471,-0.9279547402756236,-0.9066973034039529,-0.90515192095029,-0.9838190890605854,-1.017693470549949,-0.9902019995940223,-0.9251486367065564,-0.9824968193332739,-0.9060353193998566,-0.9975469913743412,-0.899499861033897,-0.8949301648732152,-0.9180958555619342,-0.9371766108903915,-0.9778036612735708,-0.9919173352653939,-0.9741149829460586,-0.9428149341201592,-1.0014489502715553,-1.017005408048551,-0.9579665964948882,-0.9019423484901904,-0.982089608946149,-0.9118662182579197,-0.9581753492967766,-0.9696906723280367,-0.9666954018717582,-0.9914131328563285,-0.9848350115628506,-0.9771898484941398,-0.8977193325310535,-0.9427088627991146,-0.9758585963140357,-0.9683491106000977,-0.993327740476425,-0.9661780374237453,-0.9477868958790262,-0.8961584681293816,-0.9302150289046076,-0.9173330910852393,-1.0588200980336555,-0.9362157870918435,-0.914713069765596,-0.9984487968844471,-1.0050373127401788,-0.8764131445842195,-0.9155872432488342,-0.9676259607927021,-0.9076893741803965,-0.8993886812718959,-0.8618004409374598,-0.9427088627991147,-0.9068075870878012,-0.9674192472759677,-1.0582532778120746,-0.9717509969122748,-0.9484197383015602,-0.9691749068150702,-0.9653496775780267,-0.9743202758846805,-0.9598437372822725,-1.0081170566953026,-0.8823264701911645,-0.8930285549745877,-0.9892926766129424,-0.9802550688468792,-0.9487360012142473,-0.9651424765287246,-0.9216832427683601,-0.9482088377567465,-0.9570266453970862,-0.954515583948214,-0.931289428695505,-0.9621330469326995,-0.9416474924301557,-0.9573400649716902,-0.94905215873523,-0.9521029356114811,-1.0255242561733975,-0.8891006692158092,-0.9304300081145277,-0.9532575727472612,-0.9368564457802486,-0.9228759396581969,-0.9687620966986683,-0.9893937537704592,-0.8947066558375433,-0.9013878188659973,-0.9829038610159185,-0.9558765610684259,-0.9437690395430443,-1.0192644406629714,-0.9272000862812729,-0.9795407086997456,-0.9866610360199698,-0.9857484466130292,-0.8949301648732152,-0.9746281342132496,-1.0178899744078433,-0.9239588735436226,-0.9298924669014155,-0.996544028129214,-0.967832630158748,-0.976985158536198,-0.9664884893261791,-0.9357884376289333,-0.9132907532653551,-1.0241581909060726,-0.8896628574915332,-0.950946896519464,-0.9568176419778223,-0.8691950298983537,-1.00821624664553,-0.9947361459201128,-1.0005498488331304,-0.9256889326334198,-0.8598255637046388,-0.9730878685915264,-1.0001499887516874,-0.8806247782114697,-0.87766736295706,-0.9483142938920619,-0.9396275858019495,-0.9494735383358507,-0.9057041459549581,-0.9781104232140664,-0.8850423718670197,-1.0024470060806208,-0.8832326986700617,-0.9634832639957998,-0.9920181449953424,-0.9905049217444606,-0.9241753080449617,-0.9384561790515314,-0.9467312184564318,-1.035615758860399,-0.9415412895885129,-0.9363225939813692,-0.9844287683728061,-0.9930256794262674,-0.894035793466906,-1.015036945140422,-0.9291393867445292,-0.9422844581123049,-0.9099999999999999,-0.9431330765061736,-0.9557719393244395,-0.9549345527312331,-0.9407975340103736,-0.9966443698732261,-0.9634832639957999,-0.9158056562393574,-0.9217917335276987,-0.9203803561571705,-0.9825985955617889,-0.917769034125689,-1.033585990617133,-0.9748333190858836,-0.9236341266973629,-0.9778036612735708,-0.9619251530134764,-0.9187491496594704,-0.9657639463140049,-0.9449338601193208,-0.9954396013822235,-0.8947066558375432,-0.9801530492734286,-0.9905049217444606,-0.9621330469326995,-0.9384561790515314,-1.028737089833938,-1.0107917688624102,-0.8970507232035433,-0.9507365565707464,-1.030582359639442,-1.002546757014355,-0.8264986388373546,-0.9585927185202274,-0.9657639463140049,-0.9307523838271917,-0.995941765365827,-0.9748333190858836,-0.9974467404327912,-0.9338629449764029,-0.9546203433826455,-0.9436630754670864,-0.9114274518577987,-0.9784170889758621,-0.9643132271207318,-0.91700599779936,-0.9617172141539321,-1.013755394560246,-0.9855455342093535,-0.8657366805212773,-0.9040464589831653,-0.9856469956328179,-1.0250365847129554,-0.9990495483208027,-0.961405221537724,-0.9398404119849285,-1.0042410069301095,-0.8227393268830656,-0.9636908217888142,-1.020735029280371,-0.9304300081145276,-0.9506313691436865,-0.9240670971309389,-1.0063299657666962,-0.9620291055888072,-1.0089103032480142,-0.904930936591296,-0.9252567211320327,-0.927523584605804,-0.9251486367065566,-0.9080198235721509,-0.9172240729505522,-0.9678326301587481,-0.9662815324738437,-0.9307523838271917,-0.9191844211038392,-0.9596353474106715,-0.9048204241726642,-0.9751410154434075,-0.9949371839468056,-0.9402659198333204,-1.014741346353838,-0.9288164511893617,-0.9981482855768475,-0.9857484466130293,-0.9825985955617889,-0.9109884741312593,-0.9482088377567465,-0.8942594701763018,-0.9332202312423366,-0.9130717386930777,-0.9931263766510283,-0.975551126287085,-0.9196194865269004,-1.0080178569846865,-0.950105257326787,-0.9782126558167197,-0.9410100955887775,-0.9094503834734472,-0.8567963585356791,-0.9537819457297354,-0.9630680142129111,-0.9393082561119113,-0.9927235264664579,-0.9453570753953238,-0.9561903576171431,-0.9950376877284599,-0.8845903006477066,-0.90160967164289,-0.9994498486667553,-1.0202450685987168,-0.9537819457297354,-0.9510520490488414,-0.8664294547163086,-0.976985158536198,-0.9803570778037969,-0.8794884877018004,-0.9502105029939419,-0.9125239722878516,-0.8718371407550839,-1.0156278846112883,-0.9696906723280369,-0.9644169222903546,-1.0417773274553443,-0.9595311355031685,-0.9747307320486003,-0.9860527369263775,-0.9168969407736073,-0.9636908217888142,-0.938669270829721,-1.0030453628824572,-0.9896969233053117,-0.9512623192369178,-1.0217142457654194,-0.93,-0.9797448647479607,-0.9493682109698007,-0.9239588735436226,-0.9916148445843276,-0.8887631855561976,-0.9229842902238369,-0.9064766957842877,-0.9542012366372201,-0.9556673061269806,-0.9753460924205316,-0.9343982020530649,-0.8850423718670197,-0.9354677974147481,-0.9237423883312923,-1.00772019926168,-0.9281702430050213,-0.9009439494219382,-1.0032447358446492,-0.9113177272499422,-0.9676259607927022,-0.9938309715439543,-0.9898989847454133,-0.9498947310097051,-0.9670056876771718,-1.022985825903761,-1.020735029280371,-0.9950376877284599,-0.930859817588019,-0.9841239759298621,-0.9112079894294168,-0.9053728513711906,-0.9591141746424146,-0.9642095207992918,-1.0019481024484251,-0.9993497886125757,-0.9730878685915265,-0.8754998572244315,-0.9958413528268446,-0.9586970324351693,-0.8891006692158094,-1.0072239075796403,-1.029514448660144,-0.9646242791885348,-0.9767804256842988,-0.9895958771134811,-0.9458858282054975,-0.966902270139025,-0.9454628496138809,-0.9095603333479314,-0.9003888049059695,-0.99,-0.9889893831583836,-0.8869611039949836,-0.9922197337283711,-0.9307523838271917,-0.9238506372785592,-0.8584287972802404,-0.9302150289046076,-0.920814856526544,-0.8852683209061534,-0.9277391874875179,-0.9170059977993601,-0.9981482855768476,-0.8935882720806043,-0.8702298546935746,-0.94905215873523,-0.982191427370449,-0.8825531145489206,-0.9440868604106298,-0.9209234495874237,-0.9374966666607408,-0.9774968030638259,-0.8981647955692763,-0.9579665964948882,-0.9574445153636841,-1.0061312041677268,-1.0018482919085105,-0.9076893741803966,-0.9912113800799505,-0.987674035297071,-0.9916148445843276,-0.9597395480024776,-0.9540964311850244,-0.9346122190513027,-1.0211268285575499,-1.0113851887386922,-0.9848350115628505,-0.9110982383914481,-0.9186402995732333,-1.007422453591342,-0.9292470069900683,-0.906697303403953,-0.9976472322419383,-0.8604068804931769,-1.0043405796840035,-1.0022474744293448,-0.9988493379884676,-0.9665919511355348,-0.9290317540321213,-0.8987213138676527,-0.9545155839482141,-1.001049449328054,-0.9544108130150244,-0.9173330910852393,-0.999749968742185,-0.998749217771909,-0.8847033401089881,-0.9270922284217465,-0.9823950325607312,-0.8682741502543998,-0.8945948803788226,-1.035326035604244,-0.8834591105421915,-0.9371766108903914,-0.9937303457175896,-0.9664884893261791,-0.9625487000666513,-0.9403722667114338,-0.924824307639024,-0.88175960442742,-0.9707213812418062,-0.9139474820797966,-0.9655568341635826,-0.9442986815621421,-0.9469424480928078,-0.9758585963140356,-0.9318261640456336,-0.9371766108903914,-0.9590099061010788,-0.9196194865269004,-0.922984290223837,-0.9556673061269806,-0.9650388593212191,-0.9882813364624469,-0.9774968030638258,-0.9538867857350787,-0.9558765610684259,-0.9171150418567999,-0.9445104552094699,-0.8762990357178307,-0.9387757985802574,-0.8967162315916893,-0.8882004278314665,-0.9249324299644812,-0.9919173352653939,-1.010692831675381,-0.8892131353055914,-0.9557719393244396,-0.9559811713627,-1.0019481024484254,-0.9071383576941282,-0.9505261700763425,-0.9307523838271917,-0.8667756341753038,-0.9651424765287248,-0.9515776374001229,-0.9631718434422801,-0.9947361459201127,-0.898276126811795,-0.9641058033224362,-0.8844772467395642,-0.9949371839468059,-0.9860527369263776,-0.9431330765061737,-0.881873006730561,-0.9303225247192501,-0.867928568489366,-0.9722653958667871,-0.9810708435174292,-0.9983486364992942,-0.9887871358386496,-0.9201630290334426,-0.9140568910084317,-1.0239628899525606,-0.9858498871532115,-0.8958236433584459,-1.0231813133555558,-0.9152595260361949,-0.9623408959407265,-0.9670056876771718,-0.9792343948207702,-0.9596353474106714,-0.8950418984606251,-0.9544108130150244,-0.948525170989152,-0.979438614717635,-0.9215747392371386,-0.9352539762011173,-0.9891915891272025,-1.0361949623502327,-1.0054352291420865,-0.9627564593395361,-0.9903029839397637,-0.9921189444819608,-0.9521029356114812,-0.9459915433025815,-0.9166787877986486,-0.9694843990493092,-0.9785192895390463,-0.9688653157173086,-0.9766780431646858,-0.9355746896961246,-0.9217917335276987,-1.0053357648069623,-1.007819428270759,-0.9322553298319082,-1.0164152694642088,-1.0193625459079807,-0.9194019795497506,-0.8518802732778827,-0.9333273809334002,-0.83168503653727,-0.9252567211320326,-0.9059249417032296,-0.9371766108903914,-1.0128672173587216,-0.9940321926376429,-0.9666954018717582,-0.8709190547921202,-0.931074647920348,-0.9506313691436866,-0.9945350672550466,-0.9433451118228153,-0.9244998647917695,-1.0226925246622272,-0.899277487764483,-1.0000499987500624,-0.9494735383358507,-0.9544108130150244,-0.9936297097007517,-1.0419692893746915,-0.9786214794290998,-0.8592438536294572,-0.9802550688468793,-0.9692780818733084,-0.9797448647479607,-0.960260381354974,-0.9383496150156401,-0.9677293009927931,-1.001049449328054,-0.9478923989567594,-0.904930936591296,-0.9053728513711906,-1.0133607452432722,-0.9466255859631093,-1.0241581909060729,-0.994836670011716,-0.908350152749478,-0.914713069765596,-0.9630680142129111,-0.9422844581123049,-0.9460972465872628,-0.935681569766125,-0.9044888059008802,-0.9849365461794988,-0.9462029380635002,-1.0256217626396196,-0.912633551870629,-0.99,-0.9998499887483122,-1.000949549178179,-0.9346122190513025,-1.0235721762533407,-0.9830055951010656,-0.8930285549745876,-1.0048382954485762,-0.9603645141299214,-0.9291393867445294,-0.9468368391650169,-0.919945650568554,-0.9912113800799506,-0.9756536270623914,-0.9625487000666512,-0.9188579868510693,-0.935040106091712,-0.9734988443752771,-0.8964931678490361,-0.928601098427091,-0.9427088627991147,-0.8879752248796134,-0.9762684057163787,-0.9633794683301072,-0.9464142856064673,-1.0173003489628814,-0.8850423718670197,-0.9516827202382104,-0.8976079322287654,-0.948841398759561,-0.9636908217888142,-0.9325770745627409,-1.0144456614328834,-0.9400531899844817,-0.9718538984847466,-0.9212491519670454,-0.900166651237425,-1.0116817681464856,-0.8972736483370054,-0.9977474630386188,-0.7978095010715277,-0.9274157643689265,-0.9491575211733825,-1.0160216533125659,-0.9172240729505523,-1.0121758740456126,-0.9799489782636646,-0.9435570994910695,-0.9309672389509741,-0.8911228871485682,-0.9043782394551519,-0.9201630290334425,-0.9586970324351692,-0.9464142856064675,-0.992622788374315,-0.9376033276391461,-0.8445708969648434,-0.8889881888979179,-0.9242835062901426,-0.9591141746424146,-0.980357077803797,-0.9671090941563936,-0.9497894503520241,-0.9190756225686763,-0.9797448647479607,-0.9200543462209175,-0.938669270829721,-0.9135097153287425,-0.9150409826887537,-0.954515583948214,-0.840535543567314,-0.9398404119849285,-0.9779059259458447,-1.002646498024104,-1.0008496390567367,-0.9898989847454133,-0.9585927185202274,-0.9986490875177326,-0.8844772467395642,-0.8496469855181032,-0.973909646733207,-0.9474703161577147,-0.928601098427091,-0.8768694315575153,-1.0173003489628811,-0.982700361249552,-0.9607809323669991,-0.9433451118228153,-0.9831073186585482,-1.0018482919085105,-0.9009439494219381,-0.9529428104561155,-1.0129659421717987,-0.9347192091746056,-0.9539916142189092,-1.0054352291420865,-0.8653900854527974,-0.9915139938498094,-0.9632756614801393,-0.9636908217888142,-0.9954396013822235,-0.9534673565466203,-0.8808518604169489,-0.9381364506296512,-0.8943712875534411,-0.9324698386543127,-1.014741346353838,-0.9921189444819608,-0.9230926280715278,-0.9854440623394105,-1.0254267404354152,-0.8915716460273958,-0.9282779756085998,-0.9650388593212192,-0.9320407716403827,-0.9263368717696603,-0.9894948206029176,-0.9420721840708386,-0.9622369770487933,-0.8934763567101259,-0.9506313691436865,-0.9165696918401787,-0.9714422267947797,-0.9566085928947116,-0.9490521587352299,-0.9522079604792222,-0.9114274518577987,-0.9660745312862772,-0.9404786015641186,-0.9573400649716902,-1.0078194282707593,-0.9596353474106715,-1.038797381590847,-1.00074971896074,-0.9482088377567465,-0.9152595260361949,-0.8923564310296643,-1.0455142275454696,-0.9511571899533746,-1.0022474744293448,-0.9546203433826456,-0.9611971701997463,-0.9737042672187486,-0.9507365565707464,-0.9228759396581969,-0.9636908217888142,-0.9573400649716902,-0.891010662113535,-0.918313671900838,-0.9410100955887774,-0.91230477363653,-0.9603645141299214,-0.9931263766510283,-1.026985881110349,-0.9089004345911603,-0.9903029839397638,-0.9255808986793106,-0.9910095862301231,-0.8960468737739115,-1.001548800608338,-0.9496841580230767,-0.9576533819707421,-0.9969453345093702,-0.8837986195961159,-1.0314552825983296,-0.9523129737644027,-0.9693812459502195,-0.9448280266799879,-0.9261209424259879,-0.9524179754708538,-0.8713782186857784,-0.9955400544428135,-0.9643132271207318,-0.9981482855768475,-0.9782126558167197,-0.8696551040498757,-0.9498947310097052,-1.0188719252192593,-0.9492628719169417,-0.9693812459502197,-0.9662815324738437,-0.8570297544426332,-0.9919173352653939,-0.9280624978954811,-0.8620324819866128,-0.9970456358662827,-0.917769034125689,-0.9009439494219382,-1.0024470060806208,-0.9292470069900683,-0.9460972465872628,-0.8928045698807775,-1.0016486409914407,-0.9687620966986684,-1.0116817681464858,-0.9243916918709298,-0.9493682109698007,-0.9805610638812863,-0.9361089680160104,-1.0120770721639734,-1.0384122495425407,-1.0113851887386922,-0.898276126811795,-1.048475083156486,-0.8801704380402696,-0.8957120072880569,-0.9493682109698007,-0.9622369770487933,-0.9691749068150701,-0.9334345183246653,-0.9588013350011565,-0.9893937537704592,-0.9131812525451889,-0.9302150289046076,-0.9234175653516669,-1.0518079672639868,-1.0113851887386922,-0.92255081160877,-0.9553533377761341,-0.8914594774862176,-0.9875727821279807,-0.9347192091746056,-0.9082400563727632,-0.9063663718386732,-0.9166787877986488,-0.9410100955887774,-0.9921189444819608,-0.973909646733207,-0.9487360012142472,-0.9481033698917012,-0.9828021163998377,-0.894035793466906,-0.9237423883312924,-0.9635870484808314,-0.9543060305792896,-0.9468368391650169,-0.9695875411740809,-1.0265963179361204,-1.0424490395218367,-0.898943824718764,-0.9000555538409837,-0.9817840903172143,-1.026888504171704,-0.8599418584997477,-0.9531526635329725,-0.9365361712181758,-0.9161331780914824,-1.0164152694642086,-0.9033825324855468,-1.0260116958397698,-0.9551439682058407,-0.9440868604106298,-0.898276126811795,-1.0171037311896953,-0.9365361712181757,-0.8559789717043288,-0.9267685795278129,-0.9073588044428731,-0.9743202758846804,-0.9635870484808313,-0.9174420962654809,-0.9328987083279728,-0.976575649911465,-0.9437690395430443,-0.9327915093953203,-0.9531526635329726,-0.9655568341635825,-0.9128526715741155,-0.982700361249552,-0.9200543462209175,-0.911756546453054,-0.974012320250622,-0.9741149829460586,-0.9986490875177326,-0.9593226777263216,-1.050761628534274,-0.9728823155962905,-0.9684523736353791,-1.018282868362225,-0.9310746479203481,-0.9239588735436226,-0.9459915433025815,-0.9555626614722867,-0.9843271813782245,-0.8608716512930368,-0.9626525853079085,-0.9298924669014155,-0.93,-1.0083154268382488,-0.9452512893405648,-0.9611971701997464,-0.9191844211038392,-0.9317188417113824,-0.9649352309870337,-0.9286010984270909,-0.931289428695505,-0.976985158536198,-1.009603882718366,-0.924608025057105,-0.9233092656309694,-0.9089004345911602,-0.9491575211733825,-0.9095603333479313,-0.9090104509850259,-0.9173330910852393,-0.9404786015641184,-0.9555626614722867,-0.8957120072880568,-0.9569221493935649,-0.9370699013414101,-0.9844287683728061,-0.9115371632577577,-0.9664884893261793,-0.9705153270299239,-0.9102197536858888,-0.9636908217888143,-0.945568612000208,-0.9528378665859161,-0.9675226095549396,-0.9573400649716902,-0.9084602357836032,-0.9142756695876797,-0.896827742657418,-1.0160216533125659,-0.9879777325425912,-0.9355746896961248,-0.9155872432488343,-0.9787236586493656,-0.876184911990614,-1.0049378090210357,-0.9733961166965892,-0.9673158739522473,-0.8780091115700339,-0.9410100955887772,-0.9771898484941398,-0.8906739021662192,-0.9905049217444606,-0.9444045743218317,-0.9702061636580135,-0.9330058949438638,-0.9948366700117162,-1.0087120500916007,-0.9609890738192605,-0.9823950325607311,-0.917551088495894,-0.9879777325425912,-0.9381364506296511,-0.9559811713627001,-0.9204890004774636,-1.0024470060806208,-0.9405849243954529,-1.0048382954485762,-0.9057041459549581,-0.9896969233053118,-0.938669270829721,-0.9464142856064675,-0.9332202312423366,-0.8698850498772812,-1.0031450543166727,-0.9736015612148535,-1.026985881110349,-0.9223339959038699,-0.974422906134703,-0.9315041599477697,-0.9118662182579196,-0.991312261600753,-1.0028459502834919,-0.990807751281751,-0.9750384607798813,-0.9024965373894794,-0.960052081920559,-0.9660745312862771,-0.9728823155962905,-1.009108517454887,-0.9422844581123048,-1.0034440691936946,-0.9030503861911582,-0.9372833082905082,-0.993931587182941,-0.9666954018717581,-0.9274157643689264,-1.0258167477673583,-0.8951536181013849,-0.9413288479590965,-1.0022474744293448,-0.9559811713627,-0.9551439682058407,-1.0103959619871805,-0.9716480844420988,-1.0122746662838105,-0.9880789442144792,-1.0242558274181308,-0.9586970324351692,-0.876184911990614,-1.039471019317037,-0.8912350980521359,-0.8565628990331067,-0.9397340049184131,-0.9841239759298621,-0.9903029839397639,-0.9807650075323854,-1.0165136496870075,-1.0111874208078342,-1.0111874208078342,-0.9225508116087698,-0.9309672389509741,-0.9276313923105449,-1.0103959619871805,-0.9595311355031685,-0.8627282306729043,-0.9446163242290492,-0.9666954018717582,-0.9191844211038392,-0.9741149829460587,-0.9054832963671942,-0.9580709785814411,-0.9052623929005336,-0.9586970324351692,-0.972779522810796,-0.9215747392371386,-0.9915139938498094,-0.8865100112237876,-0.9998499887483122,-0.9055937278934744,-0.950946896519464,-0.90448880590088,-1.0133607452432722,-1.0090094152187086,-0.9778036612735708,-0.9387757985802574,-0.899388681271896,-0.9717509969122748,-0.8997221793420456,-0.9466255859631092,-1.0121758740456126,-0.9384561790515313,-0.9762684057163787,-0.9795407086997456,-0.9822932352408826,-0.9795407086997457,-1.0020479030465559,-0.9377099764852671,-0.9771898484941398,-1.00274622911283,-0.9909086738948247,-0.9724710792614865,-0.9153687781435415,-0.9510520490488414,-0.8986100377805714,-0.9634832639957999,-0.9609890738192605,-0.9812746812182611,-0.9756536270623916,-0.919945650568554,-0.9717509969122748,-0.9007219326740079,-0.9716480844420988,-0.8511756575466665,-0.9837174391053561,-0.962029105588807,-0.9439809320108113,-0.9594269122762817,-0.9675226095549395,-0.9146037393319579,-0.9211405973031479,-1.0624970588194587,-1.0155294185792947,-0.9048204241726642,-1.0120770721639731,-0.91,-0.9260129588726067,-0.9529428104561155,-1.0275699489572474,-1.0020479030465559,-0.9434511116109834,-0.941541289588513,-0.9371766108903913,-0.9643132271207318,-0.8969392398596463,-0.918313671900838,-0.9786214794290997,-0.9197282207261013,-0.9306449376641985,-0.9521029356114811,-0.9223339959038699,-0.904599358832406,-0.9238506372785592,-0.9322553298319083,-0.9450396817065408,-1.0028459502834919,-1.013064657363981,-1.01,-0.9781104232140664,-0.8803976374343584,-0.8342062095189654,-0.9732933781753578,-1.0162184804460113,-1.0173003489628811,-0.9255808986793105,-0.9385627309881849,-1.0146427942877236,-0.9423905772024675,-1.0024470060806208,-0.9719567891629752,-0.9366429415737889,-0.8689649014776144,-0.9627564593395361,-0.9780081799248921,-1.01316336293808,-0.9222255689363639,-1.0107917688624102,-0.8799431799837988,-0.9749358953285083,-0.9681425514871248,-0.9502105029939418,-0.9618211892030659,-0.9601562372864116,-0.980357077803797,-0.9522079604792223,-0.9511571899533746,-0.9659710140578753,-0.8879752248796133,-0.9679359482941008,-0.9403722667114338,-0.9495788540189803,-0.9349331526906081,-0.9589056262218927,-0.8892131353055914,-0.9287087810503355,-1.0147413463538382,-0.9129622117042961,-0.9718538984847465,-0.944828026679988,-0.8883130078975542,-0.9526279441628825,-1.0059324032955692,-0.9481033698917012,-0.976985158536198,-0.9341841360245849,-0.8310836299675262,-0.8961584681293817,-0.9022749026765623,-0.9805610638812864,-0.9557719393244395,-0.9397340049184131,-0.9217917335276987,-0.9637945839233587,-0.9328987083279728,-0.9650388593212192,-1.0121758740456126,-0.9184225606985055,-0.9036038955205982,-0.9875727821279806,-0.8509406559801923,-0.9710303805751908,-1.0197548725061332,-0.9196194865269004,-0.9944345126754199,-0.9696906723280369,-0.9526279441628825,-0.9634832639957999,-0.9642095207992918,-0.9205976319760986,-0.9507365565707463,-0.9857484466130292,-0.9434511116109833,-0.9516827202382105,-0.9292470069900683,-1.015627884611288,-0.9382430388763884,-1.0111874208078342,-0.9346122190513027,-0.8949301648732152,-0.8808518604169489,-0.934826187052973,-0.8944830909525344,-1.012077072163973,-0.9213576938409967,-0.8857200460642177,-0.8930285549745876,-0.976575649911465,-0.9786214794290998,-0.9140568910084317,-1.0217142457654196,-0.8705745229444748,-0.9131812525451889,-0.976165969494942,-0.9716480844420988,-0.9796427920420789,-0.8930285549745876,-0.931933474020544,-0.9361089680160104,-1.03,-0.9620291055888072,-0.8667756341753038,-0.9242835062901426,-0.9465199416811038,-1.0028459502834919,-0.9160240171523888,-0.9282779756085998,-0.9818859404228171,-1.0136567466356645,-0.9859513172565875,-0.9537819457297354,-0.8870738413458037,-0.9731906288081488,-0.9044888059008802,-1.017988212112498,-1.0465658125507444,-0.9756536270623914,-0.9103296106356203,-1.0051368066089312,-0.9691749068150702,-0.9323625904121207,-0.9726767191621274,-0.9913122616007531,-0.9666954018717582,-0.8972736483370054,-0.9729850975220534,-0.9565040512198576,-0.9426027795418386,-0.9751410154434075,-0.9221171292194935,-0.8616843969807043,-0.9277391874875179,-0.9330058949438638,-0.9834124261976762,-0.9634832639957998,-1.014347080638575,-0.9583840566286567,-0.9989494481704267,-0.9307523838271917,-0.9829038610159184,-0.9220086767487604,-0.9691749068150702,-1.0060318086422517,-0.87,-1.0164152694642086,-0.9492628719169417,-0.9489467845985885,-0.9243916918709297,-1.0190682018393078,-0.9237423883312923,-0.9490521587352299,-0.9407975340103737,-0.9859513172565876,-0.9515776374001231,-0.9026073343375846,-0.9841239759298622,-0.9869650449737315,-0.9234175653516669,-0.9471536306217699,-0.9201630290334425,-0.9151502608861564,-0.9584883932526257,-0.9304300081145277,-0.9215747392371386,-0.8706893820416097,-0.9753460924205314,-1.0145442326483356,-0.9580709785814411,-0.9037145567047153,-0.8825531145489205,-0.9422844581123049,-0.9418598621875762,-0.9644169222903547,-0.9865596788841515,-0.9709273917240157,-0.94905215873523,-0.9334345183246654,-1.0519030373565808,-0.9476813810558905,-0.9791322688993557,-0.9842255838983256,-0.9630680142129112,-0.9091204540653565,-0.9076893741803965,-0.8885381252371787,-0.9006109037758759,-0.9910095862301233,-1.0149384217774002,-0.9409038208021051,-0.8664294547163086,-0.9478923989567593,-0.910768905925098,-0.9435570994910695,-1.0040418317978588,-0.8751571287488893,-0.9358952932887311,-0.9634832639957999,-0.9202716990106781,-1.03687029082716,-0.9424966843443005,-0.9928242543370907,-0.9409038208021051,-1.0165136496870075,-0.931289428695505,-0.8833459118601275,-0.9274157643689264,-0.9098901032542337,-0.9276313923105448,-1.0018482919085103,-0.9393082561119113,-0.9209234495874237,-1.0087120500916007,-1.0267911179982032,-0.9714422267947795,-0.993529063490344,-0.9473647660748209,-0.943239100122551,-1.0116817681464858,-0.9944345126754199,-0.8969392398596462,-0.9369631796394136,-0.9888882646689666,-1.029514448660144,-0.8618004409374598,-0.9172240729505523,-0.9688653157173086,-0.8516454661418683,-1.000349938771428,-0.950420959364849,-0.9476813810558905,-0.8683893136145792,-0.8999444427296609,-0.9979478944313676,-1.0144456614328832,-0.9752435593224904,-0.9487360012142473,-0.9109884741312593,-1.0054352291420865,-0.9821914273704491,-0.8717224328879004,-0.9720596689504198,-1.0119782606360672,-0.9080198235721508,-0.8585452812752511,-0.9902019995940222,-0.9482088377567465,-0.9325770745627409,-0.9274157643689264,-0.9317188417113825,-0.8902246907382427,-0.9311820445004294,-0.942178327069775,-0.9379232377972091,-0.9997499687421851,-1.0268885041717042,-0.9390953093270139,-0.9913122616007531,-0.8979420916740679,-0.9521029356114811,-0.9958413528268446,-0.9641058033224363,-0.9732933781753579,-0.9484197383015602,-0.9373899935459094,-0.9736015612148534,-0.8827797007181349,-0.998749217771909,-1.0056341282991543,-0.972779522810796,-0.975551126287085,-0.9644169222903548,-1.010198000393982,-0.9168969407736074,-0.9535722311393092,-0.9155872432488342,-0.9487360012142473,-0.9338629449764029,-0.9579665964948882,-0.9323625904121208,-0.9792343948207701,-0.9086803618434813,-0.982700361249552,-0.9800510190801294,-0.8944830909525344,-0.9116468614545876,-0.9230926280715279,-0.9904039579888602,-1.024060545085104,-0.9066973034039529,-1.0178899744078433,-0.9216832427683602,-0.9221171292194935,-0.9130717386930777,-0.9910095862301231,-0.9688653157173086,-1.0032447358446492,-0.9132907532653552,-0.9424966843443006,-0.9173330910852393,-1.001049449328054,-0.9096702699330127,-0.9152595260361949,-0.9379232377972091,-0.9175510884958941,-0.8536392680752216,-0.9833107342035883,-0.982700361249552,-0.9364293886887575,-0.9596353474106715,-0.8558621384311844,-0.9334345183246654,-0.9074690077352503,-1.0043405796840035,-0.9624448036121345,-0.9851395840184273,-0.9440868604106298,-0.9261209424259879,-1.0123734488813898,-0.9547250913221041,-0.9457801012920498,-0.9142756695876797,-0.9777013859047148,-0.957235603182414,-0.942814934120159,-0.9043782394551519,-1.0173003489628814,-1.020539073235317,-0.8892131353055914,-0.9168969407736074,-1.0117806086301517,-0.9939315871829408,-0.9843271813782246,-0.9372833082905082,-0.8905616205518853,-1.015332457867865,-0.9608850087289321,-0.9783148777362021,-0.9186402995732335,-1.0088111815399352,-0.986458311334037,-0.9138380600522173,-0.8774394566008529,-1.0092076099594176,-0.9742176348229383,-0.9419660291114538,-0.9120855223058855,-0.9241753080449617,-0.9723682430026188,-0.859127464349732,-1.0042410069301093,-0.8733269719870101,-0.9866610360199698,-1.0023472452199387,-0.8940357934669059,-0.9487360012142472,-0.9491575211733825,-0.9644169222903546,-0.9974467404327914,-0.9917156850630124,-0.9874715185766119,-0.9296773633901172,-0.8725250712730265,-0.9927235264664579,-0.9417536832951596,-0.8700000000000001,-0.9930256794262674,-0.9421783270697751,-0.9954396013822234,-1.0275699489572474,-0.9863569333664158,-0.9851395840184274,-1.0192644406629714,-0.9647279409242794,-0.9159148432032314,-0.917442096265481,-0.9857484466130291,-0.9060353193998565,-0.926768579527813,-1.037641556608061,-0.9219002115196634,-0.9644169222903546,-0.9742176348229384,-0.9043782394551519,-1.0000499987500624,-0.9228759396581969,-0.9757561170702441,-0.9645206063117574,-0.8843641783790205,-0.9471536306217697,-1.0145442326483356,-0.9502105029939418,-0.8630758946929291,-0.900499861188218,-0.9976472322419383,-1.0126697388586272,-0.8959352655186645,-0.9903029839397637,-0.9975469913743412,-0.9665919511355349,-0.9693812459502195,-0.9613012014972206,-0.9090104509850258,-0.9797448647479607,-0.9706183596038146,-0.8842510955605314,-0.9991496384426108,-1.0300970828033638,-0.8939239341241513,-0.9629641737884126,-0.95524865872714,-1.034842983258813,-0.9795407086997456,-0.9653496775780266,-0.9493682109698007,-1.0184792585025972,-0.9151502608861564,-0.9323625904121207,-0.9676259607927022,-0.9018314698434515,-0.9930256794262674,-0.923200953205747,-0.9307523838271917,-0.9191844211038392,-0.9854440623394105,-1.037448793917078,-0.9478923989567594,-1.006429331846007,-0.9574445153636841,-0.9366429415737888,-1.0000499987500626,-0.9786214794290998,-0.9140568910084318,-0.9107689059250981,-0.9412226091632097,-0.9970456358662827,-0.9534673565466203,-0.9719567891629751,-0.9522079604792222,-1.0079186475108,-0.8511756575466664,-0.9194019795497506,-0.9611971701997463,-0.9852410872471772,-0.9880789442144792,-1.0465658125507444,-0.9149316914393119,-0.8984987479123162,-0.9805610638812864,-0.9636908217888143,-0.8580792504192138,-0.9719567891629751,-0.9290317540321212,-1.0083154268382488,-0.9152595260361949,-0.9728823155962905,-0.9850380703302792,-0.9002777349240622,-0.9244998647917695,-0.9302150289046075,-0.9142756695876797,-0.948525170989152,-0.9494735383358506,-0.9938309715439543,-0.9474703161577147,-0.9770875088752287,-0.9294622100978608,-0.9914131328563285,-0.9530477427705287,-0.9418598621875761,-0.9534673565466204,-0.8898876333560322,-0.9095603333479314,-0.9284934033152847,-0.9986490875177325,-0.9362157870918435,-1.0063299657666962,-0.8891006692158094,-0.9539916142189091,-0.9673158739522474,-0.8969392398596462,-1.0145442326483356,-0.9650388593212194,-0.900499861188218,-0.9690717207719973,-0.9798469268207152,-0.9884836872705588,-0.9835141076771599,-0.9510520490488416,-0.9532575727472611,-0.9563994981178107,-0.9211405973031478,-0.9563994981178106,-0.9065870063044142,-1.022399139279763,-0.9470480452437459,-0.9878765105011861,-0.923417565351667,-0.9634832639957998,-0.9785192895390463,-0.9531526635329726,-0.982496819333274,-1.0119782606360672,-0.9081299466486061,-0.9394147114027968,-0.8877499647986477,-0.9928242543370905,-0.9740123202506218,-1.0321337122679406,-0.9569221493935649,-0.932148056909416,-0.9723682430026188,-0.9252567211320327,-0.965453261426984,-1.0158247880417173,-0.8711486669908874,-0.9292470069900682,-0.960572745813663,-0.8905616205518853,-0.9511571899533746,-0.8987213138676526,-0.9894948206029176,-0.9002777349240622,-0.9191844211038392,-0.9273079315955407,-0.9296773633901172,-0.930967238950974,-0.9144943958275524,-0.9364293886887575,-0.9684523736353792,-0.9155872432488343,-0.8807383266328314,-0.9887871358386495,-0.9120855223058856,-0.9257969539807311,-0.9860527369263776,-1.0133607452432722,-0.9539916142189091,-0.9112079894294166,-0.9703092290605093,-0.9140568910084317,-0.9691749068150702,-0.9501052573267869,-0.9239588735436226,-0.9574445153636842,-0.9162423260251625,-0.9623408959407265,-0.9325770745627409,-0.9813765841918178,-0.9977474630386188,-0.9911104882907859,-0.9507365565707464,-0.8962700485902673,-1.01,-1.0043405796840035,-0.9729850975220534,-0.9848350115628506,-0.9489467845985885,-0.90160967164289,-0.945568612000208,-0.9014987520790032,-0.899944442729661,-0.9234175653516669,-0.9332202312423366,-0.9871676655968833,-0.9113177272499421,-0.9754486147409304,-0.8797158632194829,-1.027180607293576,-0.8775534171775528,-0.9665919511355349,-0.9915139938498094,-0.9064766957842877,-0.9671090941563936,-0.8638865666278184,-0.9150409826887538,-0.9479978902930112,-1.0283481900601565,-0.9712363255150623,-0.935040106091712,-0.993931587182941,-0.9570266453970862,-0.9992497185388646,-0.9749358953285082,-0.9604686356149273,-0.9841239759298622,-1.0302912209661887,-0.858079250419214,-0.8798295289429652,-0.9767804256842988,-0.9941327879111522,-0.9688653157173086,-0.9523129737644028,-0.9217917335276988,-0.9267685795278128,-0.950420959364849,-0.990706818387761,-0.9270922284217467,-0.8911228871485682,-0.9513674369033238,-0.9546203433826456,-0.9928242543370907,-0.8884255736976508,-0.9363225939813693,-0.9151502608861564,-1.0157263410978372,-0.93,-0.9817840903172143,-0.9407975340103735,-0.9510520490488416,-0.9472592042308167,-0.9562949335848224,-0.974422906134703,-1.0030453628824572,-0.910768905925098,-0.9862555449780751,-1.0080178569846865,-1.005236290630218,-0.9082400563727632,-0.9619251530134765,-1.0158247880417173,-0.8780091115700337,-0.9844287683728061,-0.9712363255150623,-0.9024965373894794,-1.008811181539935,-0.9114274518577987,-0.9508417323613851,-0.9295697929687691,-0.9220086767487604,-0.9189668111526117,-0.9323625904121207,-0.9539916142189092,-0.9211405973031479,-1.0251341375644458,-0.9294622100978609,-0.8734414691323054,-0.972779522810796,-0.9750384607798813,-0.9154780172128657,-0.9549345527312331,-0.8421995013059554,-1.030776406404415,-0.9063663718386733,-0.9763708311906906,-1.011385188738692,-0.910659101969557,-0.948525170989152,-0.9788258272031853,-1.0123734488813898,-0.9665919511355349,-0.8734414691323054,-1.0236698686588368,-0.927523584605804,-0.9713392816107047,-0.9407975340103736,-1.0193625459079807,-0.9958413528268446,-0.9853425800197615,-0.886171540955813,-1.0192644406629714,-0.960260381354974,-0.9628603221651623,-0.9055937278934744,-0.9357884376289333,-0.8858329413608415,-0.9394147114027969,-0.9196194865269004,-0.9403722667114338,-0.9793365100924196,-0.9464142856064673,-0.93888231424391,-0.9971459271340379,-0.960572745813663,-1.0263040485158381,-0.903935838431025,-0.922767576370128,-0.9462029380635002,-0.9690717207719973,-0.9652460826131334,-0.9349331526906082,-0.9633794683301072,-1.0056341282991543,-0.9560857702110205,-1.0251341375644456,-0.9627564593395361,-0.9510520490488416,-1.014741346353838,-0.9365361712181757,-0.9476813810558905,-0.8958236433584459,-0.9529428104561154,-0.9778036612735708,-0.9394147114027968,-0.8906739021662193,-0.9842255838983257,-1.00174847142384,-0.927523584605804,-0.9640020746865642,-0.9686588666811449,-0.9003888049059695,-0.9205976319760985,-0.9621330469326995,-1.059764124699454,-0.93,-0.951577637400123,-0.9012768719988326,-0.9553533377761341,-0.931611507013519,-0.9810708435174292,-0.9315041599477697,-0.9280624978954812,-0.9161331780914825,-0.9268764750493994,-0.9293546147730692,-0.9213576938409969,-0.9486305919587456,-0.9310746479203481,-0.8917959407846618,-0.9453570753953238,-0.9723682430026187,-1.0038426171467318,-0.8917959407846618,-1.0182828683622247,-0.9112079894294168,-1.020930947713899,-0.9686588666811449,-0.8828929719960398,-0.9597395480024775,-0.9696906723280367,-0.8652745229116595,-0.9086803618434812,-0.9310746479203481,-1.0022474744293448,-1.0145442326483356,-0.9637945839233586,-0.9643132271207318,-0.8566796367370944,-1.0276672613253768,-0.9788258272031853,-0.9532575727472612,-0.9116468614545875,-0.8616843969807043,-0.939521154631443,-0.887299273075325,-1.0004498987955368,-0.9424966843443006,-0.9394147114027969,-0.9616132278624292,-0.9801530492734286,-1.0145442326483356,-0.9830055951010656,-0.9801530492734286,-0.9374966666607407,-0.9345052166788583,-0.9535722311393091,-0.9661780374237453,-0.9068075870878011,-0.9790301323248433,-0.957026645397086,-1.015332457867865,-0.9400531899844816,-0.9730878685915264,-0.9961425600786264,-0.8922443611477743,-0.9662815324738439,-0.9682458365518543,-1.0008496390567367,-0.9331130692472377,-0.9872689603142601,-0.8871865643707642,-1.0172020448268868,-0.9591141746424146,-0.9823950325607311,-0.950420959364849,-0.9192932067626737,-0.9474703161577148,-0.9950376877284598,-0.978008179924892,-0.8900000000000001,-0.9602603813549739,-1.010198000393982,-0.9596353474106714,-0.9159148432032315,-0.9341841360245848,-0.9863569333664158,-0.8945948803788227,-0.9047098982546836,-0.8544588931013591,-1.0050373127401788,-0.9937303457175894,-0.9882813364624469,-0.971750996912275,-0.9831073186585481,-0.8831194709664145,-0.8780091115700338,-0.9240670971309388,-0.9583840566286566,-0.9567131231461186,-0.9054832963671942,-1.0099999999999998,-0.873212459828649,-0.9096702699330126,-1.0192644406629714,-0.9452512893405648,-0.9939315871829408,-0.9192932067626738,-0.9879777325425912,-0.9513674369033239,-0.910439454329611,-0.8805112151472008,-0.890786169627706,-0.8869611039949835,-0.8532877591996736,-0.9503157370053388,-1.0146427942877234,-0.914166286842826,-0.9848350115628506,-0.8961584681293816,-0.850235261559999,-0.9290317540321213,-0.9142756695876797,-1.0084145972763385,-0.9217917335276987,-0.9627564593395362,-1.0045396955820112,-0.9263368717696603,-0.99,-0.9459915433025815,-1.008612908900139,-0.9423905772024675,-1.0211268285575499,-0.9343982020530648,-0.9758585963140357,-0.9640020746865642,-0.9456743625582752,-0.9108786966440702,-0.9562949335848224,-0.9217917335276988,-0.9594269122762816,-0.9931263766510283,-0.9439809320108113,-0.9424966843443005,-0.9135097153287425,-1.0155294185792945,-0.9697937925146769,-0.959218431849597,-0.9156964562561111,-0.935681569766125,-0.9708243919473799,-1.0157263410978372,-0.9812746812182611,-0.8531705573916625,-0.9445104552094699,-0.9061456836513652,-0.9816822296446034,-0.912962211704296,-0.9228759396581969,-0.8721811738394725,-1.0062305898749053,-1.0125709851659783,-0.9683491106000975,-0.9806630410084801,-0.9274157643689264,-0.9095603333479314,-0.9628603221651623,-0.9069178573608526,-1.0056341282991543,-0.9566085928947117,-0.9599479152537392,-0.99443451267542,-0.9654532614269838,-0.9101098834756164,-0.9958413528268447,-0.9220086767487604,-0.960572745813663,-0.9676259607927021,-0.951892851112981,-0.9383496150156402,-0.9272000862812729,-0.8544588931013593,-0.9978476837674175,-0.9143850392476903,-1.0196568050084303,-0.931611507013519,-0.9889893831583836,-0.9705153270299237,-0.9338629449764029,-0.8902246907382428,-0.95,-0.9393082561119113,-0.991110488290786,-0.9712363255150623,-0.9595311355031686,-0.9733961166965892,-0.9659710140578753,-0.8959352655186646,-1.0445573225055673,-0.9028288874421333,-1.001548800608338,-0.9705153270299237,-0.9114274518577987,-0.9626525853079086,-0.9816822296446036,-0.959218431849597,-0.9841239759298622,-0.984733466477097,-0.923417565351667,-1.0062305898749053,-1.0159232254457027,-0.9222255689363639,-0.9160240171523889,-0.9714422267947795,-0.9566085928947117,-0.9943339479269527,-0.9401595609256974,-1.0197548725061332,-0.9807650075323855,-0.9807650075323854,-1.026498904042279,-0.920814856526544,-0.959218431849597,-0.951262319236918,-0.9516827202382105,-0.9340770846134703,-0.9487360012142473,-0.9689685237405805,-1.0108906963663282,-0.9873702446397704,-0.9570266453970862,-0.9814784765851975,-0.9316115070135191,-1.0128672173587216,-0.9510520490488416,-1.0057335631269348,-0.8302409288875127,-0.9283856957105706,-0.957026645397086,-0.948841398759561,-1.0171037311896953,-0.8688498144098323,-0.9467312184564318,-0.9398404119849285,-0.8691950298983537,-0.8735559512704381,-0.9746281342132495,-1.0152339631828715,-0.875956619930462,-1.01,-0.9603645141299214,-0.889325587172662,-0.9581753492967767,-0.9093404203047394,-0.8920201791439475,-0.9484197383015602,-0.9402659198333203,-0.9890904913100723,-0.9622369770487933,-0.9525229656024048,-0.9630680142129112,-0.9190756225686764,-0.954829827770373,-0.9363225939813692,-0.939946807005588,-0.9101098834756164,-0.950946896519464,-0.9793365100924197,-0.9859513172565874,-0.9482088377567465,-0.9410100955887775,-0.9869650449737316,-0.8860586888011426,-0.9629641737884125,-1.0029456615390486,-0.9588013350011565,-0.9944345126754199,-0.9954396013822235,-0.9994498486667552,-1.0188719252192593,-0.9733961166965893,-0.8948184173339304,-0.9076893741803966,-0.9487360012142471,-0.9836157786453001,-1.0107917688624102,-0.9856469956328179,-0.9413288479590965,-0.837078252017098,-0.9273079315955408,-0.9304300081145276,-0.9082400563727632,-0.9573400649716902,-0.9811727676612311,-0.957131129992124,-0.961405221537724,-0.8693100712634129,-0.931396800509858,-0.945568612000208,-0.8941476388158726,-0.9854440623394104,-0.94451045520947,-0.9531526635329726,-0.9523129737644027,-0.9881801455200363,-0.8832326986700617,-1.0259142264341596,-0.9777013859047148,-0.9350401060917121,-0.9318261640456336,-0.9027181176868004,-1.0055346836385108,-0.9365361712181757,-1.0007497189607402,-1.0219099764656376,-0.9952386648437651,-0.9257969539807311,-1.000449898795537,-0.9867623827447012,-0.9890904913100721,-1.0154309429990795,-0.9393082561119113,-0.898943824718764,-0.9190756225686764,-0.9971459271340379,-0.9277391874875179,-0.9707213812418062,-0.9662815324738439,-0.9929249719893242,-0.9987492177719088,-1.0139526616169021,-0.9130717386930778,-0.918531436587774,-0.9844287683728061,-0.9705153270299239,-0.9956404973684025,-0.8940357934669059,-1.0038426171467318,-0.9074690077352504,-1.0019481024484251,-0.9464142856064673,-0.9537819457297355,-0.9338629449764029,-0.9993497886125758,-0.9249324299644812,-0.9207062506576135,-0.9435570994910695,-1.0413932974625868,-0.9458858282054975,-0.9176600677810929,-0.9288164511893618,-0.9702061636580134,-0.9396275858019495,-0.8865100112237876,-0.9084602357836032,-1.0167103815738285,-0.9835141076771599,-0.9823950325607311,-0.9647279409242794,-0.9471536306217698,-0.9200543462209175,-0.954829827770373,-0.9557719393244395,-0.98351410767716,-0.95524865872714,-0.8911228871485684,-0.9802550688468793,-0.9687620966986684,-0.93888231424391,-0.9577577981932593,-0.9645206063117574,-0.9676259607927021,-1.0051368066089312,-0.9637945839233587,-0.9833107342035884,-1.0210288928331068,-0.9135097153287425,-0.9723682430026189,-0.9304300081145277,-0.9360021367496979,-0.9657639463140049,-0.9795407086997457,-0.959218431849597,-0.9662815324738439,-0.9121951545584969,-0.945568612000208,-0.9270922284217465,-0.9237423883312923,-0.9613012014972206,-0.9440868604106298,-0.8906739021662193,-0.9770875088752287,-0.9274157643689264,-0.9999499987499374,-0.9917156850630124,-0.9930256794262673,-0.9196194865269005,-0.9075791976461338,-0.8980534505250786,-0.9673158739522474,-0.8652745229116595,-0.9570266453970862,-0.8538735269347563,-0.917877987534291,-0.9138380600522173,-0.9936297097007517,-0.8778952101475438,-0.9367496997597596,-1.007620960480676,-0.9095603333479313,-0.9640020746865642,-0.9569221493935648,-0.9615092303249095,-0.9116468614545875,-0.9395211546314431,-0.9863569333664158,-0.9538867857350788,-0.8776673629570603,-0.9011659114724658,-0.9972462083156798,-0.9450396817065408,-0.914713069765596,-0.9695875411740809,-0.9588013350011566,-0.9629641737884126,-0.9460972465872628,-0.9981482855768475,-0.9120855223058855,-0.8487048957087499,-0.8784645695758025,-0.9479978902930112,-0.8986100377805715,-0.9828021163998377,-0.8886506625215558,-0.9914131328563285,-0.9879777325425912,-0.9567131231461184,-0.8793747778962051,-1.0145442326483356,-1.0186756107809787,-0.9877752780870759,-1.0055346836385108,-0.9385627309881849,-0.9454628496138808,-0.9901010049484851,-0.9783148777362021,-0.9379232377972091,-0.9709273917240155,-0.9171150418567999,-0.9710303805751909,-0.9492628719169416,-0.9591141746424144,-0.9885848471426214,-0.8830062287436028,-0.9433451118228153,-0.9561903576171432,-0.9064766957842877,-0.9804590761474953,-0.9921189444819609,-0.9873702446397703,-0.9573400649716901,-0.9725739046468397,-0.9484197383015602,-0.9534673565466203,-0.9876740352970711,-0.9566085928947116,-0.8895504482602434,-0.9199456505685539,-0.9003888049059695,-1.01316336293808,-0.8983874442577656,-0.9153687781435415,-0.8950418984606252,-0.9194019795497504,-0.9562949335848224,-0.8408923831264022,-1.03,-0.9365361712181757,-0.9197282207261013,-0.9623408959407265,-0.9752435593224905,-0.8898876333560323,-0.9540964311850244,-0.9696906723280367,-0.9543060305792895,-0.9154780172128657,-0.8886506625215558,-0.9557719393244394,-1.0059324032955694,-1.0289314845994364,-0.9714422267947797,-0.9553533377761341,-0.9505261700763424,-0.8834591105421915,-0.9345052166788584,-0.8806247782114696,-0.9743202758846805,-0.9705153270299238,-0.9754486147409304,-0.9797448647479607,-0.9532575727472611,-0.934826187052973,-0.9376033276391461,-0.9968450230602548,-0.9598437372822725,-0.9966443698732261,-0.9950376877284599,-0.9442986815621423,-0.9434511116109833,-0.9797448647479609,-0.9565040512198576,-1.0202450685987166,-0.9364293886887574,-0.9470480452437459,-0.9573400649716902,-0.9833107342035884,-1.0160216533125659,-0.8989438247187641,-1.0146427942877236,-0.9161331780914825,-0.9479978902930112,-0.8967162315916891,-0.896827742657418,-0.931289428695505,-0.9083501527494781,-0.8854942122905152,-0.9374966666607407,-1.0018482919085105,-1.0155294185792945,-0.957235603182414,-0.9698969017374991,-0.9196194865269004,-0.8967162315916892,-1.0179882121124977,-0.9968450230602549,-0.9063663718386732,-0.9388823142439099,-0.8940357934669059,-0.9624448036121344,-0.8528188553262644,-0.9417536832951598,-0.9695875411740809,-0.9599479152537391,-0.9475758544834287,-1.0036433629531958,-0.90160967164289,-0.9597395480024775,-0.9707213812418062,-0.9709273917240155,-0.9496841580230767,-0.9975469913743412,-0.9247161726713771,-0.9942333730065592,-0.8744712688247682,-0.9420721840708386,-0.9881801455200363,-0.8870738413458036,-1.0308734160894828,-0.9241753080449617,-0.9609890738192606,-0.9809689087835556,-0.9800510190801294,-0.935467797414748,-0.9773944955850734,-0.932577074562741,-0.9565040512198577,-0.9561903576171431,-0.9915139938498094,-0.9064766957842876,-0.9822932352408826,-1.0113851887386922,-1.0053357648069623,-0.9216832427683601,-0.9102197536858887,-0.9290317540321213,-0.9094503834734471,-0.9236341266973628,-0.9601562372864116,-0.9293546147730694,-0.8990550594930213,-0.8369587803470372,-0.9173330910852393,-0.9524179754708538,-0.9937303457175896,-0.9575489543621255,-0.9247161726713771,-0.9024965373894794,-0.9674192472759677,-0.9659710140578753,-1.0248414511523232,-0.9687620966986683,-0.887299273075325,-0.9829038610159185,-0.8870738413458036,-0.8642337646724988,-0.9751410154434077,-0.8891006692158093,-0.9178779875342911,-0.9281702430050213,-0.9610931276416452,-0.9223339959038699,-0.9770875088752287,-0.9010549372818508,-0.9357884376289334,-0.9277391874875179,-0.9785192895390463,-0.9682458365518543,-0.959009906101079,-0.9658674857349738,-1.0157263410978372,-0.9873702446397704,-0.9531526635329726,-0.9788258272031852,-0.9975469913743411,-0.9679359482941007,-0.9103296106356203,-0.9524179754708538,-0.9613012014972206,-0.8896628574915331,-1.0030453628824572,-1.057969753820968,-1.0107917688624102,-0.9242835062901426,-0.97,-0.934826187052973,-1.014347080638575,-0.9296773633901171,-0.9936297097007517,-0.9955400544428135,-0.9652460826131334,-0.8885381252371786,-0.9327915093953204,-0.8558621384311845,-0.9475758544834287,-0.9380298502713014,-0.9588013350011565,-0.9637945839233586,-0.9450396817065407,-1.0227903010881556,-1.0214205793893132,-1.0479026672358458,-0.9249324299644812,-0.9790301323248433,-0.9879777325425914,-1.0323274674249445,-0.8971621926942753,-0.9878765105011861,-0.9469424480928078,-0.9222255689363638,-0.9973464794142505,-1.0108906963663282,-0.9265527507918802,-0.9065870063044142,-0.9007219326740079,-0.9729850975220535,-0.9857484466130292,-0.8956003573022959,-0.8892131353055914,-0.904267659490264,-1.0079186475107997,-0.9539916142189091,-0.9417536832951596,-0.9333273809334001,-1.003942229413625,-0.9064766957842877,-0.9267685795278129,-0.9989494481704267,-0.9828021163998376,-0.9783148777362022,-0.9793365100924196,-0.9533624704172071,-0.9017205775626949,-0.9570266453970862,-1.0042410069301095,-1.0486658190291127,-0.9029396436085858,-0.8871865643707642,-0.9466255859631093,-1.0264989040422792,-0.9505261700763424,-0.968039255402383,-0.9860527369263775,-0.9627564593395361,-1.0023472452199387,-1.0028459502834919,-0.8950418984606252,-0.9487360012142472,-1.0141498903022175,-0.9645206063117574,-0.9090104509850259,-1.0299029080452198,-1.0262066068779718,-0.9402659198333204,-0.9411163583744574,-0.9544108130150245,-0.9594269122762817,-0.8833459118601275,-1.015627884611288,-0.9855455342093535,-1.0174969287422935,-0.9709273917240155,-0.9119758768739445,-1.0029456615390486,-0.815781833580523,-0.9415412895885129,-0.9381364506296513,-0.9116468614545875,-0.9848350115628505,-0.9488413987595609,-0.9949371839468059,-0.9503157370053387,-1.0179882121124977,-0.9328987083279727,-0.9365361712181757,-0.9586970324351692,-0.9729850975220535,-0.8970507232035433,-0.9690717207719973,-0.951892851112981,-0.9472592042308167,-0.9676259607927021,-0.9895958771134812,-1.0455142275454696,-1.0103959619871805,-1.0012492197250393,-0.9767804256842988,-0.887637313321156,-1.0109896141899777,-0.9941327879111522,-0.9729850975220534,-0.918313671900838,-0.98351410767716,-0.9178779875342911,-0.9954396013822235,-0.8633075929238663,-0.9513674369033239,-0.9862555449780751,-1.0218121158021174,-1.0099009852455834,-0.9809689087835558,-0.923525852372309,-1.0683164325236227,-0.9215747392371387,-0.9572356031824141,-0.9845303448853164,-0.935147047260483,-0.9687620966986683,-0.9219002115196634,-0.9090104509850259,-0.9808669634563089,-0.9973464794142506,-0.9912113800799506,-0.9256889326334198,-0.9628603221651623,-0.9197282207261013,-0.9551439682058406,-0.9724710792614862,-0.8889881888979179,-1.0296115772464878,-1.035905401086412,-0.9023857268374762,-0.9127431182978045,-0.9074690077352504,-0.9239588735436226,-1.0002499687578101,-0.9918165152889924,-0.937923237797209,-1.0061312041677268,-0.9098901032542337,-1.0000499987500626,-0.9602603813549739,-0.8934763567101258,-0.9975469913743412,-0.9787236586493656,-0.9624448036121344,-0.8790335602239542,-0.9696906723280367,-1.0210288928331068,-0.9632756614801393,-0.9853425800197616,-0.9832090316916338,-0.9955400544428135,-0.9616132278624291,-1.00274622911283,-0.9597395480024776,-0.867928568489366,-1.0196568050084303,-0.9014987520790033,-0.9430270409696638,-0.9348261870529729,-0.970103087305674,-0.9980480950335009,-0.8806247782114697,-0.8852683209061534,-0.9230926280715279,-0.9767804256842987,-1.0154309429990795,-1.004937809021036,-0.9152595260361949,-1.000449898795537,-0.9706183596038146,-0.9749358953285083,-0.8939239341241513,-1.0082162466455298,-1.0247438704378766,-0.9951381813597547,-0.9892926766129425,-0.9602603813549739,-0.9650388593212192,-0.9306449376641986,-0.9403722667114338,-0.9696906723280369,-0.9080198235721508,-0.982700361249552,-0.8937001734362594,-0.9692780818733084,-0.9414350747661785,-0.9608850087289321,-1.033779473582253,-0.9124143795447329,-1.010692831675381,-1.034842983258813,-0.9800510190801294,-0.9749358953285082,-0.9841239759298622,-0.9803570778037969,-0.9685556256612214,-1.001049449328054,-1.0062305898749053,-0.9806630410084801,-0.957653381970742,-0.9326842981416595,-0.8983874442577657,-1.0082162466455298,-0.9137286249209884,-0.9506313691436865,-0.9675226095549395,-0.9019423484901904,-0.9255808986793106,-0.9590099061010788,-0.9364293886887575,-0.9346122190513027,-0.9910095862301231,-0.9832090316916338,-0.9048204241726642,-0.9449338601193208,-0.9866610360199698,-0.9073588044428731,-0.9127431182978045,-0.9207062506576135,-1.017693470549949,-0.8811923740024081,-0.9082400563727631,-0.9511571899533746,-0.9182047701901793,-0.9831073186585481,-0.9163514609580757,-0.9064766957842877,-0.9557719393244395,-0.9757561170702442,-1.0552250944703694,-0.9252567211320326,-0.875728268357257,-0.8765272385955841,-0.9009439494219382,-1.005236290630218,-0.8724104538575864,-1.0044401425669924,-0.8444524853418338,-0.9446163242290491,-0.9550392662084632,-0.95,-1.0289314845994362,-0.8988325761786786,-0.9640020746865642,-0.8436231386110744,-0.9217917335276987,-0.9521029356114811,-0.9792343948207702,-0.9935290634903441,-0.9697937925146769,-0.9457801012920498,-0.9065870063044142,-0.8815327560561775,-0.9139474820797966,-0.9595311355031685,-0.9559811713627001,-0.8845903006477066,-0.9685556256612213,-0.9711333585043816,-0.9965440281292142,-0.9920181449953422,-0.9606768447297978,-0.9119758768739445,-0.9622369770487934,-0.9813765841918177,-0.9378166132032425,-0.9021640649017229,-0.968039255402383,-0.9885848471426214,-0.91700599779936,-0.8929165694509202,-0.993931587182941,-0.910439454329611,-0.9478923989567594,-0.9725739046468397,-0.902385726837476,-1.0307764064044151,-0.926444817568753,-0.9989494481704267,-0.9812746812182612,-0.9610931276416453,-0.9702061636580135,-0.9269843580125826,-1.0276672613253768,-0.9606768447297976,-0.9528378665859161,-0.9886859966642596,-0.8978307190111063,-0.9243916918709297,-0.9994498486667552,-0.9807650075323854,-1.0089103032480142,-0.9263368717696603,-0.954725091322104,-1.035229443167069,-0.8685044617041412,-0.9812746812182611,-0.9460972465872628,-1.009108517454887,-0.9212491519670452,-0.9376033276391462,-0.9977474630386189,-0.9113177272499421,-0.8862843787408192,-0.9698969017374991,-0.9475758544834287,-1.0506664551607232,-0.9661780374237452,-0.9292470069900682,-0.8942594701763018,-0.9537819457297354,-0.9627564593395361,-1.021518477561713,-1.0136567466356645,-0.9685556256612214,-1.0089103032480142,-0.9860527369263775,-0.9345052166788583,-0.9513674369033239,-0.9819877799647001,-1.0241581909060729,-0.9163514609580758,-0.9660745312862771,-0.9859513172565875,-1.0072239075796403,-0.8925805285799148,-0.9382430388763884,-0.9585927185202275,-1.0173986436004325,-1.0302912209661887,-0.9089004345911603,-1.0028459502834919,-0.8607554821202128,-0.9472592042308167,-0.8679285684893658,-0.9073588044428732,-0.9651424765287248,-0.9593226777263217,-0.9376033276391462,-0.8987213138676527,-0.9393082561119114,-0.9641058033224362,-0.9288164511893617,-0.9353608929178086,-0.9860527369263776,-0.9348261870529729,-0.9849365461794989,-0.9364293886887575,-0.9990495483208028,-0.8884255736976508,-0.9568176419778224,-0.8850423718670196,-0.9385627309881849,-0.9269843580125827,-0.9370699013414101,-0.9159148432032315,-0.9616132278624291,-0.8949301648732152,-0.8996110270555826,-0.9965440281292142,-0.9838190890605854,-0.9345052166788583,-0.9530477427705288,-0.906697303403953,-0.96317184344228,-0.9935290634903441,-1.0190682018393076,-0.9221171292194934,-0.9249324299644812,-0.9268764750493994,-0.9420721840708386,-0.9265527507918802,-0.9053728513711906,-0.9879777325425912,-0.96317184344228,-0.9677293009927931,-1.00074971896074,-0.9573400649716902,-0.9957409301620578,-0.8904493247793498,-0.9947361459201128,-1.0013490899781154,-0.9560857702110204,-0.9493682109698007,-0.9148223871331527,-0.9795407086997456,-1.00074971896074,-0.9791322688993556,-0.9128526715741155,-0.9200543462209175,-0.9497894503520241,-0.9220086767487603,-0.9822932352408826,-0.9787236586493656,-0.948525170989152,-0.9463086177352503,-0.9965440281292142,-0.8791473141629906,-0.9815803584016949,-0.9246080250571049,-1.0085137579626764,-0.981172767661231,-0.9843271813782244,-0.9770875088752287,-0.9137286249209883,-0.9971459271340379,-0.9976472322419383,-1.00980196078241,-0.8621484790916237,-1.007323185477233,-0.9367496997597599,-0.9537819457297355,-0.9441927769264071,-0.95,-0.8833459118601275,-0.9832090316916338,-0.9428149341201592,-0.9426027795418387,-0.8917959407846618,-0.8928045698807775,-0.9849365461794988,-0.9525229656024048,-0.9729850975220535,-0.9142756695876797,-0.9574445153636842,-0.9609890738192604,-0.935681569766125,-0.9604686356149273,-0.9560857702110203,-0.8885381252371786,-0.8764131445842195,-0.9444045743218316,-1.012768482921936,-0.937709976485267,-1.0293201639917486,-0.8811923740024081,-0.8799431799837987,-0.9332202312423364,-0.9749358953285082,-0.9249324299644813,-0.9320407716403827,-0.9688653157173085,-0.9563994981178107,-0.9414350747661784,-1.0173003489628814,-0.9230926280715279,-0.9380298502713014,-0.9226592003551475,-0.9758585963140357,-0.9466255859631093,-0.9951381813597546,-0.9163514609580758,-1.0060318086422515,-1.0051368066089312,-0.9332202312423366,-0.9316115070135191,-0.9720596689504201,-0.9226592003551474,-0.9869650449737316,-0.9376033276391461,-1.0156278846112883,-0.9422844581123049,-0.9191844211038394,-0.9396275858019495,-0.9474703161577147,-1.0041414243023739,-0.93,-1.0146427942877236,-0.8879752248796134,-0.966902270139025,-1.002546757014355,-0.9766780431646858,-1.0301941564578978,-0.9490521587352299,-0.9236341266973628,-0.9439809320108113,-0.9477868958790262,-0.9306449376641986,-0.9134002408582997,-0.9403722667114338,-0.9869650449737316,-0.9662815324738437,-0.9420721840708386,-0.9021640649017229,-0.9438749917229505,-1.020735029280371,-0.9156964562561111,-0.9882813364624469,-0.9802550688468793,-0.9543060305792896,-0.8757282683572571,-0.875956619930462,-0.9385627309881849,-0.9426027795418387,-0.9586970324351692,-0.9955400544428135,-1.0293201639917484,-0.980866963456309,-0.9675226095549395,-0.9339700209321496,-0.9295697929687688,-0.9619251530134765,-0.9584883932526257,-0.9725739046468398,-0.931396800509858,-0.9856469956328179,-0.9987492177719091,-1.0177917272212424,-0.9546203433826456,-0.9935290634903441,-0.9507365565707464,-0.9750384607798812,-0.904267659490264,-0.9283856957105706,-0.8830062287436029,-1.0132620588969075,-0.8832326986700617,-0.9376033276391461,-0.9064766957842877,-0.9124143795447329,-0.9522079604792223,-1.0075217119248598,-0.9423905772024677,-0.9342911751697112,-0.9276313923105448,-0.9572356031824141,-0.9072485877641254,-0.9827003612495518,-1.0061312041677268,-0.9036038955205982,-0.9041570660012561,-1.0438869670610893,-0.987775278087076,-0.9106591019695569,-0.8986100377805714,-1.0008496390567365,-0.957026645397086,-0.8928045698807774,-0.976985158536198,-1.009504829111778,-0.9751410154434077,-0.9736015612148535,-0.9909086738948246,-0.9333273809334001,-1.0071246198956711,-0.9696906723280367,-0.9215747392371386,-0.9970456358662827,-0.9380298502713014,-0.9880789442144793,-0.9689685237405805,-0.838868285251028,-0.9227675763701281,-0.9393082561119114,-0.9822932352408825,-0.9835141076771599,-0.9577577981932593,-0.8889881888979179,-0.981580358401695,-0.9335416434203672,-0.9143850392476902,-0.942178327069775,-0.8978307190111063,-0.937709976485267,-0.9797448647479609,-0.9929249719893242,-0.9431330765061737,-0.8286736390159879,-0.9608850087289322,-0.9514725429564429,-0.9906058752097123,-0.9233092656309695,-0.9397340049184131,-0.8888756943465155,-1.0014489502715553,-0.894371287553441,-0.9745255255764212,-1.0097029266076234,-0.885607136375944,-0.9931263766510282,-0.9850380703302791,-0.9341841360245849,-0.982191427370449,-0.9467312184564318,-0.9757561170702442,-0.9756536270623916,-0.9725739046468398,-1.021420579389313,-0.9019423484901903,-0.9838190890605855,-0.9135097153287425,-0.9642095207992918,-0.9810708435174292,-0.9858498871532115,-0.9387757985802575,-0.9738069623903908,-0.9269843580125827,-1.006628034578811,-0.957235603182414,-0.9613012014972206,-0.9807650075323855,-0.9207062506576135,-1.014051280754578,-1.0094057657849989,-0.9807650075323854,-0.9216832427683601,-0.8984987479123162,-0.9758585963140356,-0.9556673061269805,-0.9763708311906906,-0.935040106091712,-0.951577637400123,-1.0014489502715553,-0.9381364506296512,-0.816884324736373,-0.9779059259458448,-0.895377015563835,-0.9658674857349738,-0.9301075206662938,-0.8920201791439475,-0.9304300081145276,-1.00980196078241,-0.9656603957913983,-0.9525229656024048,-0.8738993077008358,-0.9536770941990795,-0.935040106091712,-0.9575489543621256,-0.9256889326334198,-0.9230926280715279,-0.9326842981416594,-0.9862555449780751,-0.9481033698917012,-0.9095603333479314,-0.9617172141539321,-1.0426408777714404,-1.0231813133555558,-0.9190756225686764,-0.8952653238007156,-1.000349938771428,-0.9806630410084801,-0.9725739046468397,-0.9853425800197615,-0.9684523736353792,-0.9569221493935648,-0.9416474924301557,-0.851528038293514,-0.9756536270623914,-0.9351470472604829,-0.9757561170702441,-1.0099009852455834,-0.875728268357257,-1.0358088626768938,-1.0184792585025972,-0.8791473141629906,-0.9492628719169417,-0.8719518335321051,-0.9211405973031479,-0.9687620966986684,-0.9582797086446108,-0.8957120072880569,-0.9533624704172071,-0.9992497185388646,-0.9214662229295224,-0.9677293009927932,-0.9440868604106298,-0.8939239341241513,-0.9489467845985885,-0.8892131353055915,-0.9634832639957998,-1.0104949282406122,-0.9502105029939419,-1.0088111815399352,-0.9579665964948884,-1.026888504171704,-0.8738993077008358,-0.9799489782636646,-0.9346122190513027,-0.9991496384426108,-1.015332457867865,-1.0141498903022177,-0.9802550688468793,-0.995941765365827,-0.9338629449764029,-1.0012492197250393,-1.0178899744078433,-0.9619251530134764,-0.9130717386930777,-0.9492628719169417,-0.8951536181013848,-0.906697303403953,-0.9225508116087698,-0.9055937278934743,-0.9588013350011565,-0.9839207285142436,-0.9406912352095134,-0.8343260753446461,-0.9176600677810928,-0.9652460826131334,-1.0119782606360674,-0.9148223871331528,-0.9534673565466203,-0.9127431182978045,-0.9392017887546851,-1.023376763464952,-0.9829038610159185,-1.0211268285575499,-0.9581753492967767,-0.9459915433025815,-0.9951381813597546,-0.9198369420718001,-0.9388823142439098,-0.9256889326334198,-0.9981482855768475,-0.8735559512704381,-0.9765756499114648,-0.8850423718670196,-0.9754486147409305,-0.9610931276416453,-0.9774968030638259,-0.9476813810558906,-0.976678043164686,-0.9422844581123049,-0.9597395480024776,-1.0471389592599445,-0.9868637190615531,-0.9977474630386188,-0.9895958771134811,-0.9338629449764029,-0.9392017887546851,-1.035905401086412,-0.9841239759298622,-0.8782368700982669,-1.0346496991735898,-1.0124722218411721,-0.9619251530134764,-1.0296115772464878,-0.9326842981416594,-0.9399468070055881,-0.8987213138676527,-1.002546757014355,-0.9550392662084632,-0.9383496150156401,-0.9029396436085858,-0.9838190890605854,-0.8942594701763018,-0.9309672389509741,-0.9609890738192605,-0.9619251530134764,-0.8853812738024224,-0.8705745229444749,-0.9707213812418062,-1.02230132544177,-0.9072485877641254,-1.0050373127401788,-0.9974467404327912,-0.9620291055888072,-0.916351460958076,-0.9870663604844409,-0.9462029380635002,-0.9311820445004296,-0.9540964311850244,-0.9434511116109833,-0.9879777325425912,-0.9572356031824141,-0.9648315915225828,-0.9209234495874237,-0.9224424101265076,-0.891010662113535,-0.9656603957913984,-0.9041570660012562,-0.9317188417113823,-0.9901010049484852,-0.9445104552094699,-0.931289428695505,-1.0394710193170371,-0.8867355862939076,-0.9437690395430443,-0.9972462083156797,-0.87,-0.966385016440135,-0.887862601982987,-0.9256889326334198,-0.9305374790947434,-1.0265963179361204,-0.9028288874421332,-0.9565040512198576,-1.0257192598367255,-0.9113177272499421,-1.0008496390567367,-0.8865100112237876,-0.9194019795497507,-0.9810708435174292,-1.0086129089001392,-1.0211268285575499,-0.9361089680160104,-0.9494735383358507,-0.9224424101265075,-1.0141498903022177,-0.9912113800799505,-1.0020479030465559,-0.9713392816107047,-0.9726767191621274,-0.9198369420718001,-0.9094503834734471,-0.907028114227999,-0.9398404119849285,-0.9340770846134703,-1.0245486811274513,-0.9958413528268446,-0.8825531145489206,-0.9304300081145277,-0.8934763567101258,-1.0037429949942367,-1.035615758860399,-0.9629641737884126,-0.9692780818733083,-0.9645206063117574,-0.9330058949438637,-1.0518079672639868,-0.9326842981416597,-0.9634832639957996,-1.0247438704378768,-0.9595311355031686,-0.9816822296446035,-0.9103296106356203,-0.9797448647479609,-0.9660745312862771,-0.9666954018717582,-0.9131812525451889,-0.9624448036121344,-0.9712363255150623,-0.9239588735436227,-0.9018314698434514,-0.8760707733967615,-0.9817840903172144,-0.9283856957105705,-0.9606768447297979,-0.9191844211038392,-0.9180958555619343,-1.0048382954485762,-1.0158247880417173,-0.9367496997597597,-0.9714422267947797,-0.9981482855768475,-0.8655056325639944,-0.9363225939813692,-0.952732911156112,-0.926228913390205,-1.0059324032955692,-0.9713392816107047,-0.9308598175880191,-0.9382430388763884,-0.9055937278934743,-0.9572356031824141,-0.922767576370128,-0.9177690341256889,-0.9938309715439542,-0.9822932352408826,-0.9976472322419382,-0.9657639463140049,-1.000949549178179,-0.9795407086997456,-0.9090104509850259,-0.8826664149042943,-0.9411163583744574,-0.986154146165801,-1.0147413463538382,-1.0014489502715553,-0.950946896519464,-0.9378166132032424,-0.9871676655968834,-0.8921322771876375,-0.9322553298319083,-0.951262319236918,-0.9721625378505386,-0.9657639463140049,-0.9075791976461338,-0.9625487000666513,-0.9788258272031853,-0.9957409301620578,-0.8984987479123163,-0.9268764750493994,-0.9479978902930112,-0.926444817568753,-0.9684523736353793,-1.0031450543166727,-0.9758585963140356,-0.9500000000000001,-0.9903029839397638,-0.9823950325607311,-0.9022749026765623,-0.9889893831583836,-0.9505261700763424,-0.9136191766814005,-0.9516827202382104,-0.9502105029939418,-0.960780932366999,-0.9999499987499375,-0.9119758768739445,-0.9412226091632097,-0.8905616205518851,-0.8833459118601275,-1.010099005048515,-0.9964436762808021,-0.9153687781435413,-0.9041570660012563,-0.927523584605804,-0.9490521587352299,-0.9557719393244395,-0.9309672389509741,-1.0099009852455834,-0.9013878188659973,-0.9721625378505386,-0.9809689087835557,-0.8908984229416955,-0.8553946457629952,-1.0190682018393078,-1.0164152694642088,-1.006429331846007,-0.8753856293085922,-0.9574445153636842,-0.9625487000666513,-0.862612311528186,-0.9834124261976762,-0.8808518604169489,-0.9993497886125758,-0.9334345183246654,-0.9764732459212594,-1.004041831797859,-1.0053357648069625,-1.0012492197250393,-0.9631718434422801,-0.9550392662084635,-0.9738069623903908,-0.8688498144098323,-0.8907861696277058,-1.002047903046556,-0.966798841538404,-0.9197282207261013,-0.9343982020530648,-0.9491575211733825,-0.9917156850630123,-0.9728823155962905,-0.9277391874875179,-0.9522079604792222,-0.9524179754708537,-0.9830055951010656,-0.942284458112305,-0.9584883932526257,-1.0274726273726225,-0.9022749026765623,-0.9840223574695851,-0.9265527507918802,-0.9497894503520241,-1.004041831797859,-0.9410100955887775,-1.0196568050084303,-0.9995498987044118,-0.926444817568753,-0.9613012014972208,-0.9411163583744573,-0.9542012366372201,-0.9149316914393119,-0.9808669634563089,-1.0399519219656261,-0.9529428104561155,-0.8823264701911645,-0.8945948803788226,-0.996443676280802,-0.8791473141629906,-0.9143850392476902,-0.9640020746865642,-0.971750996912275,-0.9835141076771599,-0.883685464404615,-0.954515583948214,-1.0281536850101738,-0.8880878334939625,-0.9010549372818508,-0.9950376877284598,-1.0369667304209909,-0.8676981041814025,-0.898276126811795,-0.9814784765851975,-0.9745255255764212,-0.9707213812418062,-0.8980534505250788,-0.9748333190858836,-0.9387757985802574,-0.9800510190801293,-0.957653381970742,-0.960780932366999,-1.0349396117648604,-0.8841379982785493,-1.0094057657849989,-0.9846319109189993,-0.9161331780914824,-0.9317188417113824,-0.8990550594930212,-1.0084145972763385,-0.9097801932335084,-0.9994498486667552,-0.8912350980521357,-0.9576533819707421,-0.9468368391650169,-0.903935838431025,-1.008612908900139,-1.0034440691936946,-1.009603882718366,-0.9188579868510693,-0.9414350747661784,-0.9496841580230766,-0.9939315871829408,-0.9508417323613853,-0.97,-0.9459915433025815,-0.9174420962654809,-1.0183810681665286,-0.93888231424391,-0.926444817568753,-0.9732933781753578,-1.0320368210485515,-0.9939315871829408,-0.8905616205518853,-0.9962429422585637,-1.008612908900139,-1.0296115772464878,-0.9719567891629751,-1.031746092796091,-0.9689685237405805,-0.881986394452885,-1.0357123152690615,-1.0322305943925512,-0.9692780818733084,-0.9992497185388645,-0.9095603333479313,-0.9492628719169417,-1.02230132544177,-0.995238664843765,-0.9262289133902051,-0.9693812459502195,-0.9656603957913984,-0.90515192095029,-0.9284934033152847,-0.8967162315916892,-0.9997499687421851,-0.9957409301620578,-0.9428149341201592,-0.9895958771134812,-0.9240670971309388,-1.0220078277586724,-0.960780932366999,-0.9524179754708538,-1.0131633629380803,-0.8967162315916891,-0.9939315871829408,-0.9120855223058855,-1.0135580891098448,-0.98351410767716,-1.0144456614328834,-0.867928568489366,-1.0133607452432722,-0.9787236586493656,-0.9730878685915265,-0.9596353474106714,-1.034842983258813,-0.9764732459212594,-0.9156964562561111,-0.9076893741803966,-0.9763708311906906,-0.9216832427683602,-0.9419660291114537,-0.9283856957105706,-0.941541289588513,-0.9610931276416453,-1.020539073235317,-1.003045362882457,-0.9554580053565934,-0.9041570660012562,-1.0178899744078436,-0.8799431799837987,-0.9474703161577148,-0.9950376877284599,-0.8964931678490361,-0.9624448036121345,-0.9476813810558905,-0.982700361249552,-0.9194019795497507,-0.9296773633901172,-0.9262289133902051,-0.9305374790947434,-0.907909687138539,-0.8594765849050223,-0.9140568910084318,-0.9487360012142473,-0.913181252545189,-1.0082162466455298,-0.9701030873056739,-0.9418598621875762,-1.0252316811335864,-1.007124619895671,-0.9774968030638259,-0.9713392816107047,-0.9525229656024048,-0.8458723307923011,-0.9978476837674175,-0.974422906134703,-0.9648315915225827,-0.8884255736976508,-0.9938309715439543,-1.0162184804460113,-0.9441927769264071,-0.9749358953285082,-0.9751410154434075,-0.9383496150156401,-0.9747307320486002,-1.0210288928331068,-0.9758585963140357,-0.9445104552094699,-0.9687620966986683,-0.9000555538409838,-0.8252878285786117,-0.9279547402756235,-0.9718538984847466,-0.9598437372822723,-0.8658521813797088,-0.9631718434422799,-0.8659676668328905,-1.0572133181151284,-0.9796427920420789,-0.9968450230602548,-0.9795407086997457,-1.003543721020664,-0.8958236433584459,-0.954829827770373,-1.021420579389313,-0.8822131261775694,-0.9684523736353792,-0.8753856293085922,-1.0024470060806208,-0.9628603221651622,-1.005236290630218,-0.9411163583744574,-0.9526279441628825,-0.9176600677810929,-0.9912113800799505,-1.010692831675381,-0.9559811713627,-1.0441743149493767,-0.9033825324855468,-0.9561903576171431,-0.899166280506559,-0.9300000000000002,-0.9026073343375844,-0.885607136375944,-0.9733961166965892,-0.8768694315575154,-0.9763708311906907,-0.9875727821279806,-0.9597395480024776,-0.8921322771876378,-1.0126697388586272,-0.9856469956328179,-0.9047098982546836,-0.9510520490488414,-1.0041414243023739,-0.9414350747661786,-0.9432391001225512,-1.0023472452199387,-0.9867623827447011,-0.97082439194738,-0.8792610533851707,-1.0264014809030626,-0.9994498486667552,-0.9754486147409304,-0.961405221537724,-0.9775990998359195,-0.9884836872705589,-0.9940321926376429,-0.8865100112237876,-0.9726767191621274,-0.999749968742185,-0.8752713864853575,-0.9398404119849284,-1.0102969860392537,-0.9572356031824141,-0.9500000000000002,-0.9510520490488416,-0.931074647920348,-0.9619251530134764,-0.990101004948485,-1.0149384217774005,-1.0022474744293446,-1.0282509421342632,-0.9532575727472611,-0.9504209593648489,-0.9723682430026188,-0.9806630410084801,-1.000949549178179,-0.8831194709664146,-0.8880878334939625,-0.8644651525654461,-0.940584924395453,-0.9919173352653939,-0.9865596788841513,-0.8962700485902673,-0.8901123524589466,-0.9965440281292142,-0.9310746479203481,-1.009108517454887,-0.9741149829460586,-0.9532575727472612,-0.8845903006477065,-0.9508417323613853,-0.919945650568554,-1.0063299657666962,-0.9692780818733086,-0.9114274518577987,-0.9903029839397639,-0.9549345527312331,-0.9050414355155239,-0.8967162315916892,-0.9670056876771719,-1.0288342918079667,-0.9207062506576134,-0.9617172141539322,-0.95420123663722,-1.0148398888494679,-0.9215747392371386,-1.0361949623502325,-0.9089004345911602,-0.9871676655968833,-0.9184225606985055,-0.9844287683728062,-0.8915716460273958,-0.9740123202506219,-0.9774968030638259,-0.8889881888979179,-0.9293546147730692,-0.9526279441628825,-0.9839207285142436,-0.8736704184073077,-0.924824307639024,-0.9665919511355348,-0.9139474820797965,-0.9209234495874237,-0.8913472948295743,-0.9737042672187486,-0.92255081160877,-1.0360984509205677,-0.9290317540321213,-0.9486305919587456,-0.9182047701901793,-0.9772921773962995,-0.9120855223058855,-1.0257192598367255,-0.9417536832951597,-0.917986928011505,-1.0361949623502327,-1.0013490899781154,-1.00274622911283,-0.898943824718764,-0.9355746896961246,-1.012669738858627,-0.9567131231461186,-0.9418598621875762,-0.926444817568753,-0.9845303448853163,-0.8756140702387096,-0.9543060305792896,-0.9627564593395362,-0.9591141746424144,-0.8899999999999999,-0.9586970324351692,-1.0429285689825551,-0.8752713864853575,-0.8172514912803769,-0.8966047066572872,-0.8789197915623473,-0.9658674857349739,-0.9629641737884126,-0.966385016440135,-0.9090104509850259,-0.9632756614801393,-0.9730878685915265,-1.0061312041677266,-0.9535722311393091,-0.9759610647971567,-0.8996110270555825,-0.9792343948207701,-0.9692780818733083,-1.0042410069301093,-0.9637945839233586,-0.9616132278624292,-0.9975469913743412,-0.8470537173048709,-0.9519978991573458,-0.8882004278314664,-1.0042410069301093,-1.025329215423027,-0.9176600677810929,-1.0105938848023968,-0.8752713864853575,-0.8967162315916892,-0.9828021163998377,-0.8897752525216691,-0.9897979591815695,-0.9687620966986683,-0.9195107394696377,-0.9121951545584969,-0.9043782394551519,-0.9429209935090003,-0.8637708029332782,-1.0173986436004325,-0.9229842902238369,-0.9534673565466203,-0.9773944955850733,-0.9651424765287246,-1.0200490184299968,-0.9979478944313676,-1.0038426171467318,-0.9076893741803965,-0.970103087305674,-0.9659710140578753,-1.0255242561733973,-0.9075791976461338,-0.8659676668328905,-0.908350152749478,-0.9368564457802486,-0.952732911156112,-0.9923205127376941,-0.8931405264570632,-0.9416474924301557,-0.9465199416811036,-0.9125239722878518,-0.9573400649716902,-0.9841239759298622,-0.9767804256842988,-0.8902246907382427,-0.9072485877641253,-0.9598437372822723,-0.9650388593212192,-0.8914594774862176,-0.9376033276391462,-0.9407975340103736,-0.8702298546935747,-0.9817840903172143,-0.9865596788841515,-0.9084602357836032,-1.00024996875781,-0.9096702699330126,-0.9952386648437649,-0.881986394452885,-0.993529063490344,-1.0260116958397696,-0.9215747392371387,-0.8448076704197234,-0.9595311355031685,-0.9180958555619342,-0.938669270829721,-0.9738069623903909,-0.957026645397086,-0.9479978902930112,-0.9674192472759677,-0.924824307639024,-0.9572356031824141,-1.0067273712381124,-0.9105492847726586,-0.9502105029939418,-0.9097801932335086,-0.9621330469326995,-0.9272000862812729,-0.9737042672187485,-0.9126335518706291,-0.9188579868510695,-0.8822131261775694,-0.9048204241726643,-0.953362470417207,-0.9212491519670453,-0.9998499887483122,-1.0288342918079665,-0.8851553535961922,-0.9772921773962994,-0.9532575727472612,-1.0002499687578101,-0.9635870484808313,-1.0082162466455298,-0.9711333585043818,-0.8767553820764376,-0.9506313691436865,-0.9357884376289334,-0.8871865643707642,-0.9618211892030659,-0.9187491496594704,-0.9138380600522173,-0.9625487000666513,-1.0171037311896953,-0.9315041599477697,-1.001049449328054,-0.9694843990493092,-0.9793365100924197,-0.9726767191621274,-0.9234175653516669,-0.8947066558375433,-0.8979420916740678,-1.0300970828033638,-1.027277956543408,-0.9975469913743412,-0.9938309715439543,-0.9606768447297978,-0.8850423718670198,-0.9571311299921239,-0.891010662113535,-0.9788258272031853,-0.935895293288731,-1.0032447358446492,-1.0177917272212424,-0.9540964311850245,-0.9597395480024775,-1.007422453591342,-0.9734988443752771,-1.017005408048551,-0.9908077512817509,-0.9368564457802486,-0.9640020746865643,-0.99443451267542,-0.9333273809334001,-0.9670056876771719,-0.9432391001225511,-0.9303225247192503,-1.0156278846112883,-0.9252567211320326,-0.9703092290605093,-0.9444045743218317,-0.9143850392476901,-0.8901123524589467,-1.013755394560246,-0.987471518576612,-1.006628034578811,-0.9486305919587456,-0.9784170889758621,-1.0329085148259742,-1.0165136496870073,-0.966074531286277,-0.9737042672187485,-0.9633794683301071,-0.9472592042308167,-0.951577637400123,-0.9593226777263216,-0.9600520819205591,-0.857846140050767,-0.9916148445843276,-1.0181846590869457,-0.9410100955887775,-0.9783148777362021,-0.9302150289046076,-0.9333273809334002,-0.8534049449118514,-0.9665919511355348,-1.0514276009312291,-0.9211405973031479,-0.8882004278314665,-0.9222255689363639,-0.9723682430026188,-0.9851395840184273,-0.8394641147779933,-0.9091204540653566,-0.8770974860299168,-0.9565040512198576,-0.919945650568554,-0.9693812459502195,-0.9349331526906082,-0.8796021828076599,-0.9192932067626737,-0.93,-0.9008329478876759,-0.9994498486667552,-0.8757282683572571,-0.9453570753953239,-0.9559811713627,-0.931396800509858,-0.9176600677810929,-0.980357077803797,-0.9534673565466204,-0.9999499987499375,-0.9746281342132496,-0.927631392310545,-0.9052623929005335,-0.9058145505565696,-0.9825985955617889,-0.9392017887546851,-0.9999499987499375,-0.9909086738948246,-0.9349331526906082,-1.000649788887201,-0.9839207285142437,-0.995941765365827,-1.042928568982555,-0.9242835062901426,-1.0227903010881558,-0.979438614717635,-0.9557719393244395,-0.9278469701410896,-0.9846319109189993,-0.9692780818733084,-0.9301075206662938,-0.9440868604106298,-0.9435570994910695,-0.9645206063117574,-0.8155366331440912,-0.9487360012142473,-0.9714422267947797,-0.9703092290605093,-0.9213576938409967,-0.8461087400565013,-0.9297849213662265,-0.9476813810558905,-0.8808518604169489,-1.0012492197250393,-0.9252567211320326,-0.8600581375697808,-1.0026464980241043,-0.918531436587774,-0.9801530492734286,-1.019460641712077,-0.8799431799837987,-0.8789197915623472,-0.9625487000666513,-0.88175960442742,-0.923417565351667,-0.9835141076771599,-0.9561903576171431,-0.990807751281751,-0.9863569333664159,-0.9113177272499422,-1.0019481024484251,-0.9827003612495521,-0.94905215873523,-0.972779522810796,-0.9538867857350788,-1.0420652570736633,-0.9714422267947795,-0.9689685237405805,-0.9862555449780751,-0.9071383576941281,-0.9717509969122748,-0.9627564593395362,-0.8661985915481507,-0.9327915093953203,-0.8944830909525344,-1.0354226190305096,-0.8287943049997388,-0.950105257326787,-0.8538735269347563,-0.9837174391053561,-1.0094057657849989,-0.9822932352408826,-0.931611507013519,-0.859709253178073,-0.9655568341635826,-0.9508417323613853,-0.9207062506576134,-0.9458858282054976,-1.0380269746013346,-1.020930947713899,-0.9273079315955408,-0.9539916142189092,-0.9881801455200363,-0.9223339959038701,-1.0136567466356645,-0.9756536270623913,-1.0265963179361204,-0.951472542956443,-0.993529063490344,-0.9159148432032314,-0.9852410872471773,-1.00274622911283,-0.8949301648732152,-0.9572356031824141,-1.0033444074693394,-1.0139526616169021,-0.9896969233053116,-0.8997221793420455,-0.8815327560561774,-0.9855455342093536,-0.9875727821279807,-0.9165696918401787,-1.014248490262618,-0.8926925562588723,-0.9363225939813692,-0.9486305919587456,-0.8905616205518851,-0.9132907532653552,-1.0262066068779716,-0.9569221493935648,-1.0088111815399352,-1.0125709851659783,-0.9799489782636646,-0.9565040512198576,-0.9634832639957998,-0.9065870063044142,-1.0218121158021176,-0.9716480844420988,-0.9229842902238369,-0.9114274518577987,-0.9456743625582751,-0.9158056562393574,-0.9449338601193208,-1.0334892355511014,-0.9867623827447011,-0.9203803561571705,-1.0005498488331304,-0.9606768447297976,-0.97082439194738,-1.0111874208078344,-0.9186402995732333,-0.9923205127376941,-0.8938120607823549,-0.9438749917229505,-1.023474474522936,-0.9822932352408827,-0.9153687781435413,-0.8737848705488097,-0.9422844581123049,-0.9327915093953203,-0.9916148445843275,-1.0224969437607134,-0.9482088377567465,-1.0089103032480142,-1.0104949282406122,-1.0037429949942365,-0.9439809320108115,-0.98726896031426,-0.8867355862939076,-0.9537819457297355,-1.0268885041717042,-0.9588013350011566,-0.9625487000666512,-0.9916148445843275,-0.9682458365518543,-0.9636908217888142,-1.0071246198956711,-0.9114274518577986,-0.8817596044274199,-0.9718538984847466,-0.8823264701911645,-0.9031611151948471,-0.9648315915225827,-0.9970456358662826,-0.9860527369263776,-0.9660745312862771,-0.9971459271340378,-0.8841379982785493,-0.923417565351667,-0.9746281342132496,-0.9383496150156402,-0.9339700209321496,-0.9801530492734285,-0.8794884877018004,-0.9715451610707554,-0.8517628778010932,-0.9521029356114811,-0.9434511116109833,-0.9328987083279728,-0.9627564593395361,-0.9283856957105705,-0.9825985955617889,-0.950946896519464,-0.9645206063117574,-0.9033825324855468,-0.9470480452437459,-0.8534049449118515,-1.009108517454887,-0.9482088377567465,-0.9733961166965893,-0.8627282306729044,-0.9493682109698007,-0.872066511224918,-0.8541077215433661,-0.934826187052973,-0.9828021163998376,-1.00074971896074,-0.9682458365518543,-0.9835141076771599,-1.0216163663528497,-0.8952653238007154,-0.9367496997597599,-0.899388681271896,-0.9704122835166504,-0.974422906134703,-0.96317184344228,-0.9254728521139883,-0.863770802933278,-0.9790301323248433,-0.9871676655968833,-0.9514725429564429,-0.9540964311850244,-0.9621330469326995,-0.9341841360245849,-0.9282779756085997,-0.9909086738948246,-0.9454628496138808,-0.9466255859631093,-0.8870738413458037,-0.9660745312862772,-0.9378166132032424,-0.917442096265481,-0.9404786015641184,-0.9955400544428136,-0.9513674369033239,-0.9500000000000001,-0.95524865872714,-0.9982484660644363,-1.0015488006083377,-0.935681569766125,-1.0157263410978372,-0.918531436587774,-0.9571311299921239,-0.979642792042079,-0.9786214794290998,-0.9262289133902051,-0.9930256794262673,-0.9713392816107047,-1.0405287117614774,-0.9641058033224361,-0.9074690077352504,-1.005832988124768,-0.9597395480024775,-1.0045396955820112,-0.8976079322287654,-0.9117565464530539,-0.8565628990331067,-1.0123734488813898,-0.9267685795278128,-0.8952653238007156,-0.9858498871532116,-0.9365361712181756,-0.9322553298319082,-0.9711333585043818,-0.862496376803984,-0.9748333190858834,-0.95,-0.9346122190513025,-0.9894948206029175,-0.9897979591815697,-0.9832090316916338,-1.0261091559868276,-1.0116817681464858,-0.9252567211320327,-0.9390953093270139,-0.8997221793420455,-0.9841239759298622,-0.918313671900838,-0.9418598621875762,-0.9479978902930111,-0.9596353474106714,-0.8734414691323055,-0.9479978902930111,-0.9352539762011173,-0.8689649014776143,-0.972265395866787,-0.9103296106356202,-0.9459915433025815,-0.9689685237405806,-0.9984487968844472,-0.9458858282054975,-0.8433860326090302,-0.9762684057163789,-0.9619251530134763,-0.9417536832951597,-1.021518477561713,-0.968658866681145,-0.9599479152537391,-0.9609890738192605,-0.9156964562561111,-1.0128672173587216,-1.0070253224224304,-0.9333273809334,-0.9727795228107959,-0.9404786015641184,-0.9325770745627409,-0.9021640649017229,-0.9766780431646859,-0.939946807005588,-0.9452512893405647,-0.9529428104561155,-0.9869650449737316,-0.9560857702110204,-0.9686588666811449,-0.911756546453054,-0.9870663604844409,-0.9975469913743411,-0.976678043164686,-0.9372833082905082,-0.9616132278624291,-0.97205966895042,-0.945568612000208,-0.9236341266973627,-0.9239588735436226,-1.0189700682551965,-0.9431330765061736,-0.912633551870629,-1.006628034578811,-0.9560857702110204,-0.9576533819707421,-0.9759610647971567,-0.8770974860299168,-0.9058145505565695,-0.8990550594930212,-0.9233092656309694,-0.9772921773962995,-0.9156964562561111,-0.9371766108903913,-0.9104394543296112,-0.9434511116109832,-0.8851553535961921,-0.9600520819205591,-0.9957409301620578,-0.9215747392371385,-0.987674035297071,-0.8724104538575864,-0.8762990357178307,-0.889325587172662,-0.9438749917229506,-0.8496469855181032,-0.9316115070135191,-0.9782126558167197,-0.8852683209061533,-0.9563994981178107,-0.9318261640456335,-1.0159232254457027,-0.951262319236918,-0.9664884893261791,-0.9282779756085997,-0.8642337646724988,-0.970103087305674,-0.8656211642514294,-1.03860483341837,-0.9696906723280367,-0.866083136886985,-0.932148056909416,-0.9962429422585637,-0.8893255871726621,-0.9435570994910695,-0.9452512893405647,-0.9058145505565695,-1.0074224535913423,-1.002546757014355,-0.9665919511355348,-0.9659710140578753,-0.9180958555619342,-0.9451454914456293,-1.0512373661547614,-0.9712363255150623,-1.0318430113151904,-1.0505712731652241,-0.9787236586493656,-0.998749217771909,-0.8876373133211559,-0.9760635225229966,-1.0404326023342405,-0.8952653238007156,-1.0163168797181321,-1.0251341375644458,-0.9626525853079085,-0.9414350747661784,-0.9205976319760985,-0.9380298502713014,-0.9477868958790261,-1.0284454287904634,-0.9542012366372201,-0.887862601982987,-0.9502105029939418,-0.9814784765851975,-0.9621330469326995,-0.9793365100924197,-0.9092304438369846,-0.9782126558167197,-1.013064657363981,-0.9531526635329726,-0.9937303457175896,-1.0043405796840035,-0.9424966843443006,-0.9139474820797966,-1.024060545085104,-0.985646995632818,-0.9790301323248431,-0.9478923989567593,-0.922875939658197,-0.9754486147409304,-0.9167878707749139,-0.987471518576612,-1.0448444860360797,-0.9469424480928078,-0.9928242543370907,-0.9215747392371386,-0.9862555449780752,-0.9606768447297979,-0.9170059977993601,-0.9148223871331528,-0.9557719393244395,-0.9792343948207702,-0.9798469268207152,-1.0103959619871805,-0.982395032560731,-0.9542012366372201,-0.9436630754670864,-0.9732933781753578,-0.9888882646689666,-0.9307523838271917,-0.9386692708297208,-0.8792610533851707,-0.9659710140578752,-0.9392017887546851,-0.975551126287085,-0.9287087810503356,-0.8319254774317228,-0.9621330469326994,-0.9238506372785592,-0.9239588735436227,-0.8860586888011427,-0.9446163242290492,-0.9190756225686763,-0.9992497185388645,-0.9681425514871247,-0.9804590761474954,-0.9716480844420988,-0.9716480844420989,-0.8825531145489205,-1.01,-0.9403722667114338,-1.0052362906302181,-0.9214662229295224,-1.0274726273726225,-0.8534049449118515,-0.9370699013414101,-0.914166286842826,-0.9599479152537391,-0.9526279441628824,-0.9276313923105448,-0.9460972465872629,-0.9732933781753578,-0.9866610360199697,-0.9516827202382105,-0.9990495483208028,-0.8901123524589467,-0.8793747778962051,-0.9614052215377239,-0.9772921773962995,-0.895488693395958,-0.9955400544428135,-0.8959352655186645,-0.9990495483208028,-0.8586617494683224,-1.016120071645079,-0.9397340049184131,-0.9444045743218316,-0.9695875411740809,-0.9179869280115049,-0.8606392972668631,-0.8833459118601275,-0.9983486364992943,-0.9454628496138809,-0.9709273917240157,-0.9789279850938986,-0.8727542609463446,-0.9579665964948881,-0.9444045743218316,-0.9792343948207701,-0.9209234495874237,-0.9788258272031853,-0.9891915891272024,-0.9348261870529729,-0.9745255255764212,-1.0132620588969075,-0.9665919511355348,-0.9555626614722866,-0.9733961166965893,-0.9851395840184273,-1.0103959619871805,-0.9555626614722866,-0.962029105588807,-0.9898989847454133,-0.938562730988185,-0.9048204241726642,-0.9419660291114537,-0.9663850164401351,-0.9219002115196633,-0.9473647660748209,-0.9703092290605094,-0.9226592003551474,-0.9502105029939419,-0.993327740476425,-0.9501052573267869,-0.9255808986793104,-0.9977474630386188,-0.9029396436085858,-0.9489467845985886,-0.9406912352095134,-0.9579665964948882,-0.981172767661231,-0.8555115428794634,-1.0236698686588368,-0.9562949335848225,-0.9054832963671943,-0.9571311299921239,-0.9715451610707554,-0.9457801012920498,-0.999749968742185,-0.899944442729661,-0.99443451267542,-1.0184792585025972,-0.9930256794262673,-0.9365361712181756,-0.9685556256612214,-0.971750996912275,-1.0055346836385108,-0.9396275858019496,-0.9610931276416455,-0.9566085928947116,-0.9768827974736785,-0.9114274518577986,-0.95524865872714,-1.0165136496870075,-0.9568176419778223,-0.9393082561119114,-0.9843271813782245,-0.9323625904121207,-0.8984987479123162,-0.9331130692472376,-1.0004498987955368,-0.9080198235721508,-0.9570266453970862,-1.0215184775617128,-0.961405221537724,-0.9598437372822723,-0.9685556256612214,-0.9115371632577577,-0.9674192472759677,-0.9748333190858834,-0.9337558567420073,-0.9983486364992943,-0.9449338601193208,-0.9986490875177327,-1.0081170566953026,-1.0155294185792945,-0.9249324299644812,-0.9006109037758759,-0.9920181449953422,-0.9632756614801393,-0.9685556256612213,-0.9732933781753578,-1.0202450685987168,-0.9988493379884675,-0.9798469268207153,-1.012768482921936,-0.9113177272499422,-0.9050414355155239,-0.91,-0.9194019795497506,-1.0045396955820114,-1.0019481024484251,-0.9403722667114338,-0.9806630410084801,-1.0038426171467318,-0.9401595609256973,-0.9534673565466203,-0.918531436587774,-0.9987492177719091,-0.906697303403953,-0.9463086177352503,-0.9677293009927932,-1.0060318086422517,-0.9479978902930112,-0.8620324819866129,-0.941541289588513,-0.9439809320108113,-0.9195107394696378,-0.980866963456309,-0.9516827202382105,-0.9309672389509741,-0.8888756943465155,-0.8475258108164022,-0.9731906288081489,-0.9203803561571705,-0.9757561170702441,-0.9835141076771599,-0.9953391381835641,-0.8878626019829869,-0.9136191766814005,-0.9636908217888142,-0.9026073343375844,-0.9029396436085858,-1.0279591431569641,-0.9582797086446108,-0.9267685795278128,-0.9221171292194934,-0.9155872432488343,-0.9682458365518543,-0.9591141746424146,-0.9980480950335009,-0.9696906723280367,-0.972265395866787,-0.9600520819205591,-0.9430270409696638,-0.9463086177352503,-0.8642337646724988,-0.9747307320486002,-0.9451454914456292,-0.9006109037758759,-0.9150409826887537,-0.8879752248796134,-0.994836670011716,-0.9477868958790262,-1.0159232254457027,-0.9355746896961248,-0.967212489580237,-0.8996110270555825,-1.0523782589924593,-0.8889881888979179,-0.9743202758846805,-0.9622369770487933,-0.9346122190513027,-1.001548800608338,-1.0249390225764652,-0.8573797291748856,-0.9793365100924197,-0.9791322688993556,-0.9858498871532116,-1.002546757014355,-1.026498904042279,-0.8439786727163194,-0.935467797414748,-0.9226592003551474,-0.9031611151948472,-0.9860527369263776,-0.9214662229295222,-0.9685556256612214,-0.9260129588726067,-0.9702061636580135,-1.0209309477138988,-0.9486305919587456,-0.8803976374343584,-0.9562949335848225,-0.92233399590387,-0.9778036612735708,-0.9337558567420073,-0.9892926766129425,-0.8503528679318957,-1.0146427942877236,-0.9536770941990795,-0.9012768719988326,-0.9209234495874237,-0.9974467404327912,-0.9916148445843275,-0.9675226095549395,-1.0431203190428224,-1.0030453628824572,-0.8818730067305609,-0.8982761268117949,-0.954934552731233,-0.9661780374237452,-0.9139474820797966,-0.8706893820416096,-0.8308429454475736,-0.9458858282054976,-1.0004498987955368,-1.0029456615390486,-0.9637945839233587,-1.037159582706538,-0.9809689087835557,-0.944828026679988,-0.8636550237218562,-0.9567131231461183,-0.9474703161577147,-1.0097029266076236,-0.9340770846134703,-0.891010662113535,-1.007422453591342,-1.041585330157832,-0.9991496384426108,-0.9459915433025815,-1.010692831675381,-0.9884836872705588,-0.9357884376289333,-0.9601562372864116,-0.986154146165801,-0.9366429415737888,-0.9923205127376941,-0.9134002408582997,-0.9630680142129112,-0.9294622100978609,-0.9289241088485108,-1.0097029266076236,-0.9096702699330126,-0.926228913390205,-0.9741149829460586,-0.9159148432032314,-0.9372833082905082,-0.987674035297071,-0.991917335265394,-1.0360984509205677,-0.841961994391671,-0.92233399590387,-1.008612908900139,-0.9026073343375844,-1.0019481024484251,-0.8964931678490361,-0.9469424480928079,-0.9308598175880191,-0.9327915093953203,-0.95524865872714,-1.0151354589413177,-0.9220086767487604,-0.9103296106356203,-0.9686588666811449,-0.9894948206029175,-0.982089608946149,-1.0030453628824572,-0.8798295289429651,-0.8687347120957006,-1.0054352291420865,-0.8981647955692763,-0.9471536306217698,-0.9539916142189091,-0.9531526635329726,-0.9750384607798813,-0.8776673629570603,-0.9249324299644812,-0.9862555449780751,-0.9711333585043818,-0.8974965180990955,-0.9908077512817509,-1.0147413463538382,-0.8340863264674706,-0.9651424765287248,-0.9688653157173086,-0.9719567891629751,-0.9433451118228153,-0.9048204241726642,-0.9580709785814411,-0.9484197383015602,-1.0041414243023739,-0.9505261700763425,-0.9125239722878518,-0.9662815324738439,-0.9696906723280369,-0.8697700845625814,-0.9307523838271917,-1.0071246198956711,-1.0036433629531956,-0.9086803618434812,-0.9485251709891519,-0.9725739046468397,-0.9912113800799506,-0.8673522929006413,-1.028153685010174,-0.9662815324738437,-1.0063299657666962,-0.9463086177352502,-0.9330058949438638,-0.9702061636580134,-0.9494735383358506,-0.9905049217444606,-0.8626123115281858,-0.9886859966642594,-0.8746999485537884,-1.0159232254457025,-1.0053357648069623,-0.8682741502543998,-0.9972462083156797,-0.922225568936364,-0.9535722311393091,-0.9764732459212593,-0.9562949335848224,-0.9886859966642595,-0.9681425514871248,-0.939946807005588,-0.9573400649716902,-0.9294622100978608,-0.9665919511355348,-0.8912350980521356,-0.9543060305792895,-0.9464142856064672,-0.9750384607798813,-1.0219099764656374,-1.0197548725061332,-0.9324698386543128,-1.004937809021036,-0.9582797086446108,-0.9725739046468397,-0.9723682430026187,-0.8820997676000149,-1.0094057657849989,-0.9630680142129111,-0.9191844211038392,-0.9709273917240155,-0.9505261700763424,-0.9328987083279728,-0.9546203433826455,-0.9399468070055881,-0.966798841538404,-0.9171150418567999,-0.9543060305792895,-0.9934284070832683,-0.9979478944313677,-0.9653496775780267,-0.9813765841918178,-0.9137286249209883,-0.9110982383914481,-0.8380334122217323,-0.9508417323613851,-0.9956404973684025,-0.9648315915225828,-0.968039255402383,-0.9149316914393117,-1.0017484714238398,-0.9616132278624292,-0.9307523838271917,-0.8566796367370944,-0.9127431182978045,-0.9521029356114811,-0.9083501527494781,-0.9666954018717582,-1.0044401425669924,-1.0293201639917486,-0.9698969017374991,-0.9644169222903546,-0.9618211892030659,-0.9649352309870336,-1.011582918005242,-0.9530477427705287,-0.914166286842826,-0.9514725429564429,-0.9567131231461184,-0.9581753492967767,-0.9262289133902051,-0.907909687138539,-0.9952386648437649,-0.8565628990331067,-1.0242558274181308,-0.9728823155962903,-0.9525229656024048,-0.996544028129214,-0.9868637190615531,-0.9150409826887537,-0.9430270409696638,-0.9831073186585481,-0.9801530492734286,-0.9660745312862771,-0.9559811713627001,-0.952732911156112,-0.90515192095029,-0.9758585963140357,-0.8871865643707642,-0.8970507232035433,-0.9834124261976762,-0.9688653157173086,-0.9823950325607311,-0.9692780818733084,-0.9831073186585481,-0.923417565351667,-0.9971459271340379,-1.030194156457898,-0.8630758946929291,-0.9135097153287424,-1.001149339509346,-0.9481033698917012,-0.9759610647971567,-0.9871676655968833,-1.0087120500916007,-0.9860527369263775,-0.9857484466130292,-0.9585927185202274,-0.8652745229116595,-1.0139526616169021,-0.908129946648606,-0.9643132271207318,-0.9694843990493092,-0.9317188417113824,-0.952732911156112,-1.0083154268382488,-0.9752435593224904,-0.9213576938409967,-0.9835141076771599,-0.9366429415737889,-0.9495788540189803,-0.9885848471426213,-1.0087120500916007,-0.9085703054799887,-0.9897979591815695,-1.0341663309158735,-1.0247438704378766,-0.978008179924892,-0.9503157370053387,-0.9603645141299214,-0.93888231424391,-0.930859817588019,-0.9580709785814411,-0.9083501527494781,-0.8981647955692763,-1.0004498987955368,-0.9212491519670453,-0.8851553535961922,-0.9233092656309694,-0.9402659198333203,-0.9407975340103736,-0.9506313691436866,-0.9771898484941399,-0.9740123202506219,-0.9673158739522474,-0.9011659114724658,-0.9156964562561111,-0.9635870484808313,-0.792148975887743,-0.9291393867445292,-0.912962211704296,-0.9433451118228153,-0.9757561170702441,-0.9889893831583836,-0.9235258523723091,-0.998548947222919,-0.9881801455200363,-1.0187737727287645,-0.9466255859631093,-0.899944442729661,-0.9073588044428731,-0.9265527507918802,-1.0249390225764652,-0.9786214794290998,-0.9450396817065408,-0.8870738413458036,-0.9432391001225512,-0.9365361712181756,-0.9798469268207152,-1.0161200716450787,-0.939734004918413,-0.9607809323669991,-0.8929165694509202,-0.938562730988185,-0.9427088627991146,-0.9577577981932592,-0.811480129146734,-1.0128672173587216,-0.916351460958076,-0.980357077803797,-1.0306793875885945,-0.9138380600522173,-0.9289241088485108,-0.9558765610684258,-0.9268764750493995,-0.9588013350011565,-0.9768827974736786,-0.982700361249552,-0.8901123524589466,-1.005236290630218,-0.883006228743603,-0.98726896031426,-0.9032718306246464,-0.9444045743218317,-0.9899999999999999,-0.9934284070832683,-0.9606768447297979,-0.9502105029939418,-0.9968450230602548,-0.9957409301620579,-0.9320407716403827,-1.0024470060806208,-0.967212489580237,-0.9552486587271402,-0.9233092656309695,-1.0013490899781154,-0.8889881888979179,-0.889775252521669,-0.935681569766125,-0.8850423718670197,-0.937923237797209,-0.8828929719960398,-0.9007219326740078,-0.9422844581123049,-0.9042676594902639,-0.9020532135079394,-0.880056816347672,-0.9249324299644812,-0.9339700209321495,-0.9416474924301556,-0.9632756614801393,-0.966798841538404,-0.9389888178247918,-1.0414893182361498,-0.9969453345093703,-1.0289314845994362,-0.854107721543366,-0.9575489543621256,-0.9132907532653552,-0.945568612000208,-0.8635392289873113,-0.8941476388158726,-0.9941327879111522,-0.9521029356114811,-1.0235721762533407,-0.9851395840184274,-0.8977193325310534,-0.9590099061010788,-0.9466255859631093,-0.8889881888979178,-0.9701030873056739,-0.9882813364624468,-0.9870663604844407,-0.9216832427683603,-0.9845303448853164,-0.9460972465872628,-1.0099999999999998,-0.9195107394696377,-0.9119758768739445,-0.931289428695505,-0.9383496150156401,-0.966902270139025,-0.9730878685915265,-0.9398404119849284,-1.0084145972763385,-0.9626525853079085,-0.9772921773962995,-0.98726896031426,-0.993931587182941,-0.968039255402383,-0.9748333190858836,-0.9597395480024776,-0.8901123524589466,-1.0288342918079667,-0.9977474630386188,-0.999349788612576,-0.9423905772024677,-0.9054832963671943,-1.0291258426451062,-0.950105257326787,-0.9273079315955406,-1.0002499687578101,-0.9525229656024047,-0.9566085928947117,-0.9584883932526257,-1.0111874208078342,-0.9641058033224362,-0.9315041599477697,-0.9902019995940222,-0.991312261600753,-0.9106591019695571,-0.9569221493935649,-0.903935838431025,-0.9730878685915265,-0.9591141746424144,-0.939946807005588,-0.9163514609580758,-0.9243916918709297,-0.9437690395430441,-0.8484692098125894,-0.9340770846134703,-0.9108786966440702,-0.9565040512198577,-0.9454628496138809,-0.904930936591296,-0.9970456358662827,-0.9487360012142471,-0.9598437372822725,-0.8878626019829869,-0.93,-0.9968450230602548,-0.995339138183564,-0.9928242543370905,-0.9539916142189092,-0.9871676655968833,-0.91,-0.9749358953285082,-0.937923237797209,-0.9932270636667127,-1.0020479030465559,-0.9654532614269838,-0.9659710140578753,-0.8963816151617569,-0.9240670971309389,-0.8802840450672726,-0.8988325761786786,-0.9495788540189803,-0.8792610533851707,-0.9302150289046076,-0.990706818387761,-0.9960421677820674,-0.9198369420718001,-0.9097801932335086,-0.9497894503520241,-1.001548800608338,-0.9846319109189992,-0.9224424101265075,-0.9709273917240155,-0.9105492847726586,-0.9721625378505386,-0.9732933781753579,-0.932577074562741,-0.8618004409374597,-0.9651424765287248,-0.9371766108903914,-0.9842255838983256,-1.0004498987955368,-0.9296773633901172,-0.9808669634563089,-0.951262319236918,-0.9404786015641184,-0.9845303448853164,-0.9957409301620578,-0.9644169222903546,-0.996343314324937,-0.9858498871532115,-0.9337558567420072,-0.9463086177352502,-0.9726767191621274,-0.9804590761474953,-0.9154780172128657,-0.9130717386930779,-0.9365361712181756,-0.9855455342093535,-0.9535722311393091,-0.9876740352970711,-1.0029456615390486,-0.9462029380635002,-1.0078194282707593,-0.9905049217444606,-0.9465199416811036,-0.8504704580407247,-0.9741149829460586,-0.9641058033224362,-0.9753460924205316,-1.0263040485158383,-0.9832090316916338,-0.9807650075323855,-0.8697700845625814,-0.9769851585361979,-0.9595311355031685,-0.9721625378505387,-0.9877752780870758,-0.8944830909525344,-0.9958413528268446,-0.9671090941563936,-0.9044888059008801,-0.9855455342093535,-0.8958236433584459,-1.035905401086412,-0.9074690077352504,-0.9482088377567465,-0.992622788374315,-0.9289241088485108,-0.9968450230602548,-0.9743202758846806,-0.9602603813549739,-0.9759610647971567,-1.0095048291117779,-0.9172240729505523,-0.9780081799248921,-0.9897979591815695,-0.9940321926376431,-0.9497894503520241,-0.927523584605804,-0.9779059259458447,-0.9539916142189092,-0.9473647660748208,-0.9236341266973628,-0.9510520490488414,-0.9274157643689264,-0.9964436762808022,-0.9813765841918178,-0.9410100955887774,-0.9120855223058855,-0.9646242791885347,-0.9595311355031685,-0.8475258108164022,-0.95,-0.917551088495894,-0.967212489580237,-0.9997499687421851,-0.9222255689363639,-0.8896628574915332,-0.9816822296446035,-0.9449338601193208,-0.9244998647917695,-1.029805806936434,-0.9881801455200363,-0.937709976485267,-0.8567963585356791,-1.022399139279763,-0.9888882646689665,-0.9215747392371387,-0.9706183596038146,-0.9893937537704591,-0.9661780374237453,-0.9230926280715278,-0.9860527369263775,-0.9150409826887537,-1.0190682018393076,-0.9278469701410896,-0.876184911990614,-0.9622369770487933,-0.9762684057163789,-0.9355746896961248,-1.0191663259743229,-0.9577577981932593,-0.9205976319760986,-0.9566085928947116,-0.980866963456309,-0.9255808986793105,-0.9650388593212194,-0.9994498486667552,-0.9752435593224905,-0.9521029356114811,-0.8544588931013591,-0.9160240171523888,-0.9211405973031479,-0.9268764750493995,-0.9938309715439542,-0.9481033698917012,-0.9148223871331528,-0.9621330469326996,-0.9777013859047148,-0.9188579868510695,-0.8974965180990955,-1.0166120203892928,-0.9388823142439099,-0.9758585963140356,-0.9237423883312922,-0.9192932067626737,-0.9983486364992943,-0.8577295611088614,-0.981580358401695,-0.9536770941990795,-0.9366429415737888,-0.8945948803788226,-0.910768905925098,-0.99,-0.9266606714434362,-0.8576129663198895,-1.0389898940798221,-0.9412226091632097,-0.9905049217444606,-0.972779522810796,-0.9073588044428731,-1.004838295448576,-0.9464142856064675,-0.9751410154434077,-0.9490521587352299,-0.9797448647479607,-0.9523129737644027,-0.9950376877284598,-0.9563994981178106,-1.0093066927351666,-0.9998499887483122,-0.9858498871532116,-0.9570266453970862,-1.0121758740456126,-0.9356815697661252,-0.9232009532057471,-0.9821914273704491,-1.0242558274181308,-1.0304853225543777,-0.9994498486667553,-0.9164605828948673,-0.9526279441628825,-0.9860527369263776,-0.9430270409696638,-1.0070253224224304,-0.917986928011505,-0.9941327879111523,-0.9462029380635002,-0.9389888178247917,-0.9915139938498095,-0.8997221793420456,-0.9402659198333203,-0.9754486147409305,-0.9376033276391462,-0.8587782018658834,-0.9905049217444607,-0.9746281342132496,-0.9742176348229383,-0.957131129992124,-0.9495788540189805,-0.9457801012920497,-0.9513674369033239,-0.9718538984847465,-0.96317184344228,-1.0177917272212424,-0.9567131231461184,-0.9082400563727632,-0.9162423260251623,-0.9346122190513027,-0.9257969539807311,-0.9197282207261014,-0.9892926766129425,-0.9676259607927021,-0.9476813810558905,-0.9780081799248921,-0.9967447015158897,-1.007323185477233,-0.8822131261775694,-1.005236290630218,-1.0089103032480142,-0.982700361249552,-0.9556673061269806,-0.9291393867445293,-0.9731906288081489,-0.9793365100924197,-0.9610931276416455,-0.9584883932526256,-0.9600520819205591,-0.916351460958076,-0.9690717207719973,-0.9559811713627,-0.9465199416811036,-0.9200543462209175,-0.9107689059250981,-0.8974965180990955,-1.005832988124768,-1.0056341282991543,-1.0050373127401788,-0.9806630410084801,-0.9396275858019495,-0.9205976319760985,-0.8895504482602434,-0.954515583948214,-0.8935882720806042,-0.9385627309881849,-1.0568348972285122,-0.976165969494942,-0.8986100377805715,-0.9337558567420072,-1.0195587280779856,-0.9459915433025815,-0.9544108130150245,-0.9431330765061735,-0.9445104552094699,-0.8898876333560323,-1.0041414243023739,-0.9730878685915265,-0.8667756341753039,-1.0675673280875544,-1.0428326807307104,-0.9465199416811038,-1.0255242561733975,-0.9407975340103736,-1.0302912209661887,-0.9465199416811036,-0.9297849213662265,-0.966385016440135,-0.9048204241726642,-0.9789279850938986,-0.9576533819707421,-0.8507055894961547,-0.8826664149042944,-1.0099009852455834,-0.8972736483370054,-0.9790301323248433,-1.0034440691936946,-0.8914594774862175,-0.8753856293085922,-0.8947066558375432,-0.9846319109189992,-0.8917959407846617,-0.9406912352095135,-0.8853812738024224,-0.9532575727472612,-0.9467312184564318,-0.9973464794142506,-0.9424966843443005,-0.9269843580125827,-0.9410100955887775,-0.9773944955850734,-0.9053728513711905,-0.9459915433025815,-0.9947361459201128,-0.8688498144098323,-0.9326842981416595,-0.9465199416811036,-0.9679359482941008,-0.9787236586493657,-0.9538867857350788,-0.9470480452437459,-0.9838190890605854,-0.9553533377761341,-0.9991496384426108,-1.0057335631269346,-0.9043782394551518,-0.9562949335848224,-0.9584883932526258,-0.8737848705488097,-0.9059249417032296,-0.9139474820797966,-0.9791322688993556,-0.9666954018717582,-0.9641058033224362,-0.9266606714434363,-1.0160216533125659,-0.9956404973684025,-1.0061312041677268,-0.8923564310296643,-0.9385627309881849,-0.8801704380402696,-1.0258167477673583,-1.001548800608338,-0.9957409301620579,-0.9973464794142505,-0.9904039579888602,-1.0004498987955368,-0.8992774877644831,-0.9447221813845592,-0.9876740352970711,-0.8825531145489205,-0.9459915433025816,-0.9862555449780753,-1.020441081101697,-0.8803976374343584,-0.9675226095549395,-0.9330058949438637,-1.033392471426031,-0.9794386147176349,-1.003942229413625,-1.0119782606360672,-0.8648121183239745,-0.896381615161757,-0.9576533819707421,-0.9180958555619342,-0.9105492847726584,-0.9903029839397638,-0.9249324299644813,-0.935147047260483,-0.9523129737644028,-0.950420959364849,-0.9574445153636841,-0.970103087305674,-0.9580709785814411,-0.9284934033152847,-0.9142756695876796,-1.0393748120865733,-0.9863569333664158,-0.9250405396521819,-0.9396275858019495,-0.9664884893261793,-0.9845303448853164,-0.9679359482941008,-1.0003499387714283,-0.9613012014972206,-0.9194019795497507,-0.9454628496138809,-0.9092304438369847,-0.9600520819205592,-0.9923205127376941,-0.907909687138539,-0.8950418984606252,-0.9505261700763424,-0.968658866681145,-1.014051280754578,-0.8728688332160794,-0.8954886933959579,-0.9580709785814411,-0.9464142856064675,-0.9844287683728061,-0.9551439682058407,-0.9279547402756235,-0.9875727821279806,-0.9394147114027969,-0.9938309715439543,-0.9254728521139883,-0.9472592042308167,-0.9153687781435415,-0.9751410154434076,-1.0278618584226191,-0.8539906322671226,-0.9775990998359195,-0.9581753492967767,-0.9917156850630124,-0.8969392398596462,-0.9713392816107047,-0.959218431849597,-0.9896969233053117,-0.9928242543370905,-0.9513674369033239,-0.9993497886125758,-0.9327915093953203,-0.9613012014972206,-0.9177690341256889,-0.9595311355031686,-0.9560857702110204,-0.9256889326334198,-0.995339138183564,-0.8879752248796134,-1.0154309429990795,-0.9845303448853164,-0.9866610360199698,-0.9567131231461186,-0.9621330469326995,-0.9585927185202275,-0.9528378665859161,-1.0082162466455298,-0.9579665964948882,-0.9203803561571705,-0.9623408959407264,-0.9129622117042961,-0.9017205775626949,-0.9155872432488343,-0.9517877914745493,-1.0261091559868276,-0.9374966666607407,-0.9400531899844817,-0.9604686356149273,-0.9725739046468398,-1.016316879718132,-0.9371766108903914,-0.910439454329611,-0.994736145920113,-0.9388823142439101,-0.9626525853079085,-0.8482334584299303,-0.9584883932526257,-0.9040464589831654,-0.952732911156112,-0.8917959407846618,-0.9576533819707421,-0.9807650075323854,-0.9649352309870337,-0.9262289133902051,-1.0157263410978374,-0.9384561790515313,-0.908350152749478,-0.9097801932335084,-0.9139474820797965,-0.9158056562393574,-0.9158056562393574,-0.9228759396581969,-0.9060353193998566,-0.9464142856064672,-0.8937001734362593,-0.8867355862939075,-0.8680437776978762,-1.0174969287422937,-0.9449338601193207,-0.9251486367065566,-0.8590110593001699,-1.026498904042279,-0.9020532135079393,-0.9652460826131335,-0.9773944955850733,-0.9361089680160104,-1.021518477561713,-0.9453570753953238,-0.9414350747661785,-0.9131812525451889,-0.8872992730753249,-0.8999444427296609,-0.9502105029939418,-0.982191427370449,-1.0062305898749053,-0.990706818387761,-0.9684523736353792,-1.0279591431569641,-0.9438749917229506,-0.9080198235721508,-0.9716480844420988,-0.9085703054799887,-1.0095048291117779,-0.9843271813782246,-0.9565040512198576,-0.9867623827447011,-0.9404786015641184,-0.9107689059250981,-0.9146037393319578,-1.0020479030465559,-0.9180958555619343,-0.9632756614801393,-0.9156964562561111,-0.9341841360245848,-0.9404786015641184,-1.0081170566953026,-0.944828026679988,-0.8997221793420456,-0.9977474630386189,-0.9365361712181758,-0.9750384607798812,-0.9433451118228154,-0.9897979591815697,-0.9858498871532115,-0.9328987083279728,-0.892468486838611,-0.948841398759561,-0.9436630754670864,-1.0219099764656374,-0.8934763567101258,-1.0174969287422935,-0.9984487968844471,-0.9764732459212592,-0.9598437372822725,-0.9131812525451889,-0.9226592003551474,-0.9371766108903913,-0.9438749917229506,-0.9798469268207153,-0.9024965373894794,-0.9574445153636841,-0.8250454532933322,-0.9387757985802573,-0.935467797414748,-0.9577577981932593,-0.8807383266328314,-0.8806247782114696,-0.8961584681293817,-0.920814856526544,-0.966798841538404,-0.9723682430026188,-0.976985158536198,-0.9731906288081489,-0.9013878188659973,-0.9336487562247379,-0.9374966666607407,-0.9331130692472376,-0.9468368391650169,-0.9125239722878519,-0.9851395840184273,-0.9876740352970711,-1.0079186475108,-0.9267685795278129,-0.9811727676612312,-0.9733961166965892,-0.9724710792614863,-1.0071246198956711,-0.9392017887546851,-1.009108517454887,-0.9288164511893617,-0.8947066558375433,-0.9602603813549739,-0.890337014843256,-1.0145442326483356,-1.0120770721639731,-0.9242835062901426,-0.9123047736365298,-0.9335416434203672,-0.9636908217888143,-0.8940357934669059,-0.9177690341256889,-0.9380298502713014,-0.9092304438369846,-0.9580709785814411,-0.8725250712730265,-0.9087904048789247,-1.0284454287904634,-0.9581753492967766,-0.9059249417032296,-0.9195107394696377,-1.0119782606360672,-0.8962700485902672,-0.9635870484808314,-0.9065870063044142,-0.9677293009927931,-0.8915716460273958,-0.9466255859631092,-0.9514725429564429,-0.9966443698732261,-0.9098901032542337,-0.8963816151617569,-0.9505261700763427,-0.8882004278314664,-0.9171150418568,-0.9366429415737889,-0.9788258272031853,-0.9115371632577578,-0.9505261700763427,-0.9696906723280367,-0.9953391381835641,-0.9467312184564319,-0.9674192472759676,-0.9991496384426108,-1.0119782606360672,-0.9764732459212593,-0.9409038208021051,-0.9458858282054975,-0.9498947310097051,-0.8849293757131131,-0.9404786015641187,-0.8837986195961159,-0.9411163583744574,-0.9290317540321213,-0.9265527507918802,-0.9679359482941007,-1.0144456614328834,-0.9729850975220534,-0.9522079604792222,-1.0264014809030626,-0.9879777325425912,-0.9044888059008801,-0.9298924669014155,-0.9445104552094699,-0.9396275858019495,-0.9785192895390463,-0.9459915433025815,-0.9602603813549739,-0.9838190890605855,-0.960572745813663,-0.9998499887483122,-0.9682458365518543,-0.9851395840184273,-0.9188579868510695,-0.9629641737884126,-0.9737042672187485,-1.0416813332300816,-0.9834124261976762,-0.9267685795278129,-1.0095048291117779,-0.957131129992124,-0.916351460958076,-0.8733269719870103,-0.9528378665859161,-0.982191427370449,-0.9315041599477696,-0.9333273809334002,-0.9575489543621255,-0.9788258272031853,-0.9677293009927931,-0.9051519209502901,-0.917769034125689,-0.8934763567101258,-0.9878765105011861,-0.9748333190858836,-0.9054832963671942,-0.9636908217888142,-0.9538867857350788,-0.8983874442577657,-0.9449338601193208,-0.941541289588513,-0.9555626614722867,-1.0079186475107997,-0.9019423484901904,-0.9986490875177326,-0.9485251709891521,-0.8722958213817146,-0.9722653958667871,-0.9426027795418386,-0.9544108130150245,-0.9558765610684258,-0.9837174391053561,-0.9023857268374761,-0.9355746896961248,-0.9881801455200362,-0.979642792042079,-1.0210288928331068,-0.9048204241726642,-0.9372833082905083,-0.9636908217888143,-1.0061312041677268,-0.9582797086446107,-0.9593226777263217,-0.918313671900838,-0.9777013859047148,-0.9487360012142473,-0.9881801455200363,-0.9263368717696603,-1.0038426171467318,-0.9760635225229964,-0.9280624978954812,-0.9546203433826455,-0.9625487000666512,-0.9732933781753578,-1.027277956543408,-0.980866963456309,-0.918313671900838,-0.9822932352408825,-0.9423905772024675,-0.8926925562588723,-0.8880878334939626,-1.0206370559606388,-1.00174847142384,-0.9091204540653565,-0.9748333190858836,-1.017005408048551,-1.0104949282406122,-0.9637945839233587,-0.9741149829460586,-0.85901105930017,-0.9656603957913984,-0.9028288874421332,-0.8884255736976508,-0.9486305919587454,-1.0296115772464876,-0.8828929719960398,-0.9619251530134764,-0.9725739046468398,-0.9709273917240155,-0.9964436762808021,-1.0166120203892928,-0.9543060305792895,-0.957026645397086,-0.9370699013414101,-1.018479258502597,-0.9964436762808022,-1.0262066068779716,-0.9964436762808022,-0.9559811713627,-0.9938309715439543,-0.9251486367065566,-0.9783148777362021,-0.9816822296446035,-0.926444817568753,-0.9625487000666512,-1.0573079021741962,-1.0156278846112883,-0.9630680142129111,-0.9397340049184131,-1.0128672173587216,-0.9565040512198576,-1.0340696301506973,-0.9877752780870758,-0.8689649014776143,-0.9676259607927021,-0.935040106091712,-0.9138380600522173,-0.9504209593648489,-0.895377015563835,-0.9905049217444606,-0.9802550688468793,-0.9384561790515314,-0.9226592003551474,-0.8681589716175258,-0.9615092303249096,-0.950946896519464,-0.8969392398596463,-0.9750384607798813,-1.0279591431569641,-0.9514725429564428,-1.0072239075796403,-0.9544108130150245,-0.9382430388763884,-0.9685556256612213,-0.8807383266328315,-0.9655568341635825,-0.999749968742185,-0.9945350672550465,-1.0012492197250393,-0.9771898484941398,-0.9774968030638259,-0.9856469956328179,-0.9577577981932593,-0.9989494481704267,-0.9505261700763424,-0.9834124261976762,-0.8614522621712709,-0.9421783270697751,-0.9198369420718,-0.9399468070055879,-0.8870738413458037,-0.8959352655186646,-0.8964931678490361,-0.9650388593212194,-0.9052623929005336,-0.9257969539807311,-0.9766780431646859,-0.9435570994910695,-0.9156964562561111,-0.8981647955692763,-0.8818730067305609,-0.9417536832951596,-0.9237423883312924,-0.9381364506296512,-0.9208148565265442,-0.9884836872705589,-0.898276126811795,-0.9579665964948882,-1.00772019926168,-0.9124143795447329,-0.8862843787408193,-0.9283856957105706,-0.970103087305674,-0.8807383266328315,-0.9134002408582996,-0.9539916142189092,-0.9475758544834286,-0.9760635225229966,-0.9109884741312593,-0.9022749026765625,-0.932577074562741,-0.859709253178073,-0.9318261640456336,-0.9543060305792896,-1.0263040485158381,-0.9546203433826456,-0.9372833082905083,-0.9427088627991147,-0.935147047260483,-0.9345052166788583,-0.8394641147779933,-0.9486305919587456,-0.9317188417113824,-0.9188579868510693,-0.982089608946149,-0.937923237797209,-1.0175952043912155,-0.9467312184564318,-0.9033825324855468,-0.9432391001225512,-0.9753460924205315,-0.9646242791885347,-0.9771898484941398,-0.9023857268374762,-0.9791322688993557,-0.9238506372785593,-1.0067273712381122,-0.8801704380402695,-0.8331266410336425,-0.9806630410084801,-0.9627564593395361,-0.8772114910328068,-0.9196194865269004,-0.896827742657418,-0.9904039579888603,-1.0288342918079665,-0.9688653157173086,-0.9565040512198576,-0.9675226095549395,-0.9230926280715279,-0.9328987083279728,-0.9200543462209175,-0.9707213812418062,-0.9481033698917013,-0.9635870484808314,-0.9884836872705589,-1.054371850914088,-0.9525229656024048,-0.9376033276391461,-0.8922443611477744,-0.9677293009927931,-0.9229842902238369,-0.9255808986793105,-0.9949371839468057,-0.931933474020544,-0.9794386147176352,-1.0115829180052418,-0.9918165152889924,-0.9397340049184131,-1.0161200716450787,-0.9622369770487933,-1.0545615202537972,-0.9362157870918435,-0.9596353474106714,-0.9481033698917012,-0.9554580053565933,-0.9107689059250981,-0.9707213812418062,-0.9049309365912959,-0.9974467404327912,-0.8813058492941029,-0.9944345126754199,-0.9643132271207318,-0.9120855223058856,-0.966902270139025,-0.9678326301587481,-0.9852410872471772,-0.9332202312423366,-0.9789279850938986,-0.8941476388158726,-0.9268764750493995,-0.960780932366999,-0.9679359482941007,-0.9870663604844409,-0.995941765365827,-0.8813058492941028,-0.8579627031520658,-0.9546203433826456,-0.944828026679988,-0.9306449376641985,-0.9761659694949419,-0.9576533819707421,-0.9574445153636841,-0.9463086177352502,-0.9311820445004296,-0.8915716460273959,-0.9814784765851975,-0.9629641737884125,-0.9966443698732261,-0.9670056876771719,-0.9383496150156401,-1.007422453591342,-0.978417088975862,-0.9266606714434362,-0.9582797086446108,-0.9415412895885129,-0.875728268357257,-0.9305374790947434,-0.9400531899844817,-0.9864583113340372,-0.9865596788841514,-0.9989494481704267,-0.9346122190513025,-0.9688653157173086,-0.9265527507918802,-0.9855455342093535,-0.91,-0.8740137298692738,-0.9423905772024677,-0.9676259607927022,-0.9290317540321213,-0.9362157870918435,-0.9237423883312923,-0.9154780172128657,-1.0124722218411721,-0.8814193099768124,-0.8785783971849068,-0.9168969407736073,-0.9608850087289321,-0.8756140702387096,-0.9276313923105448,-1.0013490899781154,-0.9433451118228153,-0.9898989847454133,-0.9606768447297978,-0.9398404119849285,-0.9922197337283712,-0.8851553535961922,-0.9473647660748208,-0.9140568910084318,-0.9252567211320327,-0.9263368717696603,-0.9532575727472612,-0.895377015563835,-0.9085703054799887,-1.004041831797859,-0.919945650568554,-0.993327740476425,-0.8735559512704381,-0.8851553535961922,-1.0060318086422517,-0.912633551870629,-0.9398404119849284,-0.9702061636580134,-0.8966047066572872,-1.021322671832952,-0.9357884376289334,-0.9860527369263776,-0.9044888059008801,-0.9610931276416453,-0.9751410154434075,-0.9706183596038146,-0.9935290634903441,-0.9489467845985885,-0.9048204241726642,-0.9546203433826455,-1.015332457867865,-0.8886506625215558,-0.9638983348880731,-0.9703092290605094,-0.9389888178247918,-0.9214662229295222,-0.9282779756085997,-0.9226592003551474,-0.9265527507918802,-0.9514725429564429,-0.9724710792614863,-0.9307523838271917,-0.8811923740024081,-1.0044401425669924,-0.955353337776134,-0.8724104538575864,-0.9563994981178106,-0.9431330765061736,-0.9876740352970711,-0.9240670971309388,-0.9447221813845591,-0.9128526715741154,-0.9524179754708538,-0.9838190890605854,-0.9575489543621256,-0.9805610638812863,-1.0217142457654196,-0.9537819457297355,-0.9327915093953204,-0.9462029380635002,-0.9767804256842988,-0.8980534505250788,-0.9851395840184273,-0.9606768447297978,-0.908350152749478,-0.9490521587352299,-0.9379232377972091,-1.0163168797181321,-0.8674675786448736,-0.95,-1.0607073111843814,-1.0466613587975817,-1.0038426171467318,-0.9575489543621256,-0.8920201791439475,-0.9210320298447824,-1.0300970828033638,-0.8944830909525344,-0.9240670971309388,-0.9723682430026188,-0.9638983348880732,-1.0112863096077194,-0.9731906288081487,-0.9331130692472376,-0.955353337776134,-0.8870738413458036,-0.9120855223058856,-0.9491575211733825,-0.9563994981178107,-1.00074971896074,-0.982191427370449,-0.9134002408582997,-0.9716480844420988,-0.935467797414748,-0.9881801455200362,-0.984733466477097,-0.9691749068150702,-1.0072239075796405,-1.0470434565957614,-0.9654532614269838,-0.9251486367065566,-0.9296773633901172,-0.9878765105011861,-0.8961584681293817,-0.9970456358662827,-0.9484197383015601,-0.9397340049184131,-0.8711486669908873,-0.9618211892030661,-0.9578622030334009,-0.9757561170702441,-0.9156964562561111,-0.8928045698807775,-0.9598437372822725,-1.0019481024484251,-0.9516827202382104,-0.9604686356149273,-0.9588013350011565,-0.9282779756085996,-0.9810708435174292,-0.954515583948214,-0.9572356031824141,-0.9601562372864116,-0.9556673061269806,-0.8824397996464123,-0.9433451118228154,-0.8962700485902672,-0.9535722311393092,-0.8949301648732152,-1.017005408048551,-0.9284934033152847,-0.9569221493935649,-0.9102197536858888,-1.0348429832588129,-0.9910095862301233,-0.9127431182978045,-0.97205966895042,-0.9036038955205982,-1.0276672613253766,-0.9932270636667127,-0.9887871358386495,-0.9763708311906906,-0.9635870484808313,-0.9241753080449617,-0.9137286249209883,-0.978417088975862,-0.9366429415737888,-0.9757561170702441,-1.0247438704378766,-1.004738772019872,-0.9574445153636841,-0.8808518604169489,-0.9055937278934744,-0.993931587182941,-0.9619251530134765,-0.9912113800799505,-0.8794884877018004,-0.9988493379884675,-0.9885848471426214,-0.9561903576171431,-0.9836157786453,-0.9698969017374992,-0.9892926766129425,-0.932148056909416,-0.9738069623903908,-0.9573400649716902,-0.9226592003551474,-0.9379232377972091,-0.9813765841918178,-0.9510520490488414,-0.9465199416811038,-0.908350152749478,-0.9351470472604829,-1.0417773274553443,-0.951892851112981,-0.9256889326334198,-0.9777013859047148,-0.9263368717696603,-0.8599418584997476,-0.9057041459549581,-0.8675828490697589,-0.9281702430050212,-0.9934284070832684,-0.9558765610684259,-0.9380298502713015,-0.9603645141299214,-0.9981482855768475,-0.9032718306246466,-0.9140568910084317,-0.9835141076771599,-0.9116468614545876,-1.0265963179361204,-1.014248490262618,-0.982191427370449,-0.9239588735436227,-0.9061456836513652,-0.8814193099768123,-0.9577577981932592,-0.9858498871532115,-0.9584883932526256,-0.9866610360199698,-0.9195107394696378,-0.9704122835166504,-1.022692524662227,-0.9441927769264071,-0.9189668111526118,-0.9433451118228154,-0.9371766108903915,-0.986154146165801,-0.954934552731233,-0.8947066558375433,-0.8398214095865859,-0.9674192472759677,-0.954725091322104,-0.9360021367496978,-1.0132620588969075,-0.9464142856064675,-0.954829827770373,-0.9536770941990795,-0.9117565464530539,-0.9365361712181758,-0.9879777325425914,-0.9219002115196634,-0.9854440623394105,-0.9412226091632097,-0.903935838431025,-1.010099005048515,-1.0097029266076234,-0.9936297097007516,-1.013064657363981,-1.0479026672358458,-0.94905215873523,-0.9540964311850244,-0.9430270409696638,-1.0235721762533407,-0.9615092303249095,-0.9356815697661252,-0.9339700209321496,-0.950420959364849,-0.9382430388763884,-0.9032718306246464,-0.9995498987044118,-0.9764732459212593,-0.9405849243954529,-0.9255808986793104,-0.9349331526906081,-0.9947361459201128,-0.9651424765287246,-0.9525229656024048,-0.926444817568753,-0.9240670971309388,-0.8783507272155013,-0.9477868958790262,-0.9396275858019495,-0.8882004278314665,-0.9325770745627409,-0.8948184173339304,-0.8471717653463199,-0.9918165152889924,-0.9928242543370905,-0.9412226091632097,-0.9751410154434075,-0.9848350115628506,-0.98726896031426,-1.0414893182361498,-0.9242835062901426,-0.8958236433584459,-0.8865100112237876,-0.966385016440135,-0.9627564593395362,-0.967212489580237,-0.9189668111526118,-0.9453570753953238,-0.9956404973684025,-0.9737042672187486,-0.9415412895885129,-1.000949549178179,-0.9486305919587456,-0.9165696918401786,-0.9901010049484851,-0.9075791976461338,-0.982496819333274,-0.9975469913743411,-0.9032718306246464,-1.0138540328863914,-0.9064766957842877,-0.9318261640456336,-0.975551126287085,-0.9119758768739447,-0.9670056876771719,-0.9330058949438637,-1.0167103815738285,-0.9813765841918177,-0.9756536270623916,-0.942814934120159,-0.9381364506296512,-1.0154309429990795,-1.0318430113151902,-0.8615683373940805,-0.9048204241726642,-0.9398404119849285,-0.9196194865269004,-0.9394147114027969,-0.9713392816107048,-0.9606768447297979,-0.957131129992124,-0.9580709785814411,-0.8697700845625814,-1.0157263410978372,-0.9982484660644363,-0.9048204241726642,-1.0113851887386922,-0.99,-0.9648315915225827,-0.9638983348880731,-1.0071246198956711,-1.0428326807307104,-0.9663850164401351,-0.9894948206029176,-0.97205966895042,-0.9664884893261793,-0.9801530492734285,-0.9768827974736785,-0.9641058033224362,-0.9602603813549739,-0.9306449376641984,-0.9380298502713014,-0.9168969407736073,-0.9028288874421332,-0.9498947310097051,-0.9132907532653552,-0.9266606714434362,-0.9793365100924196,-1.023474474522936,-0.8368392916205596,-0.9781104232140664,-0.8814193099768124,-1.0264014809030626,-0.935467797414748,-0.9331130692472375,-0.9937303457175894,-1.0416813332300814,-0.9687620966986683,-0.9779059259458448,-0.9446163242290492,-0.988382517044894,-0.9041570660012562,-0.9799489782636646,-0.9370699013414101,-0.9448280266799879,-0.9817840903172143,-0.9319334740205439,-0.9326842981416595,-0.8649277426467485,-0.9865596788841514,-0.9092304438369847,-0.9307523838271917,-0.9695875411740807,-1.0094057657849989,-0.8587782018658834,-0.9823950325607311,-0.9941327879111521,-0.9811727676612311,-0.9259049627256568,-0.9389888178247918,-0.9215747392371386,-0.9822932352408826,-0.9673158739522474,-1.004738772019872,-0.9575489543621255,-0.9324698386543128,-0.9124143795447329,-0.9569221493935649,-0.919945650568554,-0.9202716990106781,-0.954725091322104,-0.8788060081724521,-0.9082400563727632,-0.8948184173339304,-1.0206370559606386,-0.9807650075323855,-0.940584924395453,-0.9297849213662265,-1.027375296568883,-1.0069260151570225,-1.0599528291391085,-0.9643132271207319,-0.9865596788841514,-0.9935290634903441,-0.9882813364624469,-0.9225508116087698,-0.9688653157173086,-0.9975469913743412,-0.9591141746424146,-0.9876740352970711,-1.005136806608931,-0.976575649911465,-0.9191844211038392,-1.0171037311896953,-0.9477868958790262,-0.9773944955850734,-0.8891006692158093,-0.8808518604169489,-1.0158247880417173,-1.002347245219939,-0.9176600677810929,-0.9875727821279807,-0.9470480452437458,-0.9207062506576135,-0.9410100955887774,-0.8981647955692763,-0.9890904913100723,-0.9293546147730692,-0.9867623827447011,-0.9582797086446108,-0.8813058492941028,-0.908129946648606,-1.0065286881157436,-0.9781104232140664,-0.9167878707749137,-0.9818859404228172,-0.8922443611477744,-0.9611971701997463,-0.9447221813845592,-0.9458858282054976,-0.857496355677387,-0.9420721840708386,-0.9305374790947435,-0.9758585963140356,-0.9934284070832685,-0.9951381813597546,-0.9068075870878011,-1.028153685010174,-0.951262319236918,-1.0353260356042437,-0.9389888178247918,-0.9307523838271917,-0.9819877799647,-0.934826187052973,-0.9786214794290998,-0.9488413987595609,-1.0385085459446157,-0.9608850087289322,-0.9703092290605094,-0.9600520819205591,-0.9372833082905082,-0.9593226777263216,-0.8826664149042943,-0.9487360012142473,-1.010099005048515,-0.9239588735436227,-0.9999499987499375,-0.9491575211733826,-0.9397340049184131,-0.895377015563835,-0.9048204241726643,-1.063437821407533,-0.9463086177352503,-0.9304300081145277,-0.993931587182941,-0.9684523736353792,-0.9434511116109832,-0.8368392916205596,-1.0053357648069625,-0.9754486147409304,-0.9000555538409837,-0.9365361712181757,-1.00980196078241,-0.9517877914745493,-0.8833459118601273,-0.9843271813782245,-0.8746999485537883,-1.008910303248014,-0.9412226091632097,-0.907909687138539,-0.9406912352095134,-0.8980534505250787,-0.9648315915225827,-0.9208148565265442,-0.9718538984847466,-0.9695875411740809,-0.9270922284217467,-0.9319334740205442,-0.9549345527312331,-0.9903029839397638,-0.8884255736976508,-0.9650388593212192,-0.9521029356114811,-0.9430270409696638,-0.932577074562741,-0.9598437372822726,-1.016316879718132,-0.9390953093270139,-0.9923205127376942,-1.0314552825983296,-0.9404786015641184,-0.9751410154434076,-0.9977474630386188,-1.0396634070698074,-0.8394641147779934,-0.8607554821202129,-0.9526279441628824,-0.9925220400575495,-0.9670056876771719,-0.9317188417113824,-0.9355746896961247,-0.9586970324351692,-0.939095309327014,-1.026985881110349,-0.9745255255764214,-0.8915716460273958,-0.950420959364849,-0.899499861033897,-0.8836854644046149,-0.9381364506296512,-0.8943712875534412,-1.0115829180052418,-0.8789197915623472,-0.8833459118601275,-0.9398404119849284,-1.0343597053249898,-0.9495788540189803,-0.9628603221651623,-0.9905049217444606,-0.9101098834756163,-0.8537564055396598,-0.9577577981932593,-0.954725091322104,-0.9531526635329726,-0.9334345183246654,-0.9942333730065593,-0.966798841538404,-0.9644169222903546,-1.0297086966710536,-0.9432391001225512,-0.9514725429564428,-0.9544108130150244,-0.9731906288081488,-0.9418598621875762,-1.0032447358446492,-0.9579665964948881,-0.9514725429564428,-0.9695875411740809,-0.9785192895390463,-0.9723682430026189,-0.872066511224918,-0.9898989847454134,-0.9209234495874237,-0.998749217771909,-0.9239588735436226,-0.9165696918401786,-0.9325770745627409,-0.9538867857350788,-0.8702298546935746,-0.8869611039949835,-0.9485251709891519,-0.9765756499114648,-0.9862555449780751,-0.9896969233053117,-0.9861541461658011,-1.0037429949942367,-1.00980196078241,-0.9423905772024677,-0.9226592003551475,-0.9116468614545876,-0.9124143795447329,-0.9784170889758621,-0.9686588666811449,-0.8844772467395642,-0.9268764750493995,-0.9330058949438638,-0.9420721840708386,-0.9354677974147481,-0.9906058752097123,-0.8969392398596462,-0.9652460826131334,-0.98726896031426,-0.9471536306217698,-0.8870738413458036,-0.9476813810558906,-0.9402659198333203,-0.9868637190615531,-0.9583840566286566,-1.0090094152187083,-0.9485251709891521,-0.962029105588807,-0.9600520819205591,-0.9649352309870337,-0.9511571899533748,-0.9674192472759677,-0.884929375713113,-0.9716480844420988,-0.8938120607823549,-0.9973464794142505,-0.9822932352408826,-0.9091204540653565,-0.9824968193332739,-1.023474474522936,-0.9578622030334009,-1.0177917272212424,-0.9626525853079085,-0.930859817588019,-0.9895958771134811,-0.9575489543621255,-0.9239588735436226,-0.9779059259458447,-0.9360021367496978,-0.9470480452437458,-0.9250405396521819,-0.9203803561571704,-0.9086803618434812,-1.0005498488331304,-0.9577577981932593,-0.9842255838983256,-0.9525229656024047,-0.9155872432488343,-0.9777013859047148,-0.990706818387761,-0.9379232377972091,-0.9034932207825358,-0.995238664843765,-1.0102969860392539,-0.9973464794142505,-0.9876740352970711,-0.9659710140578753,-0.9562949335848224,-0.9743202758846805,-1.035615758860399,-0.9931263766510282,-1.0029456615390486,-1.0135580891098448,-0.869079973305104,-1.027861858422619,-0.942178327069775,-0.9170059977993601,-0.8951536181013849,-0.9819877799647001,-0.8745856161634492,-0.9676259607927021,-0.948525170989152,-0.9798469268207153,-0.912633551870629,-0.9481033698917012,-0.8697700845625814,-0.9517877914745493,-0.9161331780914825,-0.8905616205518851,-1.0313583276436953,-0.9365361712181757,-0.9492628719169417,-0.950946896519464,-0.8857200460642177,-0.9586970324351692,-0.9093404203047393,-0.9160240171523888,-0.8937001734362593,-1.0190682018393078,-0.9342911751697112,-1.0387011119662866,-0.9854440623394105,-0.9560857702110203,-0.9665919511355349,-0.9759610647971567,-0.8509406559801923,-0.9732933781753578,-0.8964931678490361,-0.9313968005098578,-1.0084145972763385,-0.9037145567047153,-0.9778036612735708,-0.9575489543621256,-1.0001499887516871,-0.9050414355155239,-1.0088111815399352,-0.9967447015158898,-0.841843215806839,-0.8907861696277058,-0.867928568489366,-0.9689685237405806,-0.967212489580237,-0.9216832427683601,-0.8764131445842195,-0.9428149341201592,-0.9508417323613851,-0.893364427319557,-0.9551439682058407,-0.874128137060008,-0.9474703161577147,-0.927200086281273,-0.9345052166788583,-0.9505261700763427,-1.0178899744078433,-0.9207062506576134,-0.9684523736353792,-0.9030503861911583,-0.9089004345911602,-0.9397340049184131,-0.9575489543621255,-0.8835722947218299,-0.9498947310097052,-0.9097801932335084,-0.93888231424391,-0.9202716990106781,-0.9371766108903915,-0.9477868958790262,-0.9793365100924196,-0.9393082561119113,-0.9387757985802574,-0.948841398759561,-0.8882004278314664,-0.9107689059250981,-0.9291393867445293,-0.9546203433826456,-0.9927235264664578,-0.9664884893261791,-1.0155294185792945,-0.9095603333479314,-0.9753460924205315,-1.0204410811016968,-0.9496841580230767,-0.9875727821279807,-0.9611971701997463,-0.9663850164401351,-0.9471536306217699,-0.9753460924205315,-0.9383496150156401,-0.9524179754708539,-0.9917156850630124,-0.9955400544428135,-1.0324243313676795,-0.9366429415737888,-0.9590099061010788,-0.9112079894294167,-0.9423905772024677,-0.8728688332160796,-0.9633794683301071,-0.9409038208021052,-0.9598437372822725,-0.9414350747661786,-1.0265963179361204,-0.9563994981178107,-1.0139526616169023,-0.953362470417207,-0.9721625378505386,-0.899944442729661,-1.01,-0.9364293886887576,-0.922767576370128,-0.8826664149042944,-0.9464142856064675,-0.9502105029939418,-0.9484197383015602,-0.968039255402383,-0.9486305919587456,-0.9617172141539322,-1.0181846590869457,-1.0169070754006975,-0.9327915093953204,-0.9394147114027968,-0.9232009532057471,-0.9843271813782245,-0.9784170889758621,-0.8508231308562315,-0.8819863944528851,-0.9137286249209883,-0.9012768719988326,-0.9659710140578753,-0.9068075870878012,-0.9862555449780751,-0.9588013350011565,-0.901720577562695,-0.9173330910852393,-0.9259049627256569,-1.0070253224224304,-0.9086803618434812,-1.0412012293500232,-0.9113177272499422,-0.9534673565466203,-0.9645206063117574,-0.9686588666811449,-0.8811923740024081,-0.9779059259458449,-0.9505261700763424,-0.9898989847454134,-0.9228759396581971,-0.9845303448853164,-0.9800510190801294,-0.9007219326740078,-0.9991496384426107,-0.9116468614545876,-0.9049309365912959,-0.9069178573608526,-0.9797448647479607,-1.0436953578511308,-0.9880789442144793,-0.954515583948214,-0.8941476388158726,-1.02230132544177,-0.9236341266973628,-0.9281702430050212,-0.9214662229295223,-0.9905049217444606,-0.9540964311850243,-0.9818859404228172,-0.9502105029939418,-0.9538867857350788,-0.8809653795694812,-0.9251486367065566,-0.9126335518706289,-0.9870663604844407,-0.9721625378505386,-0.9363225939813692,-0.9767804256842989,-0.9767804256842988,-1.0187737727287645,-0.9312894286955049,-0.9994498486667553,-0.9579665964948884,-0.9164605828948674,-0.994836670011716,-0.982496819333274,-1.0159232254457027,-0.9886859966642594,-0.9981482855768475,-0.9743202758846804,-0.9958413528268446,-0.9618211892030659,-1.0315522284402279,-0.9871676655968834,-0.949894731009705,-0.9434511116109833,-0.9990495483208027,-1.0005498488331304,-0.9531526635329726,-0.9980480950335009,-0.9947361459201128,-0.9489467845985886,-0.9753460924205315,-1.0406248123122954,-0.9249324299644812,-0.9367496997597597,-1.02435345462394,-1.022985825903761,-0.993327740476425,-0.9616132278624292,-0.982191427370449,-0.9263368717696603,-0.9630680142129112,-1.0043405796840035,-0.9494735383358508,-0.9345052166788583,-0.9560857702110204,-0.9698969017374991,-0.9556673061269805,-0.9318261640456336,-0.9423905772024675,-0.8816461875378354,-1.0019481024484251,-0.9885848471426213,-0.9760635225229963,-0.9908077512817509,-0.9633794683301071,-0.9808669634563089,-0.9274157643689265,-0.9567131231461183,-0.9396275858019496,-0.8874119674649424,-0.9316115070135191,-0.9951381813597546,-0.9583840566286567,-0.9806630410084801,-0.9563994981178106,-1.0102969860392537,-0.951262319236918,-0.9810708435174291,-0.9733961166965893,-0.9236341266973628,-0.8931405264570632,-0.976575649911465,-0.9120855223058855,-0.9513674369033239,-0.9531526635329726,-0.9638983348880732,-0.9447221813845591,-0.9786214794290998,-0.9725739046468397,-0.8752713864853575,-1.0453229166147655,-0.9794386147176352,-1.0217142457654196,-0.904599358832406,-0.9979478944313676,-0.9952386648437651,-0.951577637400123,-0.9506313691436865,-0.9117565464530539,-0.9743202758846806,-0.9266606714434361,-0.951892851112981,-0.9059249417032296,-0.9605727458136629,-0.9394147114027968,-0.9650388593212192,-0.9481033698917012,-0.9524179754708538,-0.9884836872705588,-0.8814193099768124,-0.9352539762011173,-1.02435345462394,-0.9530477427705287,-0.8966047066572872,-0.9908077512817509,-1.010099005048515,-1.0117806086301515,-0.9263368717696603,-0.9497894503520241,-0.9955400544428135,-0.8805112151472008,-1.014347080638575,-0.9460972465872629,-0.9040464589831653,-0.8882004278314665,-0.9341841360245848,-0.9195107394696377,-0.9260129588726068,-0.9131812525451889,-0.9709273917240155,-1.0455142275454696,-0.8824397996464122,-0.9383496150156402,-1.0057335631269348,-0.9233092656309695,-0.9309672389509741,-0.9247161726713771,-0.8395832299420946,-0.9744229061347028,-0.982496819333274,-0.8917959407846618,-0.9083501527494782,-0.9023857268374761,-0.9642095207992918,-0.9867623827447011,-0.935681569766125,-0.9788258272031853,-0.972265395866787,-1.01316336293808,-0.919945650568554,-0.9570266453970862,-0.9214662229295223,-0.9601562372864116,-0.9724710792614865,-0.9619251530134765,-0.9879777325425912,-1.0148398888494676,-0.9360021367496978,-0.9479978902930112,-0.899388681271896,-0.9423905772024677,-0.954725091322104,-0.9988493379884676,-0.9442986815621423,-0.8770974860299168,-0.8915716460273959,-1.0174969287422937,-0.9817840903172144,-0.935147047260483,-0.9610931276416453,-0.9411163583744573,-0.8487048957087499,-0.9647279409242795,-0.9366429415737888,-0.9345052166788584,-0.9773944955850734,-0.9118662182579197,-0.9529428104561154,-0.9973464794142506,-0.9530477427705287,-0.995339138183564,-0.9038252043398657,-1.0494284158531253,-0.9588013350011566,-1.0329085148259742,-0.9060353193998566,-0.996343314324937,-0.8140638795573724,-0.8627282306729044,-0.8941476388158726,-0.9753460924205315,-0.9073588044428731,-0.8978307190111062,-0.9226592003551474,-0.9604686356149273,-0.9187491496594704,-0.9292470069900683,-0.9655568341635825,-0.9471536306217699,-1.0145442326483356,-0.9957409301620578,-0.9903029839397638,-0.9965440281292142,-0.9976472322419382,-0.967005687677172,-0.8976079322287654,-1.0020479030465559,-0.984022357469585,-0.9692780818733084,-0.9450396817065408,-0.9619251530134764,-0.9027181176868003,-0.9076893741803966,-0.9213576938409967,-0.9514725429564429,-0.9301075206662938,-0.9565040512198576,-0.9007219326740078,-0.9020532135079393,-0.8976079322287654,-0.9617172141539321,-0.9607809323669991,-0.9690717207719972,-1.0203430795570674,-0.9140568910084317,-0.9593226777263217,-1.0103959619871805,-0.9472592042308167,-0.9239588735436226,-0.9362157870918434,-1.0103959619871805,-0.9967447015158897,-0.9543060305792896,-0.8744712688247683,-0.9768827974736786,-0.9317188417113824,-0.9951381813597547,-0.9756536270623914,-0.993327740476425,-1.0078194282707593,-0.9190756225686763,-0.9684523736353792,-0.8888756943465155,-0.9691749068150701,-0.9692780818733083,-0.8951536181013848,-0.9601562372864116,-0.955353337776134,-0.9120855223058855,-0.8650433515148244,-0.9759610647971567,-0.9384561790515313,-0.9747307320486003,-1.0000499987500624,-0.9693812459502196,-0.9689685237405805,-0.935147047260483,-0.941541289588513,-1.0022474744293448,-0.9449338601193209,-0.9946356116689167,-0.9189668111526118,-0.9909086738948246,-0.9370699013414101,-0.9986490875177326,-0.9662815324738437,-0.9479978902930112,-0.9705153270299238,-0.9679359482941008,-0.9756536270623913,-0.9416474924301557,-0.9039358384310249,-0.896493167849036,-0.994032192637643,-0.9582797086446108,-0.9149316914393119,-0.9075791976461338,-0.916351460958076,-0.9007219326740079,-0.8960468737739113,-0.9326842981416595,-0.9368564457802486,-1.0109896141899777,-0.9855455342093535,-0.9309672389509739,-0.9729850975220536,-0.9658674857349739,-0.9431330765061737,-0.8828929719960398,-1.0071246198956711,-0.9938309715439542,-0.9301075206662938,-0.8837986195961162,-0.9787236586493656,-0.9149316914393119,-0.9341841360245848,-0.903603895520598,-0.9557719393244395,-0.8710338684574785,-0.9755511262870851,-0.9290317540321215,-1.0051368066089312,-0.9703092290605093,-0.9209234495874237,-0.986863719061553,-0.952732911156112,-0.9767804256842989,-0.8951536181013848,-0.9431330765061736,-0.9511571899533747,-0.9979478944313676,-0.9861541461658011,-0.8962700485902673,-0.940584924395453,-0.9991496384426108,-0.8579627031520659,-0.9941327879111521,-0.9755511262870851,-0.9121951545584969,-0.898943824718764,-0.9557719393244394,-0.9198369420718001,-1.0283481900601565,-1.0299029080452196,-0.9210320298447824,-0.9915139938498095,-0.9362157870918436,-0.8903370148432558,-0.950946896519464,-0.889325587172662,-0.9373899935459094,-0.9644169222903546,-0.9174420962654809,-0.9100000000000001,-0.9171150418567999,-1.010099005048515,-0.9736015612148534,-0.9641058033224362,-0.8556284240252893,-0.9494735383358506,-0.940584924395453,-0.9527329111561121,-0.9026073343375846,-0.9726767191621274,-0.9582797086446108,-0.9675226095549395,-1.023474474522936,-0.9662815324738437,-0.9623408959407265,-0.931933474020544,-0.9460972465872628,-0.9844287683728062,-0.962548700066651,-0.9092304438369847,-1.027861858422619,-0.8906739021662193,-0.8851553535961921,-0.8856071363759442,-1.0065286881157438,-0.9084602357836032,-0.9715451610707554,-0.9681425514871248,-0.8712634503983281,-0.899388681271896,-0.910768905925098,-0.9886859966642595,-0.9906058752097123,-0.9235258523723091,-0.9250405396521819,-0.9812746812182612,-0.9159148432032314,-0.9276313923105448,-0.9064766957842876,-0.9415412895885129,-0.9970456358662828,-0.894035793466906,-0.9044888059008801,-0.951577637400123,-0.9660745312862771,-0.9190756225686764,-0.9599479152537392,-0.9640020746865641,-0.9558765610684259,-0.9594269122762817,-0.9036038955205982,-1.0306793875885945,-0.9891915891272024,-1.0036433629531958,-0.9304300081145277,-0.9484197383015603,-0.9703092290605093,-0.9644169222903546,-0.932577074562741,-0.9123047736365298,-0.9661780374237452,-0.9787236586493657,-0.9550392662084632,-1.0031450543166727,-0.9168969407736073,-1.0350362312499017,-0.9160240171523889,-0.9130717386930777,-0.951367436903324,-0.9235258523723091,-1.0108906963663282,-0.9500000000000001,-0.8751571287488893,-0.8966047066572872,-0.9934284070832684,-0.9706183596038146,-0.9315041599477697,-0.9233092656309694,-0.9937303457175896,-0.9140568910084317,-0.9551439682058406,-0.9335416434203673,-0.9431330765061736,-0.8698850498772813,-0.970103087305674,-0.9313968005098578,-0.9449338601193208,-0.8402975663418286,-0.9831073186585481,-0.967212489580237,-0.9472592042308167,-0.9400531899844816,-0.9554580053565934,-0.9398404119849284,-0.8968277426574179,-1.0379306335203715,-0.9957409301620578,-0.970103087305674,-0.9932270636667127,-0.8866228059327146,-1.0152339631828715,-0.9151502608861564,-0.9182047701901794,-0.9711333585043818,-0.9304300081145277,-0.8974965180990955,-0.987876510501186,-0.9102197536858887,-0.8992774877644831,-0.9263368717696603,-0.9567131231461184,-0.9719567891629751,-1.023474474522936,-0.9377099764852669,-0.8719518335321051,-0.9311820445004295,-1.0157263410978372,-0.8843641783790205,-0.883685464404615,-0.9938309715439542,-0.9772921773962995,-0.8817596044274199,-0.9994498486667552,-0.8472897969408105,-0.8997221793420455,-0.9652460826131334,-0.9830055951010656,-0.9913122616007531,-1.0060318086422517,-0.9920181449953424,-0.9504209593648489,-0.97205966895042,-0.99443451267542,-0.9568176419778223,-0.9297849213662265,-0.9812746812182611,-0.981580358401695,-0.9502105029939418,-0.9404786015641186,-0.8551608035919326,-0.9537819457297355,-1.005236290630218,-1.022399139279763,-0.9706183596038146,-0.9316115070135191,-0.9921189444819607,-0.9936297097007517,-0.9753460924205315,-0.9419660291114537,-0.9471536306217698,-1.0175952043912158,-1.0090094152187083,-0.9371766108903914,-0.9360021367496978,-0.9053728513711905,-0.887299273075325,-0.9882813364624469,-0.983717439105356,-0.8974965180990955,-0.9165696918401786,-0.948314293892062,-0.9641058033224362,-0.9174420962654809,-0.9463086177352502,-0.8869611039949834,-0.9703092290605093,-0.9775990998359194,-0.9411163583744574,-0.9594269122762819,-0.9522079604792222,-0.9306449376641984,-0.8569130644353603,-0.9371766108903913,-1.0033444074693396,-0.952732911156112,-0.9072485877641254,-0.8889881888979179,-0.9651424765287248,-0.9337558567420072,-1.0123734488813896,-0.8914594774862176,-0.972779522810796,-0.9694843990493092,-0.9858498871532115,-0.9732933781753578,-0.9469424480928078,-0.9767804256842989,-0.9208148565265442,-0.9651424765287249,-0.9394147114027969,-0.9098901032542336,-0.9810708435174292,-0.9981482855768474,-1.0167103815738285,-0.92255081160877,-0.9366429415737888,-0.9991496384426108,-0.9753460924205316,-1.008612908900139,-1.0453229166147655,-0.9588013350011565,-0.9140568910084318,-0.9116468614545875,-0.9456743625582751,-0.9444045743218317,-0.9698969017374991,-0.9998499887483121,-0.8990550594930212,-0.9094503834734471,-0.9706183596038146,-0.9610931276416453,-0.9357884376289334,-1.0183810681665286,-0.929569792968769,-0.8865100112237876,-0.9736015612148534,-0.9909086738948246,-0.9679359482941007,-0.9914131328563285,-0.9431330765061736,-0.9577577981932593,-0.9974467404327911,-0.920814856526544,-1.0346496991735898,-0.9819877799647001,-1.0144456614328832,-0.9381364506296512,-0.9656603957913983,-0.9466255859631093,-0.9659710140578754,-0.893364427319557,-0.9892926766129424,-0.938562730988185,-1.0167103815738285,-1.0126697388586272,-0.9176600677810929,-0.9369631796394136,-0.9081299466486061,-0.9301075206662938,-0.8705745229444748,-0.9090104509850259,-0.8833459118601275,-0.8990550594930212,-0.9648315915225828,-0.9595311355031686,-0.9287087810503355,-1.0034440691936946,-0.9453570753953239,-0.9543060305792895,-0.9762684057163787,-0.9667988415384039,-0.9188579868510695,-0.9192932067626737,-0.8840248865275231,-1.0012492197250393,-0.9817840903172144,-1.0036433629531958,-0.9642095207992919,-0.9986490875177326,-0.9703092290605093,-0.9355746896961248,-0.9411163583744574,-0.8868483523128405,-0.9393082561119114,-0.9691749068150701,-0.8870738413458037,-1.005236290630218,-0.9383496150156401,-0.9236341266973628,-0.9780081799248921,-0.986863719061553,-0.9009439494219382,-1.0144456614328832,-0.9725739046468397,-0.9853425800197616,-0.9731906288081488,-1.0479026672358458,-0.9942333730065592,-0.9787236586493656,-1.0173003489628814,-0.9239588735436226,-0.9551439682058407,-1.0046392387319938,-0.9540964311850244,-0.926120942425988,-0.9611971701997463,-0.8990550594930212,-0.8823264701911646,-0.9034932207825359,-1.014051280754578,-0.9788258272031853,-0.8897752525216691,-0.8959352655186645,-0.9662815324738439,-0.8984987479123162,-1.0148398888494676,-0.9736015612148533,-0.9890904913100722,-0.9114274518577987,-0.9226592003551474,-1.0349396117648604,-1.0050373127401788,-0.9965440281292142,-0.8853812738024224,-1.0057335631269348,-0.9688653157173086,-0.9319334740205439,-0.9232009532057471,-0.9288164511893617,-0.9448280266799879,-0.9974467404327912,-0.9624448036121345,-0.9418598621875762,-0.9249324299644812,-0.917877987534291,-0.9505261700763424,-0.9942333730065592,-0.9468368391650168,-0.9705153270299238,-0.9748333190858836,-0.9161331780914825,-0.9892926766129425,-0.9148223871331529,-0.8402975663418286,-1.0274726273726225,-0.917551088495894,-0.9671090941563936,-0.9708243919473799,-0.8859458222713169,-0.8865100112237877,-0.9890904913100722,-0.9655568341635825,-0.9099999999999999,-0.9881801455200362,-0.9224424101265076,-0.9502105029939418,-0.9567131231461186,-1.0262066068779716,-0.9210320298447823,-0.961405221537724,-0.9976472322419384,-0.9757561170702441,-0.9673158739522474,-0.9777013859047148,-0.9385627309881849,-0.9434511116109833,-0.9345052166788583,-0.8963816151617569,-0.8558621384311844,-1.0043405796840033,-1.0090094152187083,-0.8851553535961922,-0.9774968030638259,-0.939946807005588,-0.9770875088752287,-0.9788258272031853,-0.9918165152889923,-0.9491575211733825,-0.9884836872705588,-0.9942333730065592,-0.8970507232035433,-0.9034932207825358,-0.9552486587271399,-0.9727795228107959,-0.9640020746865643,-0.944192776926407,-0.927200086281273,-1.0009495491781792,-0.9802550688468793,-0.9238506372785592,-0.8756140702387097,-0.9430270409696638,-0.9187491496594704,-0.9323625904121208,-0.9514725429564429,-0.9878765105011861,-0.9835141076771599,-0.9511571899533746,-0.9568176419778223,-0.9869650449737316,-1.0174969287422935,-1.0149384217774002,-0.8637708029332782,-0.9215747392371386,-0.9601562372864116,-1.0114840582035882,-0.9339700209321496,-0.8819863944528851,-0.9615092303249095,-0.8900000000000001,-1.0185774393731681,-0.9638983348880732,-0.9823950325607311,-0.910659101969557,-0.8815327560561775,-0.8666602563865496,-0.9927235264664579,-0.9517877914745493,-1.0123734488813898,-0.9251486367065566,-0.9548298277703728,-0.9917156850630123,-0.9777013859047148,-0.995238664843765,-0.9838190890605855,-0.8820997676000146,-0.9442986815621421,-0.9398404119849285,-0.8966047066572872,-1.0347463457292323,-0.953362470417207,-0.9503157370053387,-0.9840223574695852,-0.9138380600522173,-0.9993497886125757,-1.014051280754578,-0.9293546147730692,-0.9908077512817509,-1.0103959619871805,-0.960572745813663,-0.9816822296446035,-0.9638983348880732,-0.9875727821279807,-0.8859458222713169,-0.9921189444819608,-0.9503157370053387,-0.9207062506576135,-0.9590099061010788,-0.8988325761786786,-0.9417536832951597,-0.9091204540653565,-0.9424966843443005,-1.0193625459079807,-0.9741149829460586,-0.9282779756085997,-0.970103087305674,-0.9943339479269527,-0.9024965373894794,-0.9958413528268446,-0.9449338601193208,-0.9255808986793105,-0.9621330469326995,-0.9418598621875762,-0.9444045743218317,-0.9780081799248921,-0.9438749917229505,-0.9970456358662827,-0.9750384607798812,-0.9500000000000002,-0.9950376877284598,-0.9819877799647,-0.9205976319760986,-0.9328987083279728,-0.91,-0.8785783971849069,-0.9869650449737316,-0.954515583948214,-0.9793365100924197,-1.0105938848023968,-0.9320407716403827,-0.9809689087835557,-0.917551088495894,-0.9402659198333203,-0.9014987520790032,-0.9994498486667552,-0.9505261700763424,-0.9537819457297355,-0.9745255255764212,-0.9986490875177326,-0.9986490875177326,-0.9781104232140664,-0.8734414691323056,-0.9306449376641984,-0.9426027795418386,-0.8939239341241512,-0.9871676655968833,-1.0067273712381124,-0.8724104538575864,-0.893364427319557,-0.9207062506576134,-0.9556673061269806,-0.994836670011716,-0.9432391001225512,-0.9650388593212192,-0.9817840903172144,-0.8901123524589466,-0.886171540955813,-1.0101980003939823,-0.9731906288081488,-1.0473299384625647,-0.9585927185202275,-0.9914131328563285,-0.9545155839482141,-0.9768827974736785,-0.9611971701997463,-0.9503157370053388,-0.9003888049059695,-1.03435970532499,-1.005236290630218,-1.0169070754006975,-0.9403722667114338,-0.9296773633901172,-0.9662815324738437,-0.9150409826887537,-0.9237423883312923,-1.0485704554296769,-0.9695875411740809,-0.8943712875534411,-0.9737042672187486,-0.9732933781753578,-0.9810708435174292,-0.9951381813597546,-0.9064766957842877,-1.008612908900139,-0.9665919511355348,-0.8852683209061533,-0.9812746812182612,-1.0002499687578101,-0.9260129588726067,-0.9403722667114337,-0.9384561790515314,-1.011879439459069,-0.9846319109189993,-0.9171150418567999,-0.9208148565265443,-1.0027462291128297,-0.8825531145489205,-0.9622369770487933,-0.9691749068150702,-1.0114840582035884,-0.9454628496138808,-0.9818859404228171,-0.8612200647918046,-0.982089608946149,-1.0041414243023739,-0.9442986815621423,-0.8321658488546619,-1.0173986436004325,-0.9194019795497506,-1.025426740435415,-0.9764732459212594,-0.9026073343375844,-0.9379232377972091,-0.960260381354974,-0.9549345527312331,-0.9733961166965892,-0.9430270409696638,-0.9421783270697751,-0.976575649911465,-0.9844287683728061,-0.9577577981932595,-0.9827003612495518,-0.9044888059008801,-0.9628603221651623,-0.9074690077352504,-0.9956404973684024,-0.9697937925146768,-0.9736015612148535,-0.9432391001225512,-0.9925220400575496,-0.9182047701901793,-0.9004998611882181,-0.930967238950974,-0.9636908217888143,-0.9911104882907859,-0.9835141076771599,-0.93,-1.00074971896074,-0.9697937925146768,-0.9774968030638259,-0.9197282207261013,-1.0063299657666962,-0.885607136375944,-0.9345052166788583,-0.97,-0.9596353474106715,-1.0139526616169021,-0.9737042672187486,-0.9922197337283712,-0.8810788840960837,-0.9243916918709298,-0.9955400544428133,-0.9875727821279806,-0.9731906288081487,-0.8798295289429653,-0.9540964311850244,-0.9384561790515313,-0.9256889326334199,-0.8794884877018005,-0.8815327560561774,-0.9446163242290492,-0.9463086177352502,-0.9994498486667552,-0.9175510884958941,-0.8619164692706597,-1.0461835403025608,-0.9428149341201592,-0.90515192095029,-0.9162423260251624,-1.0011493395093463,-1.0132620588969072,-0.9012768719988326,-0.9463086177352502,-0.9895958771134812,-0.8757282683572571,-0.9509468965194638,-0.935147047260483,-0.9222255689363639,-0.9786214794290997,-0.9586970324351692,-0.9475758544834287,-0.9581753492967766,-0.9140568910084317,-0.9828021163998377,-1.0041414243023739,-0.9589056262218927,-0.9693812459502195,-1.0189700682551965,-0.9819877799646999,-0.9768827974736785,-1.0282509421342634,-0.8919080670113934,-0.9645206063117574,-0.8786922100485471,-0.9544108130150244,-0.9317188417113824,-1.0104949282406122,-0.9146037393319578,-0.9822932352408826,-0.9280624978954812,-0.9331130692472376,-0.9675226095549396,-0.9163514609580758,-0.9485251709891519,-0.9656603957913984,-0.9931263766510283,-0.9453570753953238,-0.9747307320486003,-0.9497894503520241,-0.9275235846058039,-0.950420959364849,-0.9854440623394105,-0.9257969539807311,-1.0357123152690615,-0.9246080250571049,-0.9427088627991146,-0.9831073186585481,-0.9463086177352503,-0.9182047701901793,-0.9883825170448939,-0.910659101969557,-0.9686588666811449,-1.0218121158021176,-0.9686588666811449,-0.875728268357257,-0.9000555538409838,-1.0072239075796405,-0.9658674857349739,-0.9925220400575496,-0.9866610360199698,-0.9364293886887575,-0.9752435593224904,-0.9647279409242795,-0.9551439682058407,-0.9335416434203672,-0.9346122190513027,-0.9478923989567593,-0.9632756614801394,-1.0019481024484251,-1.0102969860392539,-1.0021476937058726,-0.9927235264664579,-0.981172767661231,-0.900166651237425,-0.9819877799646999,-0.9301075206662938,-1.0114840582035882,-0.9781104232140663,-0.9326842981416595,-0.9806630410084802,-0.8928045698807774,-0.9549345527312331,-0.8590110593001699,-0.8888756943465155,-0.8874119674649424,-0.9162423260251623,-0.8783507272155012,-0.9559811713627,-0.9230926280715279,-0.9772921773962994,-1.006628034578811,-0.9349331526906083,-1.0068266980965492,-0.9912113800799505,-0.9892926766129425,-0.9261209424259879,-0.9059249417032296,-0.905704145954958,-0.9065870063044142,-0.9101098834756164,-0.9998499887483122,-0.9531526635329726,-0.9596353474106714,-0.9689685237405806,-0.9908077512817509,-0.974422906134703,-1.0138540328863914,-0.9971459271340379,-1.015332457867865,-0.9822932352408825,-0.9862555449780752,-0.9712363255150623,-1.0140512807545778,-0.9680392554023829,-0.9625487000666512,-1.0064293318460071,-0.9936297097007516,-0.9240670971309389,-0.9132907532653551,-0.955353337776134,-0.9857484466130292,-0.8714929718592113,-0.875956619930462,-0.94905215873523,-0.9691749068150702,-0.8891006692158093,-0.9406912352095134,-0.9869650449737316,-1.015036945140422,-0.9978476837674175,-0.9728823155962905,-0.9353608929178086,-0.881873006730561,-1.0360019305001318,-0.9758585963140357,-0.9412226091632095,-0.9597395480024776,-1.0332956982393762,-0.9389888178247918,-1.0016486409914407,-0.8997221793420456,-0.9671090941563936,-0.9634832639957998,-0.841130192063036,-0.9053728513711906,-0.9014987520790033,-0.931074647920348,-0.9719567891629751,-1.0087120500916007,-0.9325770745627409,-0.9913122616007531,-0.8594765849050223,-0.9566085928947117,-0.955353337776134,-0.9758585963140356,-0.8545759182190895,-0.9748333190858834,-1.0112863096077194,-0.9914131328563285,-0.9186402995732335,-0.9685556256612213,-0.9272000862812729,-0.9522079604792223,-0.9941327879111522,-0.9057041459549581,-0.9876740352970711,-0.9427088627991146,-0.9239588735436226,-1.014347080638575,-0.9498947310097051,-0.9774968030638259,-0.9256889326334199,-0.9828021163998377,-0.9403722667114339,-0.9814784765851974,-0.908129946648606,-0.9219002115196633,-0.9315041599477697,-1.0045396955820112,-0.8967162315916892,-1.0110885223361998,-0.9239588735436226,-0.9557719393244395,-1.000949549178179,-0.9119758768739444,-0.9976472322419382,-0.9973464794142504,-0.8938120607823549,-0.9666954018717582,-0.9522079604792223,-0.9723682430026188,-1.0247438704378766,-0.9215747392371386,-0.9569221493935649,-1.0132620588969075,-0.9270922284217467,-0.9630680142129111,-0.9558765610684258,-0.9619251530134764,-0.9967447015158897,-0.9867623827447011,-1.0062305898749053,-0.9688653157173086,-0.911756546453054,-0.8996110270555825,-1.0093066927351664,-0.9024965373894793,-0.9259049627256569,-0.9745255255764214,-0.9510520490488416,-0.9247161726713771,-1.0016486409914407,-0.9517877914745493,-0.97205966895042,-0.9479978902930111,-0.941541289588513,-0.9514725429564428,-0.8666602563865498,-0.9797448647479607,-0.9082400563727632,-1.0310674080776678,-1.0134594219799824,-0.9595311355031685,-0.9563994981178107,-0.9226592003551474,-0.8671216754296943,-0.988382517044894,-0.9153687781435415,-0.9881801455200362,-0.94905215873523,-0.9409038208021051,-0.9942333730065592,-0.8471717653463199,-1.0144456614328832,-0.9766780431646859,-0.9287087810503354,-0.8992774877644831,-0.9031611151948473,-0.9877752780870758,-0.9809689087835557,-0.9089004345911603,-0.976985158536198,-1.0134594219799824,-0.9422844581123049,-0.9003888049059696,-0.9099999999999999,-0.9355746896961247,-0.9939315871829408,-0.9981482855768475,-0.9570266453970862,-0.9748333190858836,-0.9710303805751909,-0.9452512893405648,-0.9719567891629751,-1.0078194282707593,-1.0164152694642086,-0.9326842981416594,-0.9660745312862771,-0.9877752780870759,-0.9482088377567466,-0.9905049217444606,-0.8769834662067466,-0.9154780172128657,-1.0252316811335864,-0.9726767191621274,-0.9026073343375846,-1.0389898940798221,-0.9772921773962995,-0.9254728521139883,-0.9950376877284599,-0.9418598621875761,-0.9307523838271917,-0.9208148565265442,-1.0410091258005378,-0.9973464794142506,-0.9758585963140357,-0.9991496384426108,-0.9647279409242794,-1.001149339509346,-0.9196194865269004,-0.9108786966440702,-0.9301075206662938,-0.8973850901368933,-0.9418598621875762,-0.9846319109189993,-1.029805806936434,-0.9606768447297978,-0.9114274518577988,-0.9478923989567594,-0.9534673565466203,-0.9260129588726068,-0.9302150289046076,-0.9791322688993556,-0.9547250913221041,-0.9976472322419383,-1.0421612159354234,-0.9766780431646859,-0.9187491496594705,-0.9353608929178086,-0.9999499987499375,-0.8940357934669059,-0.9522079604792222,-0.9364293886887574,-0.9708243919473799,-0.9619251530134764,-0.9754486147409303,-0.9370699013414101,-1.0159232254457027,-0.8853812738024224,-0.9802550688468793,-0.8998333178983761,-0.9415412895885129,-0.9313968005098578,-1.005832988124768,-0.9998499887483121,-0.9747307320486002,-0.9036038955205982,-0.9128526715741155,-0.9198369420718,-0.9984487968844471,-0.9621330469326995,-0.9184225606985055,-0.972779522810796,-1.00174847142384,-0.9598437372822725,-0.9758585963140357,-0.9471536306217698,-0.9217917335276987,-0.9662815324738439,-0.927200086281273,-0.8902246907382427,-0.9554580053565934,-0.9144943958275523,-0.9109884741312593,-0.9640020746865641,-0.8839117603018981,-0.9263368717696604,-0.9969453345093702,-0.9842255838983256,-0.9513674369033239,-0.9775990998359194,-0.9049309365912959,-0.9247161726713771,-0.9041570660012563,-0.9633794683301072,-1.0135580891098448,-0.9991496384426108,-0.9361089680160105,-0.9487360012142473,-0.9717509969122748,-0.9211405973031479,-0.9550392662084632,-0.9418598621875762,-1.0110885223361996,-0.917442096265481,-0.9492628719169417,-0.9667988415384039,-0.9562949335848225,-0.9090104509850259,-0.92233399590387,-0.9610931276416453,-0.9454628496138808,-0.9118662182579196,-1.0319399207318225,-1.013755394560246,-1.022105669683913,-0.9482088377567465,-0.9623408959407265,-0.9054832963671943,-0.9897979591815695,-0.9687620966986684,-0.9604686356149273,-0.9730878685915265,-0.9012768719988327,-1.0015488006083377,-0.972265395866787,-0.9855455342093535,-0.9562949335848224,-0.9908077512817508,-1.0180864403379508,-0.9069178573608527,-1.007323185477233,-0.9862555449780751,-0.9529428104561155,-0.9748333190858834,-0.9956404973684025,-0.9578622030334009,-0.9345052166788584,-0.9686588666811449,-0.8929165694509202,-0.933648756224738,-1.0070253224224304,-0.9551439682058407,-1.0046392387319938,-0.8423182296495784,-0.8960468737739115,-0.9150409826887537,-0.9338629449764029,-0.9608850087289322,-0.9609890738192606,-0.8907861696277058,-0.9823950325607311,-1.0599528291391085,-0.9280624978954812,-0.9381364506296511,-0.9478923989567593,-0.9128526715741155,-0.982598595561789,-0.9853425800197616,-0.9640020746865642,-0.9610931276416455,-0.9623408959407265,-1.0267911179982032,-0.8794884877018004,-0.9763708311906906,-0.9132907532653552,-0.9629641737884126,-0.8765272385955841,-0.9756536270623914,-0.9495788540189803,-0.927200086281273,-0.8856071363759442,-0.9848350115628506,-0.9827003612495521,-0.9376033276391462,-0.9398404119849284,-0.9788258272031853,-0.8967162315916892,-1.0041414243023739,-0.8796021828076599,-0.9039358384310249,-0.9101098834756165,-0.9994498486667553,-0.9118662182579196,-0.9450396817065407,-0.9240670971309389,-1.00174847142384,-0.8958236433584459,-0.8734414691323055,-1.0204410811016968,-0.9057041459549581,-0.9737042672187485,-0.9176600677810929,-0.9671090941563936,-0.9836157786453001,-1.0562670116973265,-0.9781104232140665,-0.9624448036121346,-0.9280624978954811,-0.973909646733207,-0.9315041599477697,-0.9909086738948246,-1.0169070754006975,-0.9132907532653552,-0.9646242791885347,-0.9698969017374992,-0.9819877799647,-0.9708243919473799,-0.9420721840708386,-0.9249324299644812,-0.966385016440135,-0.9646242791885346,-0.9322553298319082,-0.9043782394551518,-0.9034932207825358,-1.0277645644796283,-1.0271806072935763,-0.9550392662084632,-0.9692780818733084,-0.8749285685128816,-0.9625487000666512,-0.9297849213662265,-1.014051280754578,-0.9990495483208027,-0.8866228059327146,-0.8531705573916625,-0.9646242791885347,-0.9652460826131334,-0.951262319236918,-0.968039255402383,-1.003942229413625,-0.9099999999999999,-0.9295697929687691,-0.9741149829460586,-0.8885381252371786,-1.03435970532499,-0.9809689087835557,-0.9830055951010656,-0.9334345183246654,-0.9731906288081488,-1.016120071645079,-0.9376033276391461,-1.001149339509346,-0.9559811713627001,-0.9446163242290492,-0.9994498486667552,-0.8802840450672726,-0.978008179924892,-0.9664884893261791,-0.9910095862301231,-0.981376584191818,-1.0042410069301093,-0.9477868958790261,-0.9471536306217699,-0.9381364506296512,-0.9555626614722867,-0.9740123202506219,-0.9519978991573458,-0.937709976485267,-0.9523129737644027,-0.9044888059008801,-0.9696906723280367,-1.0047387720198717,-0.8701149349367588,-0.8815327560561773,-0.9920181449953422,-0.9160240171523889,-0.9447221813845592,-0.9633794683301072,-0.9613012014972206,-0.9831073186585481,-0.9885848471426213,-0.8792610533851708,-0.883911760301898,-0.9554580053565933,-0.9517877914745493,-0.9432391001225511,-0.904930936591296,-1.0239628899525606,-0.9918165152889923,-0.9288164511893617,-0.917551088495894,-0.9053728513711905,-0.9307523838271917,-0.9159148432032315,-0.9692780818733084,-1.0108906963663282,-0.9866610360199697,-0.9416474924301557,-0.9470480452437458,-0.9996499387285531,-0.9274157643689264,-0.9108786966440702,-0.9604686356149275,-0.9522079604792223,-0.9688653157173086,-0.9376033276391461,-0.9922197337283714,-0.9298924669014155,-0.8605230967266364,-1.0412012293500235,-0.9627564593395361,-0.8516454661418682,-0.8710338684574787,-0.9186402995732333,-0.9923205127376941,-0.982191427370449,-0.9049309365912959,-0.9506313691436865,-0.9477868958790261,-0.9202716990106781,-0.9558765610684258,-1.0440785411069418,-0.9854440623394105,-0.9313968005098578,-0.984733466477097,-0.9723682430026189,-0.9938309715439543,-0.8531705573916625,-0.9581753492967768,-1.0249390225764652,-1.005832988124768,-0.9738069623903908,-0.9121951545584969,-1.03435970532499,-0.958070978581441,-0.9094503834734472,-0.8830062287436029,-0.9400531899844817,-1.0265963179361204,-0.9580709785814411,-0.9644169222903547,-0.9726767191621274,-0.9781104232140664,-0.9778036612735709,-0.944828026679988,-1.0277645644796283,-0.9859513172565875,-0.9888882646689665,-0.9198369420718001,-0.9109884741312593,-0.899944442729661,-0.9845303448853163,-0.966902270139025,-0.9309672389509741,-0.8938120607823549,-1.014347080638575,-0.9355746896961247,-0.9527329111561119,-1.0283481900601565,-1.0152339631828713,-0.9007219326740079,-1.002546757014355,-0.9762684057163787,-0.992622788374315,-0.9741149829460586,-0.9702061636580135,-1.0047387720198717,-0.9076893741803966,-0.9430270409696638,-0.9957409301620578,-0.922767576370128,-0.9084602357836032,-0.9204890004774636,-0.8802840450672726,-0.954829827770373,-0.987471518576612,-0.9689685237405805,-0.9513674369033239,-0.9349331526906082,-0.9814784765851974,-0.9984487968844471,-1.0112863096077191,-0.9848350115628506,-0.9514725429564429,-0.9422844581123048,-1.0146427942877236,-0.9116468614545875,-0.9196194865269005,-0.9845303448853164,-1.0187737727287645,-0.9360021367496978,-0.9619251530134764,-0.9086803618434812,-0.9675226095549395,-0.8828929719960399,-1.034456378974,-0.9751410154434076,-0.9802550688468793,-0.9595311355031685,-0.9283856957105705,-0.9903029839397639,-0.9311820445004296,-0.966385016440135,-0.9362157870918435,-0.9489467845985886,-0.9986490875177326,-0.9884836872705589,-0.9401595609256973,-0.9038252043398657,-1.0505712731652241,-0.9804590761474954,-0.9847334664770971,-0.9820896089461492,-0.8815327560561774,-0.9718538984847466,-1.0057335631269348,-0.9849365461794989,-0.876184911990614,-0.9471536306217698,-0.8608716512930369,-0.9073588044428731,-0.9239588735436226,-0.9320407716403827,-0.9994498486667553,-1.0148398888494676,-0.9006109037758759,-0.9435570994910696,-1.0036433629531958,-0.9554580053565934,-0.9260129588726067,-0.9339700209321496,-0.924608025057105,-0.9155872432488342,-0.9752435593224905,-0.8620324819866129,-0.9339700209321498,-0.954829827770373,-1.000349938771428,-0.9847334664770971,-0.9311820445004296,-0.9878765105011861,-0.9424966843443006,-0.9521029356114811,-1.0139526616169023,-0.9470480452437459,-0.9743202758846806,-1.0063299657666962,-1.0096038827183658,-0.9886859966642595,-0.9369631796394136,-0.9685556256612214,-0.8889881888979179,-0.9170059977993601,-0.9705153270299238,-0.9537819457297355,-0.927523584605804,-0.912414379544733,-0.954515583948214,-0.9474703161577148,-0.9502105029939419,-0.9293546147730692,-0.9481033698917012,-0.9411163583744573,-0.9004998611882181,-0.9441927769264071,-0.9961425600786266,-0.9593226777263216,-0.9981482855768475,-0.9596353474106715,-0.9339700209321498,-0.9608850087289321,-0.94905215873523,-0.9017205775626949,-0.9134002408582999,-1.0020479030465559,-0.9494735383358507,-1.0029456615390486,-0.9873702446397704,-0.9822932352408827,-0.9606768447297978,-0.8648121183239744,-0.9656603957913984,-0.9570266453970862,-0.9225508116087698,-0.8889881888979179,-0.8671216754296942,-1.02112682855755,-0.995238664843765,-0.9432391001225511,-0.9234175653516669,-0.9625487000666512,-0.8938120607823549,-0.9939315871829408,-0.9615092303249095,-0.9681425514871248,-0.8772114910328068,-0.9895958771134811,-1.020539073235317,-0.9328987083279728,-0.9641058033224361,-1.0152339631828715,-0.9131812525451889,-0.9854440623394104,-1.001548800608338,-0.9433451118228154,-1.0021476937058729,-0.9403722667114338,-1.0150369451404218,-1.00772019926168,-0.9910095862301231,-0.9365361712181757,-0.9305374790947434,-0.8980534505250787,-0.9182047701901792,-0.9257969539807311,-0.9392017887546851,-0.9213576938409969,-0.9944345126754199,-0.9925220400575495,-0.9485251709891519,-1.017988212112498,-0.9265527507918802,-0.8969392398596462,-0.9888882646689665,-0.9215747392371386,-0.9531526635329726,-0.9683491106000975,-0.9382430388763885,-0.9337558567420073,-0.9287087810503355,-0.988382517044894,-0.9017205775626949,-0.9315041599477697,-0.9786214794290998,-0.9828021163998376,-0.8962700485902672,-0.9932270636667127,-1.016316879718132,-0.932148056909416,-0.982598595561789,-1.0304853225543777,-0.8717224328879003,-0.957026645397086,-0.9551439682058407,-0.9738069623903908,-0.954725091322104,-0.9340770846134703,-0.9268764750493995,-0.9116468614545875,-0.9718538984847466,-1.0014489502715553,-0.9653496775780267,-0.8998333178983761,-0.8579627031520659,-0.9167878707749137,-0.9803570778037969,-0.9049309365912959,-0.8931405264570632,-0.9059249417032296,-0.958070978581441,-1.0094057657849989,-0.9212491519670453,-0.9570266453970862,-0.9121951545584969,-0.9205976319760986,-0.9678326301587482,-0.9478923989567593,-0.9367496997597597,-0.8839117603018981,-0.8786922100485471,-0.9410100955887775,-0.9392017887546851,-1.0168087332433766,-0.9663850164401351,-0.9575489543621255,-0.9040464589831653,-0.9435570994910696,-0.9896969233053117,-0.9346122190513025,-0.960780932366999,-1.0075217119248596,-1.0016486409914407,-0.9365361712181757,-0.9224424101265076,-0.950946896519464,-0.9543060305792896,-0.9816822296446035,-0.9779059259458448,-0.9877752780870758,-0.97205966895042,-1.0139526616169021,-1.006628034578811,-0.9751410154434076,-0.9616132278624291,-0.9666954018717582,-0.91700599779936,-1.0360984509205677,-0.9125239722878518,-0.9441927769264071,-0.9413288479590967,-1.0078194282707593,-0.934826187052973,-0.9047098982546836,-0.9664884893261793,-1.030776406404415,-0.9268764750493995,-0.9696906723280366,-0.9798469268207152,-0.939734004918413,-0.971750996912275,-0.9293546147730692,-0.8637708029332781,-1.0175952043912155,-0.9173330910852393,-0.9747307320486002,-0.9465199416811036,-0.8939239341241513,-0.9228759396581969,-0.9047098982546835,-0.9702061636580134,-1.0306793875885945,-0.9689685237405806,-1.0164152694642086,-0.9011659114724658,-0.9410100955887774,-0.9862555449780751,-1.0081170566953026,-1.0403364840281244,-0.9997499687421851,-0.9751410154434075,-0.9432391001225512,-0.841011296000238,-1.0480935072788116,-0.9055937278934744,-0.927739187487518,-0.9724710792614863,-0.9432391001225512,-0.9038252043398657,-0.9732933781753578,-0.8986100377805715,-0.9257969539807311,-0.9361089680160103,-0.9006109037758758,-0.999349788612576,-0.9023857268374761,-1.0158247880417175,-0.9437690395430441,-0.9924212815130479,-0.962029105588807,-0.9013878188659973,-0.9407975340103736,-0.9670056876771719,-0.969484399049309,-0.9442986815621423,-0.9492628719169417,-0.9898989847454134,-0.9629641737884126,-0.9437690395430443,-1.0171037311896953,-0.9339700209321496,-0.9455686120002081,-1.0241581909060729,-0.9740123202506219,-0.923200953205747,-0.9284934033152847,-1.0443658362853505,-0.9280624978954812,-1.0130646573639808,-0.9927235264664578,-0.9376033276391461,-0.9721625378505386,-0.8950418984606252,-1.00174847142384,-0.9912113800799506,-1.0078194282707593,-0.9969453345093703,-0.9942333730065592,-0.9332202312423366,-1.0138540328863912,-0.9767804256842989,-0.9473647660748208,-0.9801530492734285,-0.9189668111526118,-1.0155294185792947,-0.9619251530134764,-0.9464142856064675,-0.9925220400575496,-0.9716480844420988,-1.010692831675381,-1.0208329931972222,-0.9627564593395361,-0.9754486147409304,-1.027277956543408,-0.9757561170702441,-0.940584924395453,-0.9446163242290491,-1.0219099764656376,-0.9346122190513027,-0.9058145505565695,-1.020441081101697,-1.0094057657849989,-0.9957409301620579,-0.8982761268117949,-0.9580709785814411,-0.9303225247192503,-0.9219002115196633,-0.966902270139025,-1.019166325974323,-0.9135097153287425,-0.9135097153287425,-0.8789197915623472,-1.0216163663528497,-0.8971621926942753,-1.029417310909429,-0.9797448647479607,-0.8950418984606251,-1.009108517454887,-0.8673522929006414,-0.8362415918859812,-0.951892851112981,-0.9542012366372201,-0.990807751281751,-0.9697937925146768,-0.9731906288081488,-1.000449898795537,-0.9484197383015602,-1.0259142264341596,-0.9788258272031853,-0.9578622030334009,-0.9221171292194934,-0.9725739046468397,-0.9437690395430443,-0.9678326301587482,-0.9746281342132496,-0.9479978902930112,-0.941541289588513,-0.9192932067626738,-0.9367496997597597,-0.9916148445843276,-0.9224424101265077,-0.9648315915225828,-1.0225947388873071,-1.0008496390567367,-0.9252567211320327,-0.9195107394696378,-1.0012492197250393,-0.979642792042079,-0.9881801455200363,-0.9902019995940223,-0.8988325761786786,-0.960780932366999,-0.9077995373429092,-0.9563994981178106,-0.924608025057105,-0.9118662182579196,-0.967212489580237,-0.9870663604844409,-0.9573400649716902,-1.0410091258005378,-0.9514725429564429,-0.9294622100978609,-0.9205976319760985,-0.9950376877284598,-1.0078194282707593,-0.938669270829721,-0.8845903006477065,-0.9580709785814411,-0.9705153270299239,-0.9687620966986684,-0.9985489472229191,-0.9610931276416453,-0.8816461875378354,-0.9310746479203481,-1.0288342918079665,-1.0222035022440494,-0.9713392816107047,-0.9456743625582752,-0.9781104232140664,-1.00821624664553,-0.8945948803788227,-0.9456743625582752,-0.917769034125689,-0.9625487000666512,-0.9119758768739444,-1.0055346836385108,-1.0075217119248596,-0.9492628719169417,-0.9430270409696638,-0.9524179754708539,-0.9619251530134764,-0.9481033698917013,-0.9219002115196633,-0.9407975340103735,-0.9829038610159185,-0.9674192472759677,-0.9107689059250981,-0.9791322688993556,-0.9548298277703728,-0.8979420916740678,-0.986458311334037,-0.9220086767487604,-0.9171150418568,-0.918313671900838,-0.9033825324855468,-0.9186402995732333,-1.013755394560246,-1.00772019926168,-0.9156964562561112,-1.0092076099594176,-1.0019481024484251,-0.9139474820797966,-0.9471536306217698,-1.0020479030465559,-0.9456743625582752,-0.9211405973031479,-0.9419660291114537,-0.8722958213817146,-0.918313671900838,-0.888988188897918,-0.9236341266973628,-0.9230926280715279,-0.9671090941563936,-0.95524865872714,-0.9430270409696638,-0.96317184344228,-0.9217917335276987,-0.9986490875177326,-0.9476813810558905,-0.8951536181013849,-0.8781229982183589,-0.9149316914393117,-0.9584883932526257,-0.94905215873523,-0.9270922284217465,-0.9154780172128657,-0.9458858282054976,-0.9982484660644363,-0.9915139938498094,-0.8826664149042944,-0.9752435593224904,-0.9576533819707422,-0.9409038208021051,-0.9641058033224362,-0.9976472322419383,-0.970103087305674,-0.886171540955813,-0.9057041459549582,-0.9012768719988326,-0.9162423260251624,-0.9682458365518543,-0.9136191766814005,-0.950946896519464,-0.9673158739522474,-0.8194510357550352,-0.9323625904121208,-0.9495788540189803,-0.9317188417113824,-1.0019481024484251,-0.9370699013414101,-0.8879752248796134,-0.9010549372818508,-0.9106591019695569,-0.9647279409242794,-0.9301075206662938,-0.9662815324738437,-0.9777013859047148,-0.9456743625582751,-0.8736704184073075,-0.945568612000208,-0.9293546147730692,-0.9698969017374992,-0.9274157643689265,-1.0072239075796403,-0.9540964311850245,-0.9274157643689264,-0.9768827974736786,-1.038797381590847,-1.0081170566953026,-1.0504760825454333,-0.9378166132032425,-1.0168087332433764,-0.9090104509850258,-0.9695875411740809,-1.017693470549949,-0.9240670971309388,-0.8941476388158726,-0.9936297097007516,-0.9622369770487933,-0.9669022701390251,-0.8961584681293816,-0.9328987083279727,-0.9595311355031686,-0.9957409301620578,-0.9991496384426108,-0.9603645141299214,-0.993327740476425,-0.8431488599292536,-0.9444045743218317,-0.9630680142129111,-0.9022749026765623,-1.0116817681464858,-0.9886859966642595,-0.844926032265547,-0.9844287683728061,-0.9867623827447011,-0.9917156850630123,-0.862612311528186,-0.938669270829721,-0.9994498486667552,-0.9582797086446108,-0.9465199416811038,-0.9203803561571704,-0.8680437776978763,-0.9548298277703728,-0.9213576938409967,-0.8761849119906141,-0.8967162315916892,-1.001149339509346,-0.9042676594902641,-0.9981482855768475,-0.9958413528268446,-0.95420123663722,-1.0124722218411721,-0.9731906288081488,-0.9631718434422801,-0.9270922284217467,-0.9434511116109832,-0.9972462083156797,-0.8917959407846618,-0.9586970324351692,-1.017005408048551,-0.9422844581123049,-0.9283856957105706,-0.9464142856064675,-0.8820997676000149,-0.9057041459549582,-0.9965440281292142,-0.8916838004584361,-0.9164605828948674,-0.9890904913100722,-0.9077995373429092,-0.9085703054799886,-0.9377099764852669,-0.9109884741312593,-0.9681425514871248,-1.0513324878457815,-0.9166787877986488,-0.8906739021662192,-0.9954396013822235,-0.8764131445842195,-0.954934552731233,-1.0069260151570223,-0.9335416434203672,-0.9731906288081488,-0.9938309715439542,-0.9870663604844407,-0.9414350747661784,-0.8607554821202128,-0.9191844211038394,-0.9755511262870851,-0.9118662182579196,-0.9511571899533747,-1.000349938771428,-0.8843641783790205,-1.0174969287422937,-1.014051280754578,-0.9360021367496978,-0.9719567891629751,-1.0199509792141974,-1.0224969437607137,-0.8716077099245967,-0.9895958771134812,-0.9732933781753578,-0.9143850392476902,-0.9806630410084802,-0.9862555449780752,-0.9788258272031853,-0.9114274518577987,-0.9542012366372201,-0.9835141076771597,-0.857962703152066,-0.9780081799248921,-0.8078985084773953,-0.8665448632355973,-0.972779522810796,-0.9027181176868004,-0.9804590761474954,-0.8943712875534411,-0.9563994981178106,-0.9890904913100722,-0.9017205775626949,-0.9187491496594705,-0.9412226091632095,-0.9839207285142436,-0.9718538984847466,-0.9205976319760986,-1.0081170566953028,-1.0082162466455298,-0.914713069765596,-1.0198529305738155,-1.0206370559606388,-0.9942333730065592,-0.8988325761786785,-0.9094503834734471,-0.9489467845985887,-0.8953770155638349,-1.046279121458514,-0.8785783971849068,-0.9924212815130479,-0.8789197915623472,-0.9815803584016951,-0.9786214794290998,-1.0139526616169021,-0.9050414355155239,-0.9567131231461183,-0.7961783719745218,-0.9030503861911582,-0.9723682430026188,-0.9173330910852393,-0.9657639463140049,-0.9427088627991147,-0.9232009532057471,-0.9785192895390464,-0.9623408959407265,-0.9154780172128656,-0.9593226777263216,-0.97,-0.9467312184564317,-0.9369631796394136,-0.9137286249209883,-0.95524865872714,-0.895377015563835,-0.904267659490264,-0.9492628719169418,-1.0211268285575499,-0.9539916142189092,-0.9657639463140049,-0.9682458365518543,-0.8798295289429651,-0.87960218280766,-0.9836157786453001,-0.9507365565707464,-1.011879439459069,-0.8602906485601247,-0.8776673629570603,-0.900166651237425,-0.8516454661418682,-0.9759610647971567,-0.9093404203047393,-0.9677293009927932,-1.0186756107809787,-0.969484399049309,-0.9294622100978608,-0.9236341266973628,-0.9154780172128658,-0.8592438536294572,-0.9434511116109833,-0.9182047701901792,-0.9752435593224905,-0.9069178573608527,-0.8948184173339304,-0.9033825324855468,-0.8816461875378354,-1.027375296568883,-0.8360023923410747,-0.9986490875177325,-0.8470537173048708,-0.8842510955605314,-0.938562730988185,-0.9601562372864116,-0.9487360012142473,-0.9608850087289321,-1.0044401425669924,-0.9613012014972206,-0.9600520819205591,-0.9598437372822723,-0.9654532614269838,-0.9054832963671943,-0.9467312184564317,-0.9540964311850244,-0.9465199416811038,-1.0276672613253768,-0.9600520819205591,-0.9662815324738439,-0.9537819457297355,-0.8997221793420456,-0.9742176348229383,-0.9773944955850734,-0.9403722667114338,-0.9357884376289334,-0.9640020746865641,-0.9947361459201128,-0.9439809320108113,-0.9606768447297976,-0.9768827974736785,-0.8862843787408192,-0.9573400649716902,-0.990706818387761,-0.9783148777362021,-0.9393082561119114,-0.9748333190858834,-0.9702061636580135,-1.023083574298796,-1.0273752965688827,-0.9692780818733084,-0.9927235264664579,-0.9629641737884126,-0.9887871358386496,-0.937709976485267,-0.9990495483208027,-0.9546203433826456,-1.000649788887201,-0.9763708311906906,-0.9843271813782244,-0.9232009532057471,-0.9466255859631093,-0.9674192472759677,-0.9401595609256973,-0.8807383266328315,-0.9358952932887311,-0.9295697929687691,-0.9705153270299238,-0.9207062506576135,-0.9691749068150701,-1.0265963179361204,-1.0046392387319938,-0.9490521587352299,-0.9646242791885347,-0.9950376877284599,-0.9508417323613853,-0.9047098982546837,-0.9684523736353792,-0.9839207285142437,-1.0033444074693394,-0.9582797086446108,-0.910659101969557,-0.935681569766125,-0.9469424480928078,-0.912633551870629,-0.9658674857349738,-0.9647279409242795,-1.0216163663528497,-0.9376033276391461,-0.9493682109698007,-0.9978476837674174,-0.8947066558375433,-0.9102197536858888,-0.9810708435174292,-0.8845903006477067,-0.9722653958667871,-0.9664884893261791,-0.8895504482602434,-0.9413288479590965,-0.9967447015158897,-0.8621484790916238,-0.8920201791439474,-0.9063663718386732,-0.9761659694949419,-0.8615683373940805,-1.0256217626396196,-0.9289241088485108,-0.9384561790515314,-0.9358952932887311,-0.9073588044428731,-1.0060318086422517,-0.9970456358662826,-0.8458723307923011,-0.8888756943465155,-0.9485251709891519,-0.8996110270555826,-0.911756546453054,-0.994836670011716,-0.9012768719988326,-1.0065286881157438,-0.910439454329611,-0.9261209424259879,-1.0001499887516871,-0.954829827770373,-0.9593226777263216,-0.9613012014972206,-1.0213226718329522,-1.0038426171467318,-0.9673158739522474,-0.8826664149042944,-0.8934763567101259,-0.9417536832951596,-0.9217917335276988,-0.8697700845625814,-0.9765756499114648,-0.9380298502713015,-0.8849293757131129,-1.0169070754006975,-0.890786169627706,-1.0014489502715553,-0.9643132271207319,-0.9502105029939418,-0.9569221493935648,-0.9435570994910695,-0.9247161726713771,-0.9453570753953238,-0.9627564593395361,-0.9823950325607312,-0.9673158739522474,-0.9839207285142436,-1.0139526616169021,-0.9412226091632097,-0.8988325761786785,-0.9787236586493657,-1.0158247880417173,-1.001548800608338,-0.9979478944313676,-0.981172767661231,-0.998749217771909,-0.917660067781093,-0.9459915433025815,-0.9603645141299214,-0.9562949335848224,-0.9301075206662939,-0.979438614717635,-0.9716480844420988,-0.9809689087835557,-0.9792343948207701,-1.0405287117614777,-1.0204410811016968,-0.8773254812211941,-0.9228759396581971,-0.9502105029939418,-0.9993497886125757,-0.9498947310097051,-0.922767576370128,-0.9834124261976762,-0.8701149349367588,-1.0162184804460113,-0.928924108848511,-0.8588946384743592,-0.9373899935459094,-0.8935882720806042,-0.9728823155962905,-1.0093066927351666,-0.8426743143112884,-0.9597395480024776,-0.8801704380402695,-0.9619251530134764,-1.0201470482239312,-1.0122746662838105,-0.9926227883743151,-1.0093066927351666,-0.9507365565707463,-0.9634832639957998,-0.9493682109698007,-0.9791322688993556,-0.9848350115628506,-0.9767804256842988,-0.8687347120957007,-0.9617172141539321,-0.9643132271207318,-0.9590099061010788,-0.9806630410084801,-0.929569792968769,-0.9051519209502898,-0.9162423260251623,-0.9192932067626737,-0.8722958213817146,-0.8790335602239542,-0.9439809320108113,-0.9893937537704591,-0.9597395480024776,-0.982700361249552,-0.9965440281292142,-0.9045993588324059,-1.0022474744293446,-0.885607136375944,-1.0244510725261602,-0.8569130644353604,-0.8984987479123162,-1.010989614189978,-0.9291393867445293,-0.8934763567101259,-1.0281536850101738,-0.9818859404228171,-0.9234175653516669,-0.9524179754708538,-0.9474703161577148,-1.0041414243023739,-0.9866610360199697,-1.0189700682551965,-0.9521029356114811,-0.9226592003551474,-0.9220086767487603,-1.0076209604806758,-0.9591141746424146,-0.9099999999999999,-1.007819428270759,-0.9474703161577148,-0.9832090316916338,-0.9678326301587481,-0.9148223871331529,-0.966798841538404,-0.9814784765851975,-0.9746281342132496,-1.0052362906302181,-0.9806630410084802,-0.9678326301587482,-0.9641058033224362,-0.9244998647917695,-0.9479978902930112,-0.9888882646689666,-0.9936297097007516,-0.9525229656024048,-0.9236341266973628,-0.8762990357178307,-1.0071246198956711,-0.9452512893405648,-0.920814856526544,-0.9634832639957999,-0.9503157370053387,-1.0458967444255671,-1.0216163663528497,-1.018086440337951,-0.9327915093953204,-1.051142235855833,-1.0053357648069625,-0.9254728521139883,-0.9009439494219382,-0.9598437372822725,-0.9199456505685539,-0.9950376877284599,-0.9521029356114812,-0.9082400563727632,-1.0082162466455298,-0.9768827974736786,-0.8847033401089881,-1.0171037311896953,-0.9892926766129424,-0.8817596044274199,-0.9428149341201592,-0.931396800509858,-0.9089004345911602,-0.9422844581123049,-0.9131812525451889,-0.982496819333274,-0.9138380600522173,-0.9786214794290998,-0.9601562372864116,-0.8843641783790205,-0.9755511262870851,-1.0413932974625868,-0.9746281342132496,-0.9977474630386188,-0.9414350747661784,-0.8961584681293817,-1.0460879504133485,-0.8944830909525344,-0.9019423484901904,-0.9397340049184131,-0.9539916142189091,-0.9678326301587481,-0.9606768447297979,-0.9297849213662266,-0.8823264701911645,-0.9384561790515314,-0.8991662805065591,-1.006429331846007,-0.9856469956328178,-0.9870663604844407,-0.9394147114027969,-0.9534673565466203,-0.973909646733207,-0.986458311334037,-0.9402659198333204,-0.8949301648732152,-0.9948366700117162,-0.9477868958790262,-0.9613012014972206,-0.9713392816107048,-0.9877752780870759,-0.9348261870529729,-0.9574445153636841,-0.937709976485267,-0.8972736483370053,-0.9745255255764212,-0.9708243919473799,-0.8756140702387097,-0.9502105029939419,-0.9736015612148535,-0.899166280506559,-0.9283856957105704,-0.9714422267947795,-1.0144456614328832,-0.9129622117042961,-0.9648315915225829,-0.9589056262218926,-0.9297849213662266,-0.9873702446397704,-0.9859513172565875,-0.8981647955692764,-1.02435345462394,-0.8996110270555825,-0.9482088377567465,-0.9336487562247379,-0.9585927185202274,-0.8951536181013849,-0.9238506372785592,-0.899499861033897,-0.9313968005098578,-1.0353260356042437,-0.9798469268207153,-0.9608850087289321,-0.8556284240252892,-0.9235258523723091,-0.8693100712634129,-0.9502105029939418,-0.9886859966642594,-0.9988493379884675,-0.8724104538575866,-0.97205966895042,-1.0289314845994362,-0.8780091115700338,-0.9168969407736073,-1.0062305898749053,-0.9896969233053117,-0.9388823142439101,-0.9246080250571049,-0.9209234495874237,-0.9589056262218926,-0.9716480844420988,-0.9405849243954529,-0.9549345527312331,-0.9886859966642595,-1.0018482919085105,-0.9600520819205591,-0.993327740476425,-0.993327740476425,-0.9662815324738437,-0.9609890738192605,-0.9476813810558906,-0.9871676655968833,-0.9604686356149272,-0.9444045743218317,-0.9423905772024675,-0.982496819333274,-0.9581753492967767,-0.935467797414748,-0.9977474630386189,-1.0049378090210357,-0.9424966843443005,-0.9011659114724658,-1.0197548725061332,-0.9930256794262674,-0.995339138183564,-0.928601098427091,-0.8758424515859001,-0.959218431849597,-0.9307523838271918,-0.8935882720806042,-1.0124722218411724,-0.9282779756085998,-0.945039681706541,-1.0045396955820114,-0.951472542956443,-0.9942333730065592,-0.939201788754685,-0.9748333190858836,-0.976985158536198,-0.9143850392476902,-0.9292470069900682,-1.0312613635737546,-1.0201470482239312,-0.9388823142439099,-0.957131129992124,-0.9696906723280367,-0.9527329111561121,-0.9808669634563091,-0.9260129588726067,-0.9095603333479314,-0.9160240171523889,-0.9711333585043818,-0.9330058949438638,-0.9403722667114339,-0.9398404119849285,-1.0382196299434914,-1.0251341375644458,-0.9154780172128658,-0.8690799733051039,-1.036484442719716,-0.9417536832951597,-0.9670056876771718,-0.9481033698917012,-0.9715451610707554,-0.9232009532057471,-0.9615092303249096,-0.9580709785814411,-0.8705745229444748,-0.9418598621875762,-1.0144456614328832,-0.9226592003551474,-0.9318261640456336,-0.9589056262218927,-1.0231813133555558,-0.9525229656024048,-0.9544108130150244,-0.9808669634563089,-0.9278469701410895,-0.9791322688993556,-0.9463086177352502,-1.0044401425669924,-0.9806630410084801,-0.8814193099768124,-0.9829038610159185,-0.9128526715741154,-0.9542012366372201,-0.9843271813782245,-0.9179869280115049,-0.9075791976461338,-0.8442156122697565,-0.9944345126754199,-1.006429331846007,-0.9977474630386188,-0.9923205127376941,-0.9842255838983256,-0.939946807005588,-0.8959352655186645,-0.9410100955887775,-0.9625487000666512,-0.9379232377972091,-0.9958413528268446,-0.9240670971309388,-1.0072239075796403,-0.9904039579888602,-0.8367197858303579,-0.9789279850938986,-0.9151502608861564,-1.0157263410978372,-0.8837986195961159,-0.9630680142129112,-0.9101098834756164,-0.9651424765287248,-0.9566085928947116,-1.0164152694642086,-0.9749358953285083,-0.907028114227999,-0.8637708029332781,-0.9702061636580134,-0.9126335518706289,-1.017693470549949,-0.9558765610684259,-0.8938120607823548,-0.9190756225686763,-0.9842255838983257,-0.8689649014776143,-0.9214662229295224,-0.9710303805751909,-0.9470480452437459,-0.9051519209502901,-1.0110885223361998,-0.9444045743218317,-0.9197282207261013,-0.9347192091746056,-0.9782126558167197,-0.9279547402756235,-0.9451454914456293,-0.9469424480928078,-0.9686588666811449,-0.9589056262218928,-0.9844287683728061,-0.9438749917229505,-0.9736015612148534,-0.9823950325607311,-0.9872689603142601,-0.9235258523723091,-0.9496841580230767,-0.9272000862812729,-0.9091204540653566,-0.910768905925098,-0.8894380248224155,-0.9494735383358507,-0.9579665964948882,-0.9427088627991147,-0.9510520490488414,-0.941541289588513,-0.9930256794262674,-0.9459915433025815,-0.9209234495874237,-0.9944345126754199,-0.8866228059327146,-0.9507365565707463,-0.8733269719870103,-0.9857484466130292,-0.9747307320486002,-1.0283481900601568,-0.8649277426467485,-0.9696906723280369,-0.9076893741803966,-1.012768482921936,-0.9404786015641187,-0.9895958771134812,-0.9605727458136629,-1.003543721020664,-0.9922197337283711,-0.9833107342035884,-0.8686195945291586,-0.9203803561571705,-0.9434511116109833,-0.9183136719008381,-0.9501052573267869,-0.9016096716428901,-0.9289241088485108,-0.9310746479203481,-0.9292470069900683,-0.9535722311393092,-0.9280624978954811,-0.9593226777263216,-0.9588013350011565,-0.9506313691436865,-1.005832988124768,-1.014347080638575,-0.9170059977993601,-0.971750996912275,-0.9867623827447011,-0.9670056876771719,-0.925040539652182,-0.9460972465872628,-0.9394147114027968,-0.9883825170448939,-0.9633794683301072,-0.9167878707749137,-0.9661780374237452,-0.9188579868510695,-0.9828021163998376,-0.9447221813845592,-0.9894948206029175,-0.9988493379884675,-0.841961994391671,-0.9018314698434514,-0.9759610647971567,-0.9235258523723091,-0.9451454914456292,-0.9044888059008802,-0.9556673061269806,-0.9655568341635825,-0.9875727821279807,-0.939946807005588,-0.9928242543370905,-1.00074971896074,-0.9673158739522473,-1.0030453628824572,-1.0206370559606388,-1.0054352291420865,-0.9873702446397703,-0.9817840903172143,-0.9704122835166504,-0.9364293886887574,-0.9920181449953422,-1.0174969287422937,-0.9296773633901172,-1.0165136496870073,-0.9647279409242795,-0.9212491519670453,-0.9160240171523889,-0.9569221493935649,-0.9738069623903908,-0.9184225606985056,-1.0103959619871805,-0.9880789442144793,-0.907028114227999,-0.8638865666278183,-0.9233092656309694,-1.0028459502834919,-0.9649352309870336,-0.8935882720806042,-0.9190756225686764,-0.9903029839397638,-0.9358952932887311,-0.9870663604844407,-0.9024965373894793,-0.8664294547163087,-0.9986490875177326,-0.9534673565466203,-0.9983486364992943,-0.984022357469585,-1.0055346836385108,-0.9058145505565695,-0.9634832639957998,-0.9041570660012563,-0.9109884741312594,-0.9896969233053118,-0.8498823447983844,-0.9467312184564317,-0.9050414355155239,-0.9780081799248921,-0.9832090316916338,-0.9928242543370907,-1.005136806608931,-0.9658674857349739,-1.0184792585025972,-0.9479978902930111,-0.9779059259458447,-0.9979478944313676,-0.9920181449953424,-0.8958236433584459,-0.9611971701997463,-1.0080178569846865,-0.9774968030638259,-0.9979478944313677,-0.9917156850630124,-0.9696906723280367,-0.9347192091746056,-0.8693100712634129,-0.9242835062901426,-1.021420579389313,-0.918313671900838,-1.004937809021036,-0.9508417323613851,-0.8837986195961159,-0.8562125904236634,-0.9160240171523889,-0.9156964562561111,-0.9426027795418386,-0.9487360012142471,-0.9848350115628506,-0.9882813364624468,-0.9858498871532115,-0.9214662229295223,-0.9190756225686763,-0.9262289133902051,-0.9337558567420072,-0.9448280266799879,-0.8867355862939076,-0.9756536270623914,-0.8716077099245968,-0.9723682430026188,-1.0023472452199387,-0.9365361712181757,-0.9828021163998376,-1.0033444074693396,-0.9140568910084317,-1.008811181539935,-1.000449898795537,-0.9924212815130478,-0.966902270139025,-0.9760635225229964,-0.9778036612735709,-0.960885008728932,-0.96317184344228,-0.8964931678490361,-0.9210320298447825,-1.003942229413625,-0.9816822296446035,-0.972779522810796,-1.0035437210206637,-0.9209234495874237,-0.974012320250622,-0.899277487764483,-0.9999499987499375,-0.9343982020530649,-0.9622369770487934,-0.982700361249552,-0.8825531145489205,-0.9842255838983257,-1.010692831675381,-0.8990550594930213,-1.0208329931972222,-0.9322553298319083,-0.9679359482941008,-0.9403722667114338,-0.9804590761474953,-0.941541289588513,-0.9733961166965892,-0.9175510884958941,-0.8967162315916892,-0.9217917335276986,-0.9932270636667127,-0.9090104509850258,-0.9704122835166505,-0.903935838431025,-0.9199456505685539,-0.8977193325310533,-0.931289428695505,-1.0002499687578101,-0.9208148565265442,-0.9878765105011861,-0.9106591019695571,-0.9075791976461338,-0.9398404119849285,-0.9303225247192503,-0.9760635225229964,-0.8748142660016468,-1.024646280430471,-1.033392471426031,-0.9163514609580758,-0.9680392554023829,-0.9563994981178107,-0.9335416434203672,-0.9620291055888069,-0.9034932207825359,-0.9644169222903546,-0.918313671900838,-0.9234175653516669,-1.0251341375644458,-1.0107917688624102,-0.982089608946149,-1.0112863096077194,-0.9725739046468397,-0.9002777349240622,-0.9173330910852393,-0.91230477363653,-0.8959352655186645,-0.9644169222903547,-0.8675828490697589,-0.9657639463140049,-0.9831073186585481,-0.9768827974736785,-0.9666954018717582,-0.9500000000000001,-0.9915139938498095,-1.001049449328054,-0.9559811713627001,-0.9400531899844816,-1.0078194282707593,-0.9652460826131334,-0.9494735383358507,-0.9353608929178086,-0.9158056562393574,-0.9867623827447011,-1.0180864403379508,-0.9009439494219382,-0.8906739021662193,-0.9521029356114811,-0.9110982383914482,-0.9695875411740809,-0.9960421677820674,-0.982089608946149,-1.0248414511523234,-0.9678326301587481,-0.8798295289429651,-0.982191427370449,-0.9675226095549395,-0.9371766108903913,-0.9217917335276987,-0.9061456836513652,-0.9954396013822235,-0.892468486838611,-0.9783148777362021,-0.960780932366999,-0.9213576938409967,-0.9345052166788583,-0.9547250913221041,-0.8783507272155013,-0.9566085928947116,-1.0013490899781154,-0.9729850975220535,-0.9624448036121346,-0.9852410872471773,-0.976165969494942,-0.9468368391650168,-0.9765756499114648,-0.9318261640456337,-0.994032192637643,-0.8835722947218297,-0.9528378665859161,-0.8941476388158726,-0.9027181176868003,-1.0063299657666962,-0.8721811738394725,-0.9851395840184273,-1.0252316811335864,-0.9566085928947116,-1.0165136496870075,-0.9479978902930112,-0.8287943049997388,-0.9547250913221041,-0.976165969494942,-0.9516827202382104,-0.9966443698732262,-0.907028114227999,-0.9465199416811038,-0.9356815697661252,-0.9920181449953425,-0.9914131328563284,-0.8170067319184097,-0.9638983348880732,-0.9740123202506219,-0.9378166132032424,-0.9236341266973627,-0.8602906485601247,-0.9191844211038392,-0.9283856957105706,-0.9632756614801394,-1.008612908900139,-0.9429209935090002,-0.9436630754670864,-0.9619251530134765,-0.9345052166788583,-0.982496819333274,-0.9616132278624292,-0.9073588044428731,-0.9596353474106715,-0.9580709785814411,-0.9867623827447011,-1.0082162466455298,-1.0022474744293446,-1.0198529305738155,-0.9047098982546837,-1.0028459502834919,-0.9807650075323855,-0.9164605828948674,-0.9953391381835641,-0.9818859404228171,-0.9987492177719091,-0.9632756614801393,-0.9239588735436226,-0.9700000000000001,-0.9473647660748209,-0.9438749917229505,-0.976165969494942,-0.8557452892070163,-1.0232790430767162,-0.9961425600786266,-0.9004998611882181,-0.9249324299644812,-0.9983486364992942,-0.9441927769264071,-0.9194019795497507,-0.93,-0.8970507232035433,-0.9601562372864116,-0.9255808986793105,-0.9647279409242794,-0.8638865666278184,-0.890786169627706,-0.8758424515859002,-0.976575649911465,-0.9945350672550466,-0.8939239341241513,-1.035326035604244,-0.8948184173339304,-1.0190682018393078,-0.8828929719960399,-0.9174420962654809,-0.9536770941990795,-0.9830055951010656,-0.9217917335276987,-0.92255081160877,-0.875956619930462,-0.9515776374001229,-0.9663850164401351,-1.0041414243023739,-0.9472592042308167,-0.9745255255764212,-0.9936297097007517,-0.9969453345093702,-0.8928045698807775,-0.8960468737739116,-0.8981647955692763,-0.9615092303249096,-0.9537819457297355,-0.9515776374001231,-0.9338629449764029,-0.8420807562223471,-0.9656603957913984,-1.0177917272212424,-0.9273079315955408,-0.9689685237405806,-0.9526279441628825,-0.9458858282054975,-0.9232009532057471,-0.9380298502713014,-0.9020532135079394,-0.92655275079188,-0.9454628496138809,-0.9301075206662938,-1.0105938848023968,-0.960780932366999,-0.9508417323613851,-0.9888882646689666,-0.9737042672187485,-0.95420123663722,-0.9801530492734285,-0.9964436762808021,-0.954515583948214,-0.9390953093270139,-0.9373899935459094,-0.9260129588726067,-0.9788258272031853,-1.0128672173587216,-0.911756546453054,-0.9925220400575495,-0.9924212815130478,-0.94905215873523,-0.9476813810558906,-0.9921189444819608
OCD,-0.9481323747241205,-0.9022277982859982,-0.833843510498223,-0.9542300561185442,-0.9278119421520721,-0.814183640218839,-0.8031033557394716,-0.9046408126986092,-0.9347165345707756,-0.9131566130735735,-0.8833883630657583,-0.940369608186058,-0.8496558126676942,-0.9042427771345481,-0.9797933455581335,-0.8553449596507833,-0.9207795610242443,-0.9210076004029499,-0.8829014667560587,-0.88433873600561,-0.9031029841607212,-0.9539575462251976,-0.8963118876819608,-0.8469799289239385,-0.9180059912658524,-0.8923648357034245,-0.92535128464816,-0.8331596485668278,-0.8625398541516791,-0.9828199224679971,-0.7963510532422243,-0.8751085646935471,-0.8470035419052272,-0.8204358597721091,-0.9146994041760386,-0.880178959075937,-0.9926706402427745,-0.8176765864325577,-0.8394373115367222,-0.8161464329395799,-0.9004859799019638,-0.7764373767407131,-0.8533317057276145,-0.9967622585150383,-0.903922009910147,-0.9345988444247082,-0.9137806082424818,-1.0559900567713694,-0.9648911855748293,-0.8803834391899931,-0.9128827964202196,-0.8612055503769119,-0.8638026394958516,-0.8647976641966604,-0.9276394773833204,-0.9876512542390659,-0.8820969334489266,-0.9047513470561953,-0.9539575462251976,-0.8427069478768998,-0.8962003124302066,-0.8779834850383007,-0.8916809967695847,-0.8380900906227206,-0.9513227633143232,-0.9986966506402232,-0.9785678310674226,-0.8688354274544748,-0.8908507170115539,-1.0077177184112622,-0.9739481505706553,-0.855391723130403,-0.9064629060253927,-0.8810192960429414,-1.0058901530485325,-0.9527092945909575,-0.9216805303357558,-0.919214338443434,-0.8387341652752677,-0.770866395687346,-0.8517129798236023,-0.8412460995451926,-0.8980840717883822,-0.8995526666071308,-0.9366936532292722,-0.938187081556765,-0.8334356603841715,-0.8872175606918521,-0.8383167659065397,-0.8938204517686983,-0.9158247648977396,-0.9784451951949072,-0.8273179558065932,-0.836071169219463,-0.874102396747658,-0.9095136062753542,-0.9127951577435103,-0.99292245417253,-0.9009300749780751,-0.9316624925368628,-1.0106210961581992,-0.8957315446047437,-0.9699355648701619,-0.9726741489316965,-0.8370155315165901,-0.8799744314467324,-0.9276286972706267,-0.9644143300469981,-0.885355860657171,-1.0165898878112059,-1.0527939019580235,-0.9663203402598954,-0.829743936404479,-0.7940749334917958,-1.0149950738796714,-0.9527092945909575,-0.8580530286643128,-0.896869555732605,-0.9815676237529435,-1.0389201124244347,-0.8038749902814493,-0.909788436945645,-0.8295510834180135,-0.9787415389161737,-0.8360831298381758,-0.9126636839493506,-0.8646935873475644,-0.8756797359765726,-1.0300169901511333,-0.9174611708404886,-0.945904329200369,-0.8550058479332173,-0.8937197547329924,-0.7547549271121057,-0.9022167145425759,-0.9001860918721195,-0.9376219920628995,-0.930513299206411,-0.8585656643495593,-0.893406402484334,-0.8900983091771381,-0.860357483840293,-0.8913220517859973,-0.9239994588743004,-0.9666721264213632,-0.9022167145425759,-0.8739193326617737,-0.8824822944399507,-0.8866989342499515,-0.9121704884504869,-1.002693871528095,-0.9466440725003247,-0.8952066800465689,-0.88969376754027,-0.9813128960734184,-0.9276610372328892,-0.8315016536363593,-0.8891315988086353,-0.8119451951948481,-0.8958320155029067,-0.7689960988197534,-0.8315016536363593,-0.8426357457407085,-0.9119621702680436,-0.8488551113117008,-0.9401675382611334,-0.9159121136877708,-0.8567117368169995,-0.9714808284263772,-0.8360352863366474,-0.8963899820948469,-0.8964680697046604,-0.9431622341887954,-0.8932832697414633,-0.8333516664650045,-0.8674301124586349,-0.8235138128774768,-0.9419739911483757,-0.9260318569034222,-0.7657773827947649,-0.9201603121195784,-0.9216045789816801,-0.9187681970987024,-0.9468130755328635,-0.8617627283655286,-0.9534961982095158,-0.7497966390962286,-1.0157435700017992,-0.9760199793037025,-0.8657684447934101,-0.9499763154942338,-0.932113190551448,-0.8472632412656648,-0.987094220426804,-0.9053148623545292,-0.9241293199547344,-0.7533226400421004,-0.9471721068528148,-0.9641654422348895,-0.919149062992505,-0.8839654970642238,-0.9790786485262561,-0.9218432621655376,-0.9278873854083801,-0.9473410156854816,-0.8707554191620055,-0.9592471005950448,-1.0272852573652558,-0.8155090434814319,-0.803750583203521,-0.8616002553388665,-0.8702614549662647,-0.8835241932171409,-0.9918341595246657,-0.9037671160204934,-0.946675762867097,-0.9205731910065598,-1.0037006525852217,-0.9241293199547345,-0.8581695636644311,-0.9449523797525461,-0.9223529693127247,-1.0020054890069214,-0.9248648549923388,-0.7912995640084733,-0.7997718424650869,-0.8774821935515271,-0.8819722217847906,-0.8779720952285442,-0.8481008194784391,-0.9136383310697948,-0.908985698457352,-0.954638675101737,-0.9636570966894812,-0.864034142843904,-0.8140239554214606,-0.7973299191677182,-0.9827588717483042,-1.0303276177993095,-0.9673959892412207,-0.8832525120258645,-0.8146870564824262,-0.788451013062955,-0.9358819369984657,-0.8759765978609245,-0.9307067207235585,-0.8560811877386397,-0.8830826688368423,-0.8332196589135424,-0.8954635670980702,-0.9476787430347903,-0.9960095381069399,-0.9341921643858934,-1.0335642215169796,-0.9055026228564995,-0.829647515514872,-0.8665996768981626,-0.9612986008519933,-0.8839541843331022,-0.9065401259734728,-1.0199583324822639,-0.9016068988201011,-0.9633042094790202,-1.0264769846421302,-0.8427188143147155,-0.9055799246891464,-0.8794401628308773,-0.9172431520594744,-1.0500738069297795,-0.9957986744317348,-0.7995467466008477,-0.9510704495461942,-1.030172315683158,-0.950628739308885,-0.809354681212137,-0.960538911236812,-0.8142450491099101,-0.9668686570574103,-0.9270895318144844,-0.963314590359764,-0.8717654501068508,-0.8624934782362126,-1.011343166289267,-0.9643624837165743,-0.8738277862370823,-0.85047927664347,-0.7651895190081996,-0.9430455980492142,-1.0046367502734508,-0.8574234659723281,-0.9118525100036737,-0.8711228386398786,-0.8426238781330612,-1.0078467145354992,-0.981353656945344,-0.9954672269843945,-0.9735989934259381,-0.9943012621937075,-0.9826571121199907,-0.9837047321223985,-0.8354848891512042,-0.8696177321099197,-0.9015958074436682,-0.9707909146670048,-0.976767628456226,-0.9898661525681136,-0.8933616289051147,-0.8743883576535085,-0.8236837985537896,-0.8257451180600465,-0.8812803186273934,-0.8114277540237331,-0.9028371946259193,-0.8425764060309308,-0.9260966472242517,-0.8535426175651688,-0.9710998918751871,-1.0162357010064151,-1.0292011465209314,-0.84436662653139,-0.8006091430904345,-0.8919388992526338,-0.8176888161152749,-0.8321868780508378,-0.9004526639418644,-0.9072788986855145,-0.9410605719080999,-0.8748228392080307,-0.9140869761680231,-0.8124253811889433,-0.9198668381890935,-0.9816694963173704,-0.8823576372424051,-0.9143713687556058,-0.9535591224460076,-0.9861414705811739,-0.9361703904738709,-0.9126417698089431,-0.7644442425710327,-1.0402187269992789,-0.9482905672840999,-0.9544605806422808,-1.0282776862307186,-0.9458514682549264,-0.967364977658381,-0.9391565364730206,-1.0018757407982288,-0.7827866886962246,-0.9547119984581738,-0.9109637753500409,-0.8510669773877964,-0.7459188963955801,-0.96622719895478,-1.0564918362202331,-0.8520181922940379,-0.8159626216929303,-0.948037446517805,-0.8312009384017802,-0.8525813744153692,-0.8795424947096074,-0.8476054506667593,-0.9542719738104017,-0.8067062662456517,-0.940029254863911,-0.9490073761567926,-0.9507865165219793,-0.8520064553746057,-0.957410570236197,-1.0476616820328974,-0.8755312672886102,-0.8927121596572996,-0.9625357136231362,-0.840806160776668,-0.848348395413111,-1.0252877644837082,-0.8390083432243091,-0.9480479945656759,-1.0169734509808994,-0.9031029841607213,-0.8770832343626231,-0.8262777983220897,-0.9038888205968696,-0.79696612224109,-0.8957650361562457,-0.9521738286678542,-0.9858270639417442,-0.9453544308882251,-0.8607990473972424,-0.8755883736094261,-0.7503432547841021,-0.9517746582043461,-0.8558942691711401,-0.8333396666426002,-0.8125853801293744,-0.8606131535132379,-0.7668604827476768,-0.9428334953744484,-0.9477842581516112,-0.8451597482133185,-0.9295778611821605,-0.9812823243083512,-0.8196432150637252,-0.8599156935421054,-0.7951446409301896,-0.8300451794932611,-0.9122581871378299,-0.8246302201593149,-0.8866651002492428,-0.9567000574892844,-0.9213658339660745,-0.8853897446887444,-0.8513606756246145,-0.9118305763682198,-0.9915215580107172,-0.8764559315789928,-1.0188400266970274,-1.034289611279162,-0.8866763783929287,-0.85253445678166,-0.9073119639903356,-0.9478264609093798,-0.9764297209733017,-0.8382929082367332,-0.8802357638723843,-0.8177499617853858,-0.8436675885679146,-0.9903307528295786,-0.7467362318784325,-0.8894576999498065,-0.9137477770150798,-0.9403483397124706,-0.8297198322325434,-0.8385791554766908,-0.9427380336021243,-1.0164718392557661,-0.9551204112571356,-0.8047701535221096,-0.8638952482795584,-0.9295671035487433,-0.7287489279580451,-0.9183653956895371,-0.9416554571604201,-0.8524992668618548,-0.8411391085902498,-0.877220040810742,-0.9530765971316261,-0.8713064902776748,-1.004348047242588,-0.8597179770133925,-0.9772896193043289,-0.8767981523703161,-0.9571285180162589,-0.9350267375856157,-0.8921406839731051,-0.94231364205343,-0.8535309016081374,-0.8282240035159569,-0.8716392602447414,-1.000697256916396,-1.003312015277401,-0.9572538848184424,-0.9368857988036748,-0.923609766080892,-0.8189719164904252,-0.9135617111065897,-0.826798040636285,-0.9694096141466723,-0.8158155428771874,-1.0314819436131686,-0.9093596648191516,-0.856653372140681,-0.8799062450056823,-0.8294787519882593,-0.8249333306395128,-0.8618903642575428,-0.9861313299961624,-0.8689850401474125,-0.820740519287308,-0.9120827813307298,-0.8945361926719343,-0.869997126432036,-0.9617562061146266,-0.7948930745704104,-0.9697293436830711,-0.8062474806162186,-0.8882426470283894,-0.9001749829894186,-0.9893305817571798,-0.8558709014798903,-0.9299650531068359,-0.8483837575060003,-0.9864050892001723,-0.8503264079163952,-0.9149508183503635,-0.9453121177685178,-0.8531559060335925,-0.8644969635574205,-0.905447403221192,-0.8710998794627399,-0.8501382240553591,-0.8164649410721809,-1.0323250457099256,-0.9941604498268879,-1.0174944717294534,-0.9208121415359378,-0.8445560964198886,-0.9047402942281282,-0.8337115808239681,-0.8735416418236741,-0.8883214508273455,-0.8292376016558826,-0.913430347645621,-0.9240102813280814,-0.786113859437677,-0.9674269998299613,-0.9903206551415557,-0.9660615922393354,-0.9976948431258928,-0.9999674994718578,-0.9283399161944939,-0.9531290573684132,-0.9602994324688524,-0.8891091046660135,-0.9130580485379886,-1.014216446326917,-0.9716969692244594,-0.967954027833967,-0.8486194671347105,-0.9890171889305058,-0.9402100829070064,-0.9005526081245891,-0.8173096108574768,-0.860299366499825,-0.774412680681302,-1.0006273032453192,-0.9538107778799735,-0.8599273225104549,-0.8364299133818686,-0.7899335415083981,-0.807808764498133,-0.8488315498377756,-0.8806219393133469,-0.978026073272078,-0.868697300559867,-0.799771842465087,-0.9589968717362951,-0.8929025702729273,-0.9626603762490695,-1.0060690831150711,-0.8500676443671997,-0.9422287408055434,-0.8859091375530563,-0.8797698562692404,-0.802729717900116,-0.9503341517592641,-0.8595085805272684,-0.8705946243803714,-0.9304810583778693,-0.8424577140723444,-0.8512667032135112,-0.930975295053526,-0.8831392868624972,-0.9367897309428622,-0.7893256615618169,-0.8623775275365192,-0.8356524397140236,-0.8628875940700503,-0.8731408821032262,-0.908798657569431,-0.8580064102324644,-0.9663513853666273,-0.9490073761567925,-0.7625975347455564,-0.9624422060570702,-0.834383005579572,-0.9731161287328455,-0.9330139334436545,-0.8878034692430526,-0.9144916620724325,-0.93813378576832,-0.8536949103748951,-0.8594154990457178,-0.9028150419659612,-0.9198124808894473,-0.9279304930866321,-0.9722319682051193,-0.8354130714802109,-0.9368537772779699,-0.8612171619283954,-0.9258590605486344,-0.7874484110086196,-0.8705831379024062,-0.9042095995951381,-0.9170359862077389,-0.8882764209411392,-0.8435134853693804,-0.8182267411909732,-0.8969698991605014,-0.9294164836067843,-0.8986517679279332,-1.0151723991519863,-0.9230140843995827,-0.865964779884263,-1.0092447671402611,-0.9290828811252524,-0.9490389876079908,-0.8524523447090752,-0.908589566305931,-0.9490284505745863,-0.8741824752304291,-0.9458831851766898,-0.9147103366640175,-0.9179297358730678,-0.9126088976116769,-0.8320907402441154,-0.9279089394978367,-0.8974603055288851,-0.9305025523876869,-0.9634702901491046,-0.8495851929029836,-0.9626811517839123,-0.930341335209825,-0.9134960317374127,-0.9769825996403416,-0.7881084950690482,-0.9538212620821576,-0.9250378370639766,-0.8976608490961383,-0.8355207956717775,-0.9357964522266581,-0.9026821145896267,-0.798495460225041,-0.9143057475483789,-0.8798380532802613,-0.9926001208946127,-0.987873979817264,-0.8486901672577571,-0.8343230789088839,-0.9226131366938148,-0.7638291693827881,-0.8032527622112481,-0.816464941072181,-0.9880055667859368,-0.835305333396118,-0.8481951426411259,-0.8082542916681607,-0.9491127435663267,-0.9120279600977155,-0.8785869336610919,-0.8741252770627331,-0.9543138896610486,-0.9287922264963246,-0.8464012051031119,-0.8254059607247818,-0.8147852477800516,-0.9539260977664884,-0.7751741739764039,-0.8080068069020212,-0.9397419858663335,-0.9379099103858537,-0.919377506794679,-0.996099894588891,-1.0260482444797614,-0.9743485002810853,-0.9416342177300058,-0.8259388597226794,-0.9275208892526356,-0.7584556677881708,-0.85110222652746,-0.914086976168023,-0.9293304041082483,-0.981353656945344,-0.8145029158941053,-0.9404759433393286,-0.9849644663641425,-0.9888149472980271,-0.9304165733691548,-0.852991793629927,-0.9505445807535804,-1.021241891032678,-0.948322202629465,-0.9342670924312811,-0.9637504863812002,-0.9366829773194344,-0.9591115680670315,-0.8773682237236542,-1.0025043640802767,-0.8493497512803544,-0.913430347645621,-0.9573896803287572,-0.8456565496701365,-0.8905700421640063,-0.8106016284217544,-0.9331103900396779,-0.8297439364044789,-0.978731321660853,-0.9480585424961899,-0.78434367467329,-0.9870942204268041,-0.9027596579378148,-0.9468236372207867,-0.8776189378084317,-0.7934954316188595,-0.8754056202698266,-0.9525203409901544,-0.893328047248042,-0.9022499653643662,-0.7932559486067533,-0.9271542482241022,-0.8301054149925777,-0.8939323240603843,-0.9696055899178799,-0.877869580290831,-0.7552185114256668,-0.8481833528194244,-0.8861010100434374,-0.9833387005503241,-0.9259562624659978,-1.0405166985685526,-1.0412948669805302,-0.9529296931043758,-0.8328715387141042,-0.8701925074372912,-0.8445205740537053,-0.821398198196222,-0.9169378386782825,-0.9004859799019639,-0.8549824559603548,-0.9411030761824127,-0.8763418282839179,-0.9800076530313425,-1.0089970267547868,-0.8908507170115542,-0.9676750487637883,-0.8059373424776891,-0.8776986954530581,-0.8941336589123575,-0.8725336669722262,-0.904872919254411,-0.8383525511382428,-0.8242056782138788,-0.9048287130722588,-0.8729576163823763,-0.9576820975668282,-0.9872259113293168,-0.7930920501429831,-1.0045969340984473,-0.9125869821556737,-0.9361490265977955,-0.8059745653555079,-0.9855024099412439,-0.9714808284263772,-1.0072809935663434,-0.8874204189672447,-0.8390679352710363,-0.9473726827389525,-0.8679487312047872,-1.005402904312495,-0.9152240162932789,-1.0035113352623377,-0.9256862319382307,-0.8773454279814763,-0.7862029000200902,-0.8223107685054356,-0.895184338558266,-0.9965114148869545,-0.9444125158001666,-0.9922071356324748,-0.8539994145197056,-0.8469799289239385,-0.837278328872783,-0.8395445193674962,-0.9247026549112964,-0.9162505115960372,-0.8926113375932438,-0.8274267339166653,-0.9683465288831266,-0.8944467563807249,-0.9317590890353579,-0.9011520404460059,-0.9279197163548147,-0.8608338980314378,-0.8611010393676226,-0.9564177957357338,-0.8543974484980628,-0.9262586031989123,-0.888816629007356,-0.8897162469012242,-0.976593569505759,-1.0091060400175988,-1.023677195213413,-0.9072348097378099,-0.8325713182664894,-0.826967351229781,-0.87732263164699,-0.9768802383096917,-0.9276286972706268,-0.8411509971461724,-0.7863046483393061,-0.9021834624952952,-0.799446683650636,-0.9898459476100309,-0.8673609398629846,-0.8676606479494158,-0.9176682407057575,-1.0201544000787333,-0.9414536632251213,-1.0183589740361696,-0.9847004620695575,-0.9118963756918874,-0.8937421328325077,-0.8272575173426954,-0.8109099826737861,-0.9683671824261704,-0.9954672269843945,-0.8279220977845682,-0.9388583492732011,-0.855157880160149,-0.8432882069612975,-0.9238154577619926,-0.8902106492285968,-0.9610905264333844,-0.92388040351552,-0.9305992692883441,-0.9383043216355768,-0.8525109969965197,-0.8812689714269984,-0.8069541498747002,-0.9464222102212099,-0.8759651819564519,-0.8657684447934101,-0.9631484828415606,-0.9024605254524987,-0.9556856177634987,-0.9063084463911829,-1.0008970976079408,-0.9892598243131074,-0.9944219426380334,-0.9576507714193102,-0.9529611744452131,-0.9230357522869849,-0.943194041541824,-0.8432407722590268,-0.9283830028603496,-0.9430349940484711,-0.8206308548915279,-0.8298523965139826,-0.9339566371090255,-0.900208309226259,-0.9400930804978834,-0.9440736200106429,-0.9177227250101199,-0.9464644737125636,-0.9669617365749278,-0.9366295959449498,-0.9209424520565875,-0.8543857442630934,-0.9934762201482228,-0.8528511007204013,-0.8393062611466687,-0.9820056007986919,-0.9561459093673935,-0.9180931325306817,-1.0146698970601227,-0.8926673512568947,-0.8839654970642237,-0.8720063073166386,-0.9486068732620484,-0.883524193217141,-0.9902802633598228,-0.799008760903158,-0.8525344567816598,-0.8473222527468519,-0.9298360070464039,-0.909876365227716,-0.8704797527800402,-0.8396517135098338,-0.775535299003211,-0.9487544466298959,-0.9417297913945379,-0.895921313509172,-0.8833430817072152,-0.9103158792419255,-0.9569717864179696,-0.9491970290724682,-0.8572951650394397,-0.8886703550811178,-0.9001416555187299,-1.0111948378032791,-0.9584440515752601,-0.8421965328829133,-0.9371099188462365,-0.9643832225832218,-0.8805083758829328,-0.8254907631221564,-0.8379230274911891,-0.9350267375856158,-0.8339994004794008,-0.8791899680956329,-0.8520534020822874,-0.8189352843784422,-0.8922751817684946,-0.9290505906569351,-0.8811100952775425,-0.8736790028379988,-0.8641614432500445,-0.8735530893998372,-0.7860248087687818,-0.8878034692430526,-0.8683749190297932,-0.894457936406179,-0.9204645566234476,-0.8403540920350182,-0.9609864723293455,-0.8851977180268823,-0.8946815075768584,-0.9862834278238684,-0.8333756655914547,-0.8895026700353406,-0.8797698562692404,-0.8527572925516381,-0.7638946262410805,-0.8287671566851572,-0.9434908584612784,-0.8753370779305536,-0.8452307377278704,-0.99564803017934,-0.793621446282798,-0.9215720264851793,-0.9064518740672336,-0.9609552539010336,-0.8843161199480647,-0.9009744724463619,-0.8811554913861684,-0.7868131925686046,-0.8852993843892584,-0.8060117865143163,-0.9324778817752193,-0.9382403743177972,-0.9265068807083948,-0.9923179933872004,-0.7953081163926343,-0.8718572130802152,-0.8021315353481622,-0.840484979044837,-0.9615274307059576,-0.8267375641641064,-0.9439676901250381,-0.9582875351375493,-0.94231364205343,-0.9267227201272233,-0.9301693394215916,-0.9457457375003071,-0.9041211202045886,-0.7844201680222149,-0.8166731292261304,-0.8873528046949533,-0.903257991938073,-0.9223746527306569,-0.9640720927399569,-0.8926001344387082,-0.9979854708361239,-1.0078764805272518,-0.9525623339183636,-0.8712031909950744,-0.9073009423559528,-0.944518395797562,-0.8341552613272902,-0.8916361365489849,-0.845632899076189,-0.9618185899638246,-0.9148633777783434,-0.9324457088753212,-0.9862530101348234,-0.9400505305567356,-0.946675762867097,-0.8347784137122858,-0.9171014120586665,-0.9004637693988581,-0.9199972826046824,-0.9544186712339611,-0.8213251487687443,-0.927165033853197,-0.9297929877128565,-0.9831556336613243,-1.0117484865321025,-0.8474874630341148,-0.8678219863543445,-0.9140103938139872,-0.827402562239204,-0.9438405585690838,-0.9598723873515687,-0.7614952396436895,-0.9346095441412954,-0.9224288590455093,-0.8318263039841911,-0.8332316604642432,-0.9522683445331993,-0.856233029028897,-0.8996638261039508,-0.9509758146241154,-1.0353815721752055,-0.9121814512475026,-0.8897949201922879,-0.8388653050400882,-0.8791785939159346,-0.8937756989312251,-1.0089970267547868,-0.821678160839145,-0.8624818838677135,-0.8596249182056089,-0.881303012589881,-0.8392466860226497,-0.8524054199733834,-0.8891091046660135,-0.878461723696599,-1.0048457593083626,-0.9471509911307701,-0.9676233771462944,-0.9801402960801071,-0.9245079772506022,-0.9885823182719788,-0.8744684099497249,-0.9651398862341148,-0.9432576530301781,-0.9932648186662004,-0.9929526675526886,-0.919388383655134,-0.889671287611329,-0.9031140570271288,-0.8873866124750812,-0.8342991070353606,-0.9514383847627759,-0.8901544809750721,-0.9471087582743598,-0.9043754751208151,-0.9351015987581242,-0.773340158015863,-0.9224613813054723,-0.9411880789725292,-0.9357964522266581,-0.9393588238793523,-0.98182228534496,-1.008917736983546,-0.8854688023866227,-0.7931676997962033,-0.8521942266877898,-1.0434150660211878,-0.8707324502968751,-0.8543740398677853,-0.93785659884654,-0.9094696256610223,-0.9642380411495908,-0.9147103366640175,-0.774954837393767,-0.8898623489057169,-0.9248972915951262,-0.8841804114545855,-0.8364179577220948,-0.8517716830230975,-0.993033232072321,-0.8159013420751311,-0.9828911435148859,-1.0059398590373083,-0.8069293649384685,-0.7932307356627074,-0.9439253148422284,-1.0145811943851513,-0.7869148619768215,-0.8609500566234954,-0.8236837985537897,-0.9220493479201641,-0.9974342083566213,-0.8606480116749239,-0.8670265278525219,-0.8842595772735514,-0.7432328033664822,-0.9466440725003247,-0.8559760510668508,-0.9703684867100746,-0.8784958736385732,-0.8464484626957509,-0.9157592478375526,-0.8169179885398533,-0.8533902975778433,-0.9577969513419846,-0.94710875827436,-0.8666227552978286,-0.916141364637576,-0.9044749858343236,-0.8507379149890993,-0.8325953398860697,-0.9623279066929318,-0.8157419935249135,-1.0199093096937588,-0.772680399647875,-0.9371846136167623,-0.8346945549121547,-0.8143064533699829,-0.9258914623215833,-0.9749846152632358,-0.922862394943038,-1.0138910197846709,-0.9311041832147463,-0.8986072557018444,-0.9384748265137429,-0.8226512019075886,-0.8112675267752308,-0.95343326982018,-0.8402826905274201,-0.7639077169396837,-0.981628748560269,-0.9996674447034873,-0.8544676705411388,-0.9281675495297171,-0.8881863543198578,-0.8259267522002178,-0.8821649505619684,-0.8380662265000303,-0.8264714151136747,-0.9589030190796147,-0.8784844904720857,-0.9128389781336027,-0.920899017265194,-0.8091198922285868,-0.8867102119632997,-0.9683568557097121,-0.9031694193228643,-0.9743690266013181,-0.9560936146633342,-0.9558844072376115,-0.9101181242014686,-0.88120088515616,-0.9368964724023673,-0.8343470500936645,-0.9428547077890633,-0.980568712533701,-0.9254161226172796,-0.9933755583866557,-0.967302951510022,-0.980935777714321,-0.9247675383576134,-0.8801903203285071,-0.9796810705530652,-0.9550261776516914,-0.979262477581981,-0.841507575723475,-0.8718342732423405,-0.8606015338122516,-0.9186593492693579,-1.0066553531373088,-0.8631656851381431,-0.9978852639457104,-0.9566791520671912,-0.9318020175981591,-0.9524573481264135,-0.8409964328105085,-0.8383525511382427,-0.9175047683799796,-0.9327888292641586,-0.8508319458036352,-0.9526358170885662,-0.9558111738204361,-0.8747199551856583,-0.9576612135823398,-0.9388583492732011,-0.876535795047755,-0.8108359883478286,-0.9122143388480582,-0.9485857894782105,-0.9966719620818076,-0.9343420144679356,-0.8179089191346429,-0.9506708157927223,-0.8006591034891192,-0.9240535698756863,-0.8774480041575113,-0.8653871965773472,-0.8746399259123723,-1.0212320989863175,-0.8196554154033268,-0.8988186691430035,-0.8188620152382208,-1.05814696521797,-0.9651295249861545,-0.9556123691120788,-0.9678713757519642,-0.9483749258600208,-0.8550643250656643,-0.9438087730043624,-0.8340833291704133,-0.8656067236337759,-0.8298764968355231,-0.8973823042605642,-0.9189314446682081,-0.873255403647753,-0.865294747470479,-0.942133217756385,-0.87213244407028,-0.928996770715593,-0.9317698213614777,-0.9153660469997781,-1.0390933548050434,-0.8840786164137214,-0.9480901855836289,-0.8888728818003168,-1.0323637924685272,-0.8032154131987259,-0.8602063705878956,-0.9325958395789677,-0.8334476588244759,-0.9928116639121439,-0.8991412569780123,-0.9640098547214131,-0.9213549804499892,-0.9243457145462405,-0.8658146452907804,-0.9919450589624407,-0.7782126958614849,-0.9835827367334178,-0.8364896891175647,-0.8859768620003572,-0.8449230734214802,-0.9163159935306161,-0.9551622898753909,-0.7812649998560027,-0.9572956701040698,-0.8856720612055007,-0.9538107778799735,-0.9265824302241005,-0.9917030805639357,-0.9209098761550991,-0.9034129731191598,-0.9433848631391113,-0.8954635670980702,-0.8948826738740671,-0.8826749118446723,-0.8418640032689365,-0.9244214406860108,-0.9203559094176558,-0.8828335063872462,-0.8655374053153335,-0.9994773634255055,-0.8965126881422258,-0.9787108868302222,-0.8683979502509203,-0.9320059012688707,-1.010779402243635,-0.8935407097608927,-0.869882175929591,-0.9421862873126524,-0.9136930556811735,-0.9925295965360428,-0.9042870119602515,-1.0077871799144895,-0.9246485818947651,-0.9826164053179653,-0.9439888770531144,-0.8834789188203644,-0.83175417041335,-0.942027069674752,-0.8161831902214111,-0.9679436967096795,-0.8873866124750812,-0.9456399949240726,-1.0309291925248796,-0.862365931609082,-0.8324271739918154,-0.8184955711547865,-0.8864507882561784,-0.8338914797502129,-0.9415492552171659,-0.7914891028940323,-0.9061098167440854,-0.8664034856808921,-0.9121814512475025,-1.0026340309405022,-0.844023103949175,-0.791590171742929,-0.9079399759896025,-0.8596947132558161,-1.0024445121801009,-0.9036121955794975,-0.9407417286375682,-0.763698238835209,-0.8375529833986624,-0.9466018170276244,-0.9703169585243782,-0.8258904285678579,-0.9865064622190773,-0.9601536335399664,-0.8055029484738092,-0.983521733364342,-0.9588508747453902,-0.8292014230571484,-0.8624355048349992,-0.8812916656816857,-0.8994859643151748,-0.8705831379024062,-0.9718924837655654,-0.8282722982208205,-1.0102846133639767,-0.9564282513602367,-0.9325636707485446,-0.9086225839147957,-0.9367470309533946,-0.8989187949976349,-0.9650880788819225,-0.8462357827461564,-0.831020457028586,-0.8248242236986012,-0.9476576386016207,-0.7938356253028709,-0.896032923502256,-0.8778467975677761,-0.9266040146686176,-0.8715589480924398,-0.8010961240700144,-0.9121595255217149,-0.9437557946841969,-0.9141197952128594,-0.8343590354277947,-0.9552983827056339,-0.9044086465752083,-0.9319200609494357,-0.9154097443221806,-0.8975048746385726,-0.9134303476456209,-0.9564909827071031,-0.7746838064655799,-0.875257105083986,-0.9414536632251213,-0.9132332670243676,-0.8868004285068879,-0.9832878520555411,-0.9224722218039957,-0.9264852940009356,-0.920258115965298,-0.8667727499177624,-0.9224288590455093,-0.884101238546808,-0.8302981392247005,-0.9662582470540678,-0.8527455658049474,-0.829141121884568,-0.8911537465555537,-0.8955864000753919,-0.8909068413700728,-0.9183218390085254,-0.8436320287898035,-0.8438098126947801,-0.8540462516749312,-0.8794401628308773,-0.9703169585243783,-1.0193110418316873,-0.8231858842327169,-0.9490179134241883,-1.0191638729860866,-0.9616210272243426,-0.8036386003671054,-0.8791558451150739,-0.8785072566575645,-0.9099093361428928,-0.9525203409901544,-0.8982065464023294,-0.7855412147048683,-0.9397845497772348,-0.8584724806305675,-0.9805381175660638,-0.9066173393444447,-0.9271758193568251,-0.843359354012274,-0.8926561488053505,-0.9175265663728762,-0.9322741013242832,-0.8624818838677134,-0.8728086846497346,-0.9245187937516468,-0.9785678310674227,-0.8346825743958,-0.9545129648150411,-0.9026488796868913,-0.9207143965421634,-0.9288568242737951,-0.9327459461182344,-0.8598808056934403,-0.8496087334767692,-1.0196347385215943,-0.8849265506244007,-0.8719489663965432,-1.0110464875563339,-0.979885197357323,-0.9459043292003689,-0.8342271872817382,-0.8937645103717197,-0.8590547130421903,-0.9230465860399464,-0.9135288720122643,-0.922103573358221,-0.8875443650883036,-0.8343110930582189,-0.9779442724409197,-0.9746768695316412,-0.9261830272683688,-1.0135950868073504,-0.9384215470672015,-0.990835506025092,-0.8255997819767154,-1.0092744918999985,-0.8580996445634971,-0.9156718844651724,-0.9094476345562729,-0.910711260499177,-1.0515013076549167,-0.8325472959538094,-0.8271849853569635,-1.002973080396478,-0.8734271578099687,-0.9134412953222556,-0.7918680445629814,-0.9064408419748086,-0.8814164736377463,-0.9753127703460055,-0.9599869790783622,-0.9536535010159612,-0.9122362632564,-0.9710175075661611,-0.9266363903926933,-0.9868206523983981,-0.8285378687784887,-1.0342219297616928,-0.819374761632307,-0.9599036409973659,-0.9058228303592265,-0.7916659649119696,-1.0383520597562272,-1.0111355003163522,-1.0087591387442296,-0.873747675247265,-0.885333270582327,-0.9861921719421627,-0.8581695636644311,-0.7386304894871318,-0.9974141567072325,-0.8933392412739967,-0.8988186691430035,-0.8668304332451647,-0.7692171344945457,-0.9817815439291981,-0.9360315165634114,-0.9653263696802238,-1.051729527968099,-0.9569822359897805,-1.0017359931638674,-0.9825248088470846,-0.9093816580512277,-0.9492286342077971,-0.8580646828765299,-0.9465595596685926,-0.8499147016024609,-0.7767979145183128,-0.8561045496900481,-0.96317963018328,-0.7448187699031221,-0.9238695795403158,-0.9067386613572843,-0.9274454161836156,-0.9610593113850986,-0.8558825854052645,-0.9221794836147679,-0.9281029037773776,-0.8235380986936791,-0.816317952761055,-0.9785678310674227,-0.9045302648336319,-0.8218120223019374,-0.9303843291887498,-0.9905932565892017,-1.022778079546096,-0.861344878663593,-0.8987964174383429,-0.8598924351336044,-0.7386169507938468,-0.9524468489107412,-0.9499447352346345,-0.8838976185056728,-1.0595447135444545,-0.9306744865956087,-0.8783820353354228,-1.0255705729007634,-0.9264852940009356,-0.8794287918870975,-0.8343590354277947,-0.8842482683047787,-0.7840886429479769,-1.0021152628315766,-1.035352596944635,-0.9601744633138292,-0.9558530221744345,-0.9520477929179817,-0.9718307465809054,-0.9107442011893351,-0.8536246247619618,-0.9901287795029493,-0.9586109742747576,-0.9579326698677731,-0.8343350645873634,-0.8850508459969969,-0.9316624925368627,-0.876250534949908,-0.9242483432497999,-0.9894720814656671,-0.9921668206506404,-0.8688929738466068,-1.039478234500367,-0.8503616877540991,-0.7928398325008651,-0.8526634740623056,-0.8391871066693052,-0.7302978844279915,-1.0282096089805814,-0.8572951650394396,-0.8446981709462854,-0.9219842731847436,-0.9481112803885416,-0.8710883996472459,-0.9679436967096795,-0.844532415008447,-0.8926449462132187,-0.9203341784373762,-0.8249696964131471,-1.0267497260773921,-0.9407098383667517,-0.8721095114720399,-0.8503146476452114,-0.9521738286678542,-0.8398303400092187,-0.8270882661481784,-0.92972845498027,-0.9954169980465473,-0.8397350772713975,-0.9269492974267795,-0.8980395314238677,-0.9169160266894674,-0.9226673289978354,-0.853472319410536,-0.891950110712477,-0.9020060975403658,-0.9387198730185699,-1.0220640880101404,-0.9801096877390816,-0.9206275033910295,-0.869847687816666,-0.9358285099311732,-0.9910676061702349,-0.9497131145772391,-0.8335556370153105,-0.8559994158876512,-0.8095770500699732,-0.9676440461244,-0.8675453878616382,-0.9517116159845902,-0.9735579078822174,-0.9727563929371011,-0.8920285869858656,-0.857971444746269,-0.8718916217053585,-0.8580879908261158,-0.9938485800160908,-0.8335676337286616,-0.8998638785949795,-0.7994717005623151,-0.963262684837319,-1.000437404338722,-0.8751542721143513,-0.9734140948229587,-0.9696777815336391,-0.8846100835961571,-0.8855365605100675,-0.8678219863543445,-0.9813128960734187,-0.8005092129388643,-0.8299367445775611,-0.846495717650125,-0.8625282604065794,-0.8014830004435528,-0.7807016075300472,-0.9949648234988009,-0.9093376710551477,-1.0006672773704555,-0.8257814480841769,-0.8452307377278704,-0.9534332698201797,-0.8882876786266936,-0.958214485384144,-0.8284171654426289,-0.909656528586477,-0.9017843422903282,-0.9414324192420824,-0.8341073072452968,-0.8726138894150149,-0.9055799246891464,-0.9829521860192387,-1.0082732764484041,-0.8942454920210668,-0.9392097742251195,-0.9167087869110888,-0.9437134098867093,-0.8737591201240762,-0.9353261463254409,-1.0057310773760548,-0.9232199087974652,-0.9362237980312186,-0.9071466254139956,-1.0204092316320936,-0.9487122851528803,-0.8428611985374579,-0.8339514374350583,-0.8653063041489989,-0.8668419694500261,-0.9446348500875881,-0.9491022073517689,-0.8117850700770494,-0.8883101935697914,-0.9337424698491549,-0.9526043249954306,-0.9123568380847485,-0.8560811877386397,-0.9305777775124442,-0.8127453475720424,-0.8934847508491681,-0.8730034364193534,-0.8995304330593824,-0.9373019790867828,-0.9109967069095255,-1.0032023724054884,-0.881756769182976,-0.7758575900253859,-1.000557344683452,-0.8994192570764761,-0.9198559669861364,-0.9753845395535036,-0.855321576952201,-1.0208207482217433,-0.9076976368813572,-0.9963006574322832,-0.8846213879394959,-0.8556255021912332,-0.9155080556718219,-0.8585540169377813,-0.9381018068418799,-0.88206292292557,-0.987965080354564,-0.8748685615565347,-0.9611633576036905,-0.9477842581516112,-0.7856175914527372,-0.9068489400115104,-0.9934460226907147,-0.8106509729840581,-0.9536430149694382,-0.9283506880484335,-0.8048198556198772,-0.8860671532113128,-0.8435371953861904,-0.838257120458872,-0.8998416527367468,-0.8708817370917822,-0.8402707896862772,-0.9362878830787035,-0.8430628683556167,-0.8253211496138942,-0.9958790087154161,-0.8171750118548657,-0.8519008158230629,-0.9911483239152453,-0.9763682706847862,-0.7787650480087046,-0.9680366728590399,-0.957776069861844,-0.8695717336712366,-0.859275857917584,-0.854666601664064,-0.8399851189158054,-0.9372913101058816,-0.8475582575846925,-0.9927814462408129,-0.8891990778222838,-0.8950167596196174,-0.851666014350696,-0.8743654842227019,-0.8378275478879887,-0.9492707727513788,-0.8093176137957211,-0.9587987275752925,-0.8645432320017317,-0.926701138447558,-0.9245620584903969,-0.9201494443839001,-0.9224071769018279,-0.9961601276903227,-0.8717310365015117,-0.8721897729278875,-0.9958187586102201,-0.8763760608323345,-0.9204645566234476,-0.9643935918493031,-0.897449162905621,-0.8292255422983544,-0.8631888553497432,-0.8298644467622408,-0.8853671554784489,-0.8663111450281591,-0.7990463065429938,-0.9811600277222875,-0.8679717737346071,-1.0078764805272518,-0.868363403190162,-0.8865748699348521,-0.9318020175981591,-0.8947485680346183,-0.9454284742908899,-0.9464433422027966,-0.8192893261845903,-0.9684084881908047,-0.8993747828352759,-0.7953458367276464,-0.9501868237352064,-0.9049060724738232,-0.9295671035487433,-0.9074772724426766,-0.970656993999425,-0.8684670402496573,-0.9464116440534742,-0.8610081300429165,-0.9660822946312597,-0.8574934402081452,-0.8288878090550011,-0.9239453447038953,-0.9298682702404679,-0.8717654501068507,-0.9867395806391878,-0.9105245740780422,-0.8751885511134158,-0.9585275165586015,-0.9704921431933388,-1.0035013702033495,-0.982412846007217,-0.7810473737232588,-0.9651502473708432,-0.871593368492441,-0.8491613509810724,-0.8381855403190871,-0.8719604348822256,-0.8466492780366615,-0.9004859799019639,-0.994854260683443,-0.9153004971046395,-1.0763897992827691,-0.8522411630518676,-0.8907272309747806,-0.9088426706531775,-0.8951061389578333,-0.8956422276779942,-0.9381124666051507,-1.0194385709791445,-0.7827611385346106,-0.9743074463432988,-0.9709660138233469,-0.8735759841021272,-0.8213129732324943,-0.8829354449788501,-0.8760907487241262,-0.9906841070694534,-0.89177071044075,-0.8845422545022934,-0.9063967122623515,-0.9033022749888322,-0.8915127593029727,-0.9468975657377096,-0.9348663006013214,-0.8907609106825467,-0.8956198970545485,-0.9343955265303874,-0.8879836710210385,-0.9105575215218421,-0.8277529824772605,-0.8325833291629133,-0.8368124043057679,-0.8178477853488386,-0.9561668264481884,-1.0133681463318254,-0.912389719363387,-0.8708817370917822,-0.9887846074853713,-0.7887933823251816,-0.9158575216702651,-0.9186702346326455,-0.9456082698453943,-0.8728545125048045,-0.9183327283724565,-0.9154643630420575,-0.8362505605379287,-0.8368960508928215,-0.8792695832337202,-0.9531290573684132,-0.8841804114545854,-1.0162849009997148,-0.9574836813230814,-0.8712720585442872,-0.982270329390031,-0.7964891713011546,-0.8329915965962681,-0.9931641354781192,-1.030851589706297,-0.7747612535484723,-0.7851210097812948,-1.0268081612453224,-0.9820056007986919,-0.8887153650072671,-0.8274388194906013,-1.0253950458238035,-0.9456399949240725,-0.9503341517592642,-0.7988835960263547,-0.9354223644963808,-0.8936414269716909,-0.9288675901332762,-0.999827485119308,-0.9464327762709827,-0.9678507116286066,-0.7740251933884322,-0.9041211202045885,-0.7801378083390139,-0.9210076004029499,-0.9061649960134193,-0.9422605796699765,-0.8830486962789764,-0.9451111045797738,-0.8966799875094793,-0.8677182722520024,-0.9473093475734313,-1.0055321973959856,-0.9561877430714116,-0.9066393990997744,-0.9562086592370935,-0.9122253011180954,-0.9449523797525461,-0.868996547749184,-0.9550890010883801,-0.9877423753185848,-0.9265608452767686,-0.9601015571282029,-0.7727062831373898,-0.8904240562788047,-0.8507026507540693,-0.8175542795435665,-0.8896488071143579,-0.7825694857327368,-0.833315666479396,-0.8914454554261859,-0.9732086107305051,-0.7681243388931247,-0.9678403794014796,-0.8469327009863299,-0.8421727851219132,-0.8043848581369493,-0.7797146914096206,-0.9040768772621054,-0.8370394255947565,-0.8119575112036342,-0.8371230494975036,-0.8827428844233184,-0.839103688467641,-0.8790989705374473,-0.9711616755206106,-0.8859994356657345,-0.8603109902820026,-0.8618323502862955,-0.830948253503189,-0.9318771378245095,-0.9577238641696258,-0.8819835599374855,-0.8205211758388689,-0.9420164542087361,-0.8688929738466068,-0.8532965486863286,-0.9132332670243677,-0.9382723485214727,-0.9041432408639684,-0.7650326790405754,-0.9433636626455356,-0.8866651002492429,-0.8715245263330229,-0.9665272888025459,-1.0232277361369753,-0.8798380532802614,-0.8110579510737812,-0.9727666729488629,-1.0297451140937741,-0.9335925235347593,-0.9449523797525461,-0.9493971771603285,-0.8662072500273823,-1.0016561286189987,-0.9159667024515684,-0.9488493031035014,-0.9398909511214586,-0.8463421294015795,-0.8767753418065543,-1.0233547771911753,-0.8905700421640063,-0.8058008438814147,-0.9965013798284476,-0.8344788793013278,-0.8978390724400448,-0.8838410490580306,-0.9650155439162625,-0.9793033237970755,-1.0038500884096189,-0.9534752225412048,-0.8583093847791715,-1.0175534384001659,-0.9152567945664211,-0.9036121955794975,-0.9160322046740497,-0.9340422902631336,-0.8232466216146896,-0.9230790865359262,-0.9352299182553988,-0.8725222060211418,-0.8806673605851417,-0.9713264126955469,-0.9471615490506358,-1.0183196943985715,-0.9106563567010335,-0.9108539948861178,-0.9593096476112392,-0.9774226312092431,-0.837779804005802,-0.9752307419272631,-0.8465429699666757,-0.9674890180255278,-0.873598878204408,-0.8815866378297712,-0.8472868463513404,-0.9290828811252525,-0.804695594619481,-0.8317902379807063,-0.9147103366640175,-0.9348769972568584,-0.9608303700445777,-0.921148739346692,-0.9005526081245894,-0.9649430034981341,-0.9258806618565916,-0.8682712709746879,-0.9179842046571389,-0.7828250123750519,-0.8148588834884234,-0.9494393082235432,-0.9321239188004994,-0.9855531441784354,-0.8704682647862585,-0.9768597647564363,-0.9139994529538844,-0.9211487393466921,-0.9907951352323042,-0.9960296180335202,-0.923609766080892,-0.8200335358995997,-0.8867778752314471,-0.8770490294162578,-0.8746399259123723,-0.8570385055526969,-0.9292012699087319,-0.9427698552669149,-0.9412199530396707,-0.9515119547330974,-0.8658146452907804,-0.8344549119035731,-0.9184416149108227,-0.9622967317828737,-0.93577507981352,-0.8873866124750812,-0.8215929649163265,-0.8324151608422327,-0.9239453447038954,-0.9061429247089003,-0.9052927703235014,-0.8621919739825927,-0.8627485149219325,-0.8794287918870977,-0.9596952641333601,-0.8745484549183081,-0.818642168471671,-0.9091067044082339,-0.9454178970169753,-0.9792726892954792,-0.7677727528377132,-0.9375793299769358,-0.9294380022357597,-0.9911886803227727,-0.9576298867516614,-0.8968695557326049,-0.9336674997021155,-0.840484979044837,-0.8770376274710224,-0.9501762994307951,-0.8732439521691518,-0.8306112207284465,-0.9623071235317756,-0.985370488699555,-0.9435968418768685,-0.825175738858093,-0.8981508781936363,-0.9029036493447127,-0.9293196436103134,-0.8822669663996267,-0.9333675588962796,-0.8900421338341236,-0.9188117326199094,-0.9119512048349955,-0.796275706021476,-0.9147322012479936,-1.0041588519751243,-0.8669342535625179,-0.876353239281969,-0.8847005142984828,-0.8778240142534266,-0.8449585788664435,-0.9775760839955118,-0.8717883917557058,-0.9457986043550709,-0.872384662863808,-0.9917131641760131,-0.7938986081358248,-0.8704682647862585,-0.8589499403341267,-0.9102719373901406,-0.8951843385582658,-0.8837957908928963,-0.9159011955445849,-0.9607262877635856,-0.921376687354309,-0.9014627002821581,-0.94246220083354,-1.004975124070243,-0.907389111682524,-0.8992413469141641,-0.8824936260393046,-0.808105809903629,-0.7533093654004309,-0.8152760268767874,-0.9866280960929504,-0.9362344791770917,-0.7686709308930578,-0.8786438413828438,-0.8502440826021666,-0.9859893508552716,-0.8379588295375853,-0.8361907677079435,-0.956093614663334,-0.7815465437195664,-0.8508436989247788,-0.9297929877128563,-0.9576716556315112,-0.7463745708422815,-0.9846192157377389,-1.017858045112382,-0.877846797567776,-0.8773568259266009,-0.8743769210129004,-0.9423985356525125,-0.8858414079280783,-0.8532145099563181,-0.9167087869110888,-0.902482686814545,-0.9111503717828358,-0.8783706506936579,-0.9043312446222346,-0.9731264049443936,-0.9626292121060943,-0.9422075142982038,-0.9039773227244143,-1.0017559583052154,-0.8758624321204787,-0.8594969458933521,-0.8781884763534534,-0.8466256551747059,-0.9423348661701954,-1.0055222523644118,-0.9225806197834421,-0.9799260176156157,-0.9172976616126305,-0.9504498934715074,-0.8280791025016873,-0.9531080736201955,-0.9246702114808285,-0.872361736895882,-0.8527455658049474,-0.933870976098947,-0.7792400143729786,-1.0091952239284527,-0.8232587685533631,-0.9529401870002125,-0.8921967271852099,-1.0147684464940758,-0.861205550376912,-0.8730950692793998,-0.8716507328052906,-0.9137915517228204,-0.9947637910579576,-0.9581205560888462,-0.9000527762303719,-0.8330756268190781,-0.8372783288727829,-0.8497264265632793,-0.9110954944461092,-0.8939546968387156,-0.8249090858997736,-0.8824029691699818,-0.908974697117582,-0.8560811877386396,-0.9027818119567984,-0.8309362189723108,-0.8439046154631458,-0.9335603890482929,-0.9794054318820169,-0.7853375070630462,-0.8610197442567737,-0.799446683650636,-0.9020947843768967,-0.834550777364685,-0.9191708219912118,-0.8790648440246032,-0.9657302936120415,-0.9416979345841213,-0.9048508164332947,-0.769983766062636,-0.8888503811103419,-0.8960775636070796,-0.9159776198139341,-0.8512432084897946,-0.8776873019475672,-0.833087630444721,-0.9046629206505593,-0.9113369300099717,-0.9430562019307226,-0.8097252620488012,-0.8939546968387156,-0.8420421604646646,-1.0034714744326318,-0.833879487695914,-0.920127708527463,-0.7867496425166013,-0.828224003515957,-0.9838978605526084,-0.8830939927323704,-0.8791672195890837,-0.9271542482241021,-0.9824840965633999,-0.9005081898572606,-0.9207361185486317,-0.8124499984614437,-0.9525728318611654,-1.0303373234043305,-0.8625514477409448,-0.955204166657579,-0.9388796514995945,-0.9650155439162625,-0.9413686844164724,-0.9498605160759132,-0.9031694193228644,-0.9538107778799734,-0.939316240677228,-0.9166869694721312,-0.8193991701240612,-0.8788828135764176,-0.8584841291485824,-0.7701915346197984,-0.7880958063585924,-0.9778317851246194,-0.995668117396555,-1.0095419753531796,-0.8133603137601441,-0.8817681101060528,-0.8709391482761583,-0.7985580755336459,-0.8143678530001046,-0.7780584810925204,-0.9706054811302067,-0.9173521679268001,-1.0109178997327133,-0.9384854820400792,-0.9023607925879759,-0.9102829230519487,-0.8783023397441224,-0.751648188982053,-0.8450887527354745,-0.9470348462437905,-0.8915015423430293,-0.8711457972119249,-0.9939793760435877,-0.9557065449184703,-0.8788600571194483,-0.8076354375583082,-0.8181656311530081,-0.9772896193043288,-0.8969253034673512,-1.0078864023291514,-0.9182129382665003,-0.8878597862275327,-0.8515016147958852,-0.8758281794964123,-0.8771858411990016,-0.8667842868903428,-0.8662880583270209,-0.9283614597773865,-0.8642540135862835,-0.7965644983301728,-0.9080390960746129,-0.8856043134492966,-0.8431458948485724,-0.8625282604065795,-0.8919837442464968,-0.8319705523634835,-0.8522646302645676,-0.9395291373874469,-0.8408894100891031,-0.9545234413046125,-0.865387196577347,-0.8326794100973075,-0.8058504824097334,-0.7287626499759712,-0.9017621637660342,-0.852170757536305,-0.8903566701047396,-0.8668765771434823,-0.8476644383245059,-0.9448042125223616,-0.9069592052567745,-0.9530556122283736,-0.9042759534566868,-0.8758852664590266,-0.9187899651171643,-0.8326433810461714,-0.9955375432398317,-0.8295510834180135,-1.0259117895803713,-0.927423851321498,-0.8283326626422503,-0.9252972495366016,-0.7959742458145238,-0.9841417580816292,-0.8623079496328444,-0.942037685021146,-0.8743654842227018,-0.9563027763213908,-0.8891203518084603,-0.9899671711728627,-0.8087737631748447,-0.92354480129553,-0.8477352180958392,-0.8755655315280517,-0.8762391226143695,-0.8826862409712751,-0.80761067353026,-0.887273914865077,-0.8566183514261179,-0.8327274464072864,-0.8638489451287188,-0.9178861585185822,-0.9409011637786405,-0.9442536735432909,-0.8924880951586973,-0.9060215229231587,-0.8367526516241225,-0.9114356806708853,-0.8890978573812895,-0.9632419218451821,-0.9132004161190467,-0.9676337116905342,-0.9710484025011317,-0.8695487335394146,-0.8855704376276344,-0.9556960813982653,-0.8344429279465432,-0.9411243275997067,-0.8165874111202057,-0.8665419782099423,-0.7744126806813019,-0.9126636839493505,-0.9342349811476768,-0.9374619992298354,-0.8975605829134878,-0.8746399259123723,-0.9643313745803359,-0.8533317057276145,-0.9198016090440373,-0.9937378930080103,-0.916632423602831,-0.9093816580512277,-0.9216479805218475,-0.838245190860049,-0.8427425466890822,-0.8723273468142563,-0.8918379897716849,-0.9228515590277778,-0.7845094008359619,-0.7655422914509686,-1.0304149649534404,-0.856069506523857,-0.8826749118446724,-0.9508285860237901,-1.0074298983055843,-0.8473930610997473,-0.9169160266894673,-0.9126746408222374,-0.9564387068704403,-0.9189858540804641,-0.9625149349490635,-0.8784161883754192,-0.9647564459489244,-0.9362985634935045,-1.0294051680460905,-0.9799464271071149,-0.9849340079416488,-0.8653756409791069,-0.8843500438174919,-0.8479829007710001,-0.9845582765890498,-0.9619745318874092,-1.000117493097686,-0.8805197328850728,-0.9630965683668486,-0.9455659680847233,-0.9347700251933627,-0.8859881489049388,-0.797793833017027,-0.8857059331403397,-0.9071907186474076,-1.0335255197623328,-0.8882764209411393,-0.9068709941331236,-1.02014459759389,-1.0115409037700849,-0.9207143965421634,-0.9536430149694382,-0.8752799552143302,-0.8919949551426847,-0.8323070346933275,-0.9654195978951328,-0.9513753202600959,-0.8889853767076261,-0.9529716679943848,-1.0449665066402845,-0.7996593024532385,-0.9271003181964722,-0.768579859220888,-0.8642193008721802,-0.9584857849754476,-0.8874429559132239,-1.0346569479784107,-0.9092056972984717,-0.9143932414448392,-0.9112271945020078,-0.875039999085756,-1.032470338556997,-0.9611009312241873,-0.8639531237283652,-0.9517221233112111,-0.8514898707559592,-0.8678911222037012,-0.8802925650032495,-0.855438484053646,-0.9114685951803277,-0.9243024396808655,-0.8522059610211606,-0.9634080132529519,-0.8941224748321674,-0.7853884389268789,-0.8845309491476259,-0.8820855967535123,-0.8760907487241261,-1.011916498531376,-0.8270157193185629,-0.8743883576535085,-0.8893565089434046,-0.7503165998430262,-0.881813472339814,-0.9104476920724222,-0.7746321707752655,-0.8927345630141132,-1.0097103545076678,-0.9636986043364387,-0.8707324502968751,-0.9199755431531863,-0.8911425250766568,-0.861704705801239,-0.8121791674255133,-0.9156063564654845,-0.9471721068528148,-0.9351122927221094,-0.9575567868278101,-0.8448757305071557,-0.8357003051333654,-0.9531080736201956,-0.9123568380847485,-0.8858752733878511,-0.8772428398111892,-1.0163144198524392,-0.9057455492576268,-0.9819037631051222,-0.9446348500875882,-0.9268198314667204,-0.8393181756640327,-0.8719604348822255,-0.8298644467622408,-0.940561002806304,-0.9546072490820505,-0.9645180143470623,-0.8812235811642809,-0.7797788147930155,-0.8853106799310624,-0.7750838664299496,-0.8568634663702263,-0.8878935747036353,-0.8195212016781506,-0.8930929402923303,-1.0328286401915856,-0.8254786490273386,-0.9578804727104525,-0.87311797599179,-0.9335711006666819,-0.9447618747599841,-1.0722476393072637,-0.8663457739263233,-0.828405094141749,-0.8140485243522034,-0.8495381097984952,-0.8486430344968372,-0.9288352921804812,-0.9181040246072337,-0.8606015338122517,-0.9568150291461772,-0.9682122701143587,-0.9464961700926211,-0.9064849695389329,-0.9348769972568584,-1.0194876164034559,-0.8989632917978353,-0.8536246247619618,-0.9394120501675502,-0.959736943125563,-0.8763646501314393,-0.9566582461882613,-0.9359246764563909,-0.8896263260493139,-0.8355207956717774,-0.8263020029020866,-0.9521633263258988,-1.023569733823739,-0.871340920650465,-0.9515750101804902,-0.9412518260274453,-0.8479829007710001,-0.957817832366886,-0.8903566701047395,-0.8879048372432712,-0.9019950110726778,-0.9335068291126745,-0.8820515857930306,-0.9526673081406751,-0.8739536600987491,-0.8009962546728917,-1.0399879806997772,-0.7513155129504515,-0.9524783462105583,-0.8402231846360823,-0.7753418600849563,-0.8445560964198886,-0.9593826139763009,-1.0283846556614895,-0.8821649505619683,-0.9041543009907103,-0.7910720574005886,-0.8616466793297587,-0.9947537383694519,-0.8381139540659135,-0.944243083109429,-0.8498441033507262,-0.9121595255217148,-0.8555904394042747,-0.8708702544007345,-0.984913701803361,-0.9752102337444989,-0.9195623959253663,-0.9496604656402202,-0.8090333738480755,-0.861913568752691,-0.8517716830230975,-0.8873640740981122,-0.9690794601063423,-0.8805765156986642,-0.7881465599747296,-0.8242784723623443,-0.8779720952285442,-0.8172606683304905,-1.005929918036043,-0.8886253428751625,-0.8283809510122743,-0.8748228392080307,-0.9799872448149517,-0.9828199224679972,-0.9480585424961899,-0.9384215470672015,-0.8552163468970877,-0.8066070914639915,-0.8791558451150739,-0.9525728318611653,-0.8217876854759995,-0.9389435552790167,-0.7900601242943475,-0.8342991070353606,-0.8032652114961784,-0.9046739744239357,-0.8411985496896675,-0.8754284665236789,-0.9547538949907457,-0.9941403321463224,-0.9780567468199379,-0.929244316635835,-1.0112047270459132,-0.9523733511601424,-0.9625045454438125,-0.9676233771462944,-0.9869523798036053,-0.9651088021565236,-0.998225926331309,-0.8463539448717659,-1.0015862419182884,-0.9276071366693984,-0.8831392868624972,-0.9532969107261389,-0.7745030664884419,-0.8781770892024,-0.8895251542255563,-0.8504675184861559,-0.9132223168538973,-0.9064629060253927,-0.9547538949907457,-0.7384680087857565,-0.9060215229231589,-0.9373233166842698,-1.0025542379342876,-0.7970037641065442,-0.9190076169434069,-0.9851877993560415,-0.8365972746788026,-0.8709161842565563,-0.9234148580134499,-0.9044970978394569,-0.8181289629392179,-0.9314048528969558,-0.8418164883155947,-0.9135069786268738,-0.8744455386128972,-0.9161522799185734,-0.9792114174170969,-0.9535276608468156,-0.9484276461596847,-0.9790173645038172,-0.963594831866589,-0.8836260521283876,-0.8915127593029726,-0.852956622578194,-0.9625045454438124,-0.8272212521447934,-0.7976810139397829,-0.9172649562694521,-0.8815639511686036,-0.9287383915829043,-0.8459403052225376,-0.9098653746571522,-0.9899873736568565,-0.9380591665774606,-0.8713753496628189,-0.9768188163625842,-0.9951959606027347,-0.8191794675161238,-0.873392809679585,-0.9330675216724672,-0.9438723430634038,-0.9509547833624898,-0.8366928946752208,-0.9298897784146248,-0.9562295749452637,-0.9358391955886439,-0.9212030177979227,-0.9530870894099867,-0.9581414300613453,-0.9393268866587393,-0.7919311838790034,-0.8044967370971743,-1.022024950771751,-0.9308463890460122,-0.9189532088196875,-0.7812649998560027,-0.8850847417055611,-0.8358199566892383,-0.9280382535219118,-0.9923079159212629,-0.9067717463617843,-0.9763477863958109,-0.8326794100973075,-0.8858865615867532,-0.7791630124691494,-0.8552631174089059,-0.8291531824699221,-0.9956781608531946,-1.0269931840085407,-0.8961556784398568,-0.9384428592088065,-0.9004304526169693,-0.9658441903329956,-0.974040553570538,-0.987560124751906,-0.9544081935943342,-0.8822216274837067,-0.8482187217929112,-0.739469404370458,-0.8888728818003169,-0.9019395766901461,-0.8256361183959916,-1.0110959400571242,-0.9436604262127346,-0.9320273601134249,-0.9512491787118662,-0.8261204512660366,-0.9406885775855897,-0.7728615658706286,-0.976972363989893,-1.042302739131007,-0.9467602653259165,-0.9229815816147146,-0.9936372577555654,-0.9612569895714673,-0.899730515209971,-0.9464856047505424,-0.9429925768530737,-0.944518395797562,-1.0108189748911522,-0.8086130100363215,-0.7619547230643038,-0.9104367083987772,-1.0273241942055098,-0.7761668635029455,-0.9448359645991466,-0.9150054644645572,-0.9278334979941175,-0.7703473242635428,-0.8803720804296329,-0.914086976168023,-0.8539174433163899,-0.8611707147830795,-1.0028933143659897,-0.8646241958215142,-0.9347700251933627,-0.8132865423699079,-0.9768495278188959,-0.9168614944472256,-0.8618323502862956,-0.9845785900576958,-0.8165629185800688,-1.005373065085792,-0.8211912079412443,-0.8944020348814062,-0.7423038461438819,-0.935155067355142,-0.8480536539630025,-0.8710654395623787,-0.8044345840402437,-0.8400922568384974,-0.855450173885072,-0.9349411746200934,-0.8535777644714043,-0.9200951037800386,-0.9246377669119946,-0.8382332610914459,-0.9135398185082027,-0.77872652452578,-0.8420540362708322,-0.903822438314075,-0.8130897859400277,-0.9303520838908246,-0.8114277540237331,-0.9519637598144165,-1.0006173094645125,-0.9158684403340908,-0.9155845127567416,-0.8127453475720424,-0.8076106735302598,-0.9885216234357243,-0.9244755269881405,-0.9617042164823861,-0.8369199483821615,-0.9718410363840374,-0.8355806364439041,-0.9236855525556301,-0.8106016284217544,-0.8799744314467325,-0.8208379864504322,-0.8414481564540979,-0.9455025118951297,-0.9192360958970226,-0.7632398050416397,-0.9537269001134444,-0.8603807296772749,-0.8634321050320054,-0.8807695498823743,-0.9177009316765457,-0.9138681524158723,-0.8747428193474925,-0.8580530286643129,-0.9810581022549073,-0.7991339061759299,-0.8423864908698381,-0.7866860873308997,-0.8780404318708791,-0.7999593739684534,-0.7927893793435933,-0.8534840361717376,-0.9092056972984716,-0.8578665397368055,-0.9209098761550991,-0.9940196175126526,-0.9085675539000939,-1.0069235323498997,-0.8388414629714008,-0.790718028123806,-0.9400930804978835,-1.0109178997327133,-0.9975645342532983,-0.8490200233210051,-0.805105583138013,-0.8893002867423354,-1.041736530990442,-0.9754255481583409,-0.8737362302205398,-0.8423983618217691,-1.0122919539342394,-0.8610313583139699,-0.8137167811960129,-0.940518474034402,-0.8991968638735347,-0.9078628751083503,-0.9804667255955196,-0.9309108442810192,-0.9555705102188953,-0.9707806137330927,-0.8895926033865165,-0.810650972984058,-0.8765015687379003,-0.9035568604133335,-0.9936171294819751,-0.9430243899284896,-0.8576100512470688,-0.907267876649449,-0.8187032429397113,-1.0077276417762888,-0.8041237466957433,-0.9038556300648903,-0.961704216482386,-0.937995202546367,-0.8841351706611382,-0.8303222266084415,-0.9169160266894674,-0.9514699154466209,-0.8727284801128012,-0.8266891798009697,-0.910722240861614,-0.9032801337348231,-0.960143218483576,-0.9718513260782227,-0.8985404832282183,-0.8867553213823981,-0.9401675382611335,-0.9055136663794755,-0.8837278992993262,-0.9672719369443115,-1.0622123139937703,-0.840865625412289,-0.8720407100588824,-0.879553864183428,-0.8217876854759993,-0.8458811973321075,-0.908974697117582,-0.9595702162947743,-0.9462108644483004,-0.9733832749744572,-0.9368004056361205,-0.9367683811914235,-0.9732908095733772,-0.9799566316934643,-0.7941001196322792,-0.9523208492939762,-0.8667150627513058,-0.893451173819812,-0.8379946300543937,-0.932306280146176,-0.9125869821556737,-0.9238371068538003,-0.9019063144251735,-0.8701695237136267,-0.7668604827476768,-0.9331639727293376,-0.9575776730897604,-0.9081602281536008,-0.8873302654592595,-0.8972151358509284,-0.7934324167816689,-0.8274509048880181,-0.9864861884486776,-0.9526778049267234,-0.8859430004238422,-1.0000674977220287,-0.8722585625833661,-0.7898702425082236,-0.9738865437000349,-0.943766390586145,-0.9686046665177698,-0.8611358777800401,-0.8841351706611383,-0.851666014350696,-0.9146775388080763,-0.7299143785403874,-1.0318405884631598,-0.8289843183076504,-0.8857510937052238,-0.8918155638919967,-0.8511139759162694,-0.9389435552790167,-0.8761934717857693,-0.9027928887624226,-0.8572951650394396,-0.9694921350892951,-1.0065560093705666,-0.8805878718220005,-0.9289967707155931,-0.8112921791808425,-0.8875105633174176,-0.918594034380803,-0.8009213444527497,-0.9428971311866423,-0.9156828053425488,-0.9283830028603497,-0.9216479805218476,-1.006148597375159,-1.0046566577692102,-0.8821082699986437,-0.9484698202895018,-0.9085675539000939,-0.940135628513248,-0.9937680815965061,-0.9788334894148237,-0.9175483638479227,-0.9309860364151549,-0.9667031602306885,-0.9127622910703531,-0.9490811345717499,-1.0091754059627096,-0.8221769882452319,-0.9279412696932926,-0.8503852068327623,-0.9561040738329692,-0.9005748164367022,-0.8280911785546323,-0.8795424947096074,-0.8049440974378284,-0.9233715395224178,-0.92183241427062,-0.8057512022951006,-0.9580579314425616,-0.8727857698198338,-0.9561668264481884,-0.9053369538464671,-0.9511861016646531,-0.8366689907006235,-0.9845989031072501,-0.8656760364016091,-0.8522059610211606,-0.9026821145896267,-0.8943908541571743,-0.8799176097794611,-0.9067496898262497,-0.9016179900600918,-0.9873373283736414,-0.857959789267539,-0.9421544459376076,-0.857120178271402,-1.0770027855117181,-0.8618787617756919,-0.9189096800012502,-0.9168505876095625,-0.8923760418119706,-0.9821888820384805,-0.9129594733612221,-0.9059663349153765,-0.8774480041575113,-0.8353053333961181,-0.9505024986816184,-0.8288757446083218,-0.9385813763334536,-0.9556646901502639,-0.9669203690066726,-0.7986582498165282,-0.8895701209011013,-0.9729208600908914,-0.9667548810324156,-0.8971148198530665,-0.9887744940076073,-0.9652124118555458,-0.9007857680936129,-0.8480064858242535,-0.8480064858242535,-0.853870599095671,-0.7751225709524914,-0.8632120249394118,-0.9059994481234522,-0.7827483631410544,-0.8374455206161174,-0.9239994588743004,-1.001935626674688,-0.8932720750141022,-0.9404759433393287,-0.8991635001488884,-0.8462712331161919,-0.9451428463465192,-0.9371739432997483,-0.9923583022275775,-0.9428228889881705,-0.8731408821032263,-1.0040393418586744,-0.8840899275526218,-0.9313619060279414,-0.8373977549528062,-0.8441415758034904,-0.8460585086150957,-0.8226876685595818,-0.8325472959538095,-0.834227187281738,-0.9644143300469981,-0.9788232731193103,-1.000247469379453,-0.8526048322640449,-0.9160977022130337,-0.8480654455877801,-0.9132004161190468,-0.9364480765103851,-0.8917482828691066,-0.8494674802486556,-0.9757228089985394,-0.8929361679313924,-0.7973926260005167,-0.914644739776051,-0.880213042393715,-1.007251209976935,-0.8927233614059845,-0.9454178970169752,-1.007916167148836,-0.8053539594488872,-0.902216714542576,-0.8480300702215694,-0.8840559937017564,-0.845928483974857,-0.9587882978009274,-0.9547329469542779,-0.8887828756226124,-0.8446626545550596,-0.9278658308182277,-0.8753713497710557,-0.899319186940877,-0.9194753939067646,-0.9570553797978463,-0.8625514477409448,-0.897516016570178,-0.9908960591303206,-0.7407934934919448,-0.9104916254419916,-0.9029479497734074,-0.8747885458783738,-0.8339514374350583,-1.0232179630948628,-0.8986517679279332,-0.915508055671822,-0.8873640740981122,-0.863096170771253,-0.8693186987520745,-0.8614145343561368,-0.9366189193049647,-0.9530870894099869,-0.9894720814656672,-0.7590355722889409,-0.948322202629465,-0.9281029037773775,-0.9187681970987024,-0.8995860158984242,-0.9497762894492576,-0.9231115858876434,-0.8534488854055642,-0.8447573616133807,-0.7611668673819165,-0.8431814751285752,-0.9847613924195039,-0.9131237594105194,-0.9547538949907458,-0.9532444597268847,-0.9338281426472432,-0.9717381334495422,-0.9431728367589898,-0.928221417550791,-0.8235138128774768,-0.921615429558338,-0.8133971969462398,-0.9622343789327006,-0.9168287735449842,-0.8819268677163656,-0.9435650481021433,-0.8686742772754354,-0.901041064547005,-0.8385672304591922,-0.811329156384756,-0.9173412669230573,-0.8813597449396018,-1.0244583934938498,-0.9409011637786405,-0.8924096592933092,-1.0114222659206193,-0.7922341825495792,-0.9525413376856671,-0.8154967811095271,-0.8878147329257383,-1.0192619879108609,-0.9745845268626011,-0.9604660327153689,-0.8597761336534063,-1.015960137013259,-0.9397313445873773,-0.9361917538624231,-0.9592158255575227,-0.9132113665521252,-0.9366616251347121,-0.8838410490580305,-0.8605550534393486,-0.7691651318150088,-0.9708527179752859,-0.8756797359765727,-0.8723846628638081,-0.9758355394224991,-0.7734048099152215,-0.9126965541734011,-0.8419946555649864,-0.7717091420995348,-0.8835355114538408,-1.0069533256313323,-0.9596014797821021,-0.9919047333287607,-0.9737222396556423,-0.9023275458501752,-0.9836335699842701,-0.9352513031265981,-1.0353622554449238,-0.8086995733892779,-0.915792006953544,-0.8601947453919955,-0.896066403789362,-0.9247567247660327,-0.944518395797562,-0.9495130330859076,-0.912740379297421,-0.8915351927994768,-0.9465489950340658,-0.9408586503827235,-0.9175265663728762,-0.8439757105509612,-0.8928577714283502,-0.8363103490929668,-0.9062312067016893,-0.9916123234409705,-0.9684910944350495,-1.0126475201174394,-0.9462425693235325,-0.8547134022583243,-0.8888841319317159,-0.9147431333440005,-0.952541337685667,-0.8585889586990971,-0.9824433825926051,-0.8516425306429922,-0.8954747344286158,-0.997765002392848,-0.9429289474822586,-1.0056813610682063,-0.958099681661569,-0.9585588140536814,-1.0032721465285477,-0.8268222299865916,-0.9451640069321302,-0.9621512355134196,-0.8128314708474321,-0.8489140121355049,-0.8619483743241239,-0.8755883736094262,-0.9499973684174078,-0.8499970588184409,-0.9573061161404955,-0.9455342405222562,-0.950081575444972,-0.848996466423742,-0.9914408706524056,-0.9062532758561482,-0.9189423268083803,-0.8990411558988832,-0.9386559540108399,-0.7916912276891794,-0.872361736895882,-0.9265392598265871,-0.931490740694721,-0.9682639103054498,-0.9933956915549815,-0.916632423602831,-0.8640688629964628,-0.9077857676786963,-0.9159230317008084,-0.987560124751906,-0.8378156121725113,-0.9291582211873283,-0.9288352921804812,-1.0117287185802328,-0.9475310021313286,-0.847109792175725,-0.9178643690654954,-0.7750064515860496,-0.9231007528975371,-0.8983735303313427,-0.8570968440030566,-0.8298644467622408,-0.9792420538355162,-0.8032652114961784,-0.8998749913182386,-0.8727628543882926,-0.8401398693074862,-0.7993090766405695,-0.9631900124066902,-0.9220385024498706,-0.9078959191449205,-0.8841917212912593,-0.9306637416381922,-0.9335711006666819,-0.7641956555751936,-0.8633741946572182,-0.8916473518157276,-0.8296957273603378,-0.7888567677341685,-0.8350538904765369,-0.9886531242048446,-1.068229844181485,-0.9992372090750025,-0.7635148983484213,-1.008927648545722,-0.9342242771412013,-0.9226564907916706,-0.8781884763534534,-0.8691576381761826,-0.8780859866778424,-0.9177227250101199,-0.8490789127048204,-0.9392204214134189,-0.9480058016700108,-0.786902154019164,-0.9778624647669016,-0.9631381001704792,-0.7849808914871751,-0.9630861851360967,-0.8842821947772102,-0.9608928140016451,-0.8803607215227176,-0.9361383444769262,-0.8875668988870642,-1.0750232555624086,-0.9862023119015692,-0.9624214253641696,-1.0011368537817396,-0.9725918979716005,-0.9011853305508251,-1.0131411550223395,-0.9609136277522554,-0.8528393752635957,-0.8949385453761616,-0.9506708157927223,-0.861704705801239,-0.7785852554473403,-1.0220053815905277,-0.9600286454059587,-0.8855478530265882,-0.8230157957171902,-0.9788539216859683,-0.9511440479759099,-0.922862394943038,-0.7931550920217306,-0.8745027158334043,-0.8697442152725132,-0.8628064672914778,-0.7534022829803477,-0.9262370107051434,-0.9450052909904791,-0.9299542999524224,-0.9473621271720757,-0.9261722302034325,-0.8635247535537126,-0.9811192588059823,-0.9112271945020078,-0.9142182452784455,-0.9184960533393706,-0.9662789452326901,-0.9430668056930007,-0.8320787222372651,-1.0054128505245992,-0.8107619872687667,-1.0448420933327676,-0.9343099057593257,-0.8374335794557082,-0.8993970202307766,-0.9199646732347933,-0.9197255025277923,-0.9395504244052044,-1.0131115437107603,-0.8950167596196174,-0.8718342732423405,-0.9080060572485186,-0.9426956030448004,-0.7750322573932005,-0.8329435755199747,-0.9221686396749783,-0.952541337685667,-0.7534819175003472,-0.8356404729307935,-0.9345881445856244,-0.9533283799405115,-0.9454496284837178,-0.9064077448918891,-0.8055526053585823,-1.024438870797082,-0.9783736505037326,-0.919573270598923,-0.964829000393334,-0.8754741572428052,-0.9305885234624376,-0.9065952790523454,-0.9929123828415074,-0.8684094656324284,-0.8898286351876973,-0.9383256364397171,-0.8888616315265272,-0.9668686570574102,-0.9376859815524599,-0.8598226561332284,-0.9269492974267795,-0.7711776708385688,-0.9644765419646038,-1.0254828131178018,-0.9105465391730396,-0.9478897615229316,-0.8468854704149787,-0.8818361525816459,-0.986465914261613,-0.8705601644918058,-0.9109747526688102,-0.893619046350289,-0.7358226688543917,-0.9096565285864769,-0.9664134725882085,-0.9775044756930783,-0.9792522657619945,-0.9039109469411242,-0.8147729745149873,-0.8713983015820033,-0.9235123171891103,-0.9500289469274081,-0.8745941916111722,-0.9873980960078867,-0.8403183920395888,-0.888546566027915,-0.977453323693771,-0.9071576489232729,-0.9276610372328893,-0.8234773828102383,-0.8932496851384836,-0.8339034716320589,-0.8326794100973075,-0.9827486962596287,-0.8477824013271331,-0.9545234413046125,-0.984842627022206,-0.8413768477917608,-0.9892699328292557,-0.9865672810305438,-0.7422499578982811,-0.9829420125317667,-0.9510914782501207,-0.9898257422395116,-0.877641726446504,-0.8836713189868731,-0.9225372621200728,-0.9549633500820855,-0.8172361959678487,-0.9742355977893643,-0.9586005424575974,-0.9085235274884189,-0.8272212521447936,-0.8916922114720974,-0.8951731676050171,-0.8588451548445738,-1.0302305567201937,-0.8965238424046513,-0.9471087582743599,-0.9277149346647384,-0.8964457596530868,-0.9615066302423504,-0.8906149560837164,-0.9407098383667517,-0.8392586013857708,-0.9220927285257161,-1.0166784152326633,-0.8160238967089138,-0.9840096544241829,-0.8983178724705414,-0.9542614945600605,-0.9490600613238342,-0.8302138278780955,-0.8592758579175841,-0.9013517626321035,-0.9060767075695082,-0.9881472562325921,-0.7637898925751767,-0.9244538928470148,-0.9087546423540295,-0.8902555812798929,-0.9886025490559894,-0.9353796020867677,-0.8701925074372912,-1.0197916453864484,-0.9455659680847234,-0.8848248414234311,-0.9561459093673935,-0.828224003515957,-0.8557540534522755,-0.8473930610997473,-0.8632583622531554,-0.9614754287031988,-0.8177621903707702,-0.9924489911325418,-0.8779037532668373,-0.922092728525716,-0.9750153844940088,-0.8471924220624262,-1.015517109653993,-0.9333675588962796,-1.0405455299985675,-0.9380165243747042,-0.8656644846590393,-0.8752913800558075,-0.8664727347124085,-0.8728086846497347,-0.9914307842708939,-0.9908859672030884,-1.0089970267547868,-0.8612287733233256,-0.889615085303751,-0.9438193683115429,-1.0199877450244192,-0.8527572925516381,-0.9008856753217912,-0.9541671761279572,-0.8744912806883782,-0.9725302051864508,-0.9731058524127782,-0.9663720815503726,-0.9318985996341017,-0.9004748747188897,-0.9514383847627759,-0.8261083464049979,-1.0373692688719867,-0.8871386588352466,-0.878803163398949,-0.9529191990929765,-0.8924768904571143,-0.9113698480858361,-0.8530855760121606,-0.9228082140943479,-0.975538312932916,-0.8730607080839224,-0.8661957053691733,-0.967613042491677,-0.9799668361735513,-0.9034019039165238,-0.8797471227574432,-0.8903903638292588,-0.9249729725781181,-0.7929785621314109,-0.8516073038672226,-0.8914454554261858,-0.9479214102445414,-0.9709248168627682,-0.9008190717341634,-0.9490495245244054,-0.9197907370701229,-0.9409224197562729,-0.9737633182657889,-0.7613770419443968,-0.9205514651555338,-1.0319181169065692,-0.8775619636242219,-0.9591741239211992,-0.9076315331675073,-0.9142073069058243,-0.8145643007154192,-0.9203885049260447,-0.9127732467595663,-0.9504814569469516,-0.8074125339626577,-0.8687088119732642,-0.9302123413500812,-0.9664134725882084,-0.9256430197435727,-0.9181802655252399,-0.9562400326277917,-0.989926764967995,-0.8909292901235205,-0.8596714488686943,-0.9455871192016101,-0.9006303348211185,-0.8475346600582185,-0.8770490294162578,-0.9611321449207699,-0.8701580316241413,-0.8544676705411387,-0.9409436752537317,-0.914568204126953,-0.8804061562710703,-0.8821422787736681,-0.9695024497132537,-0.8048819789261031,-0.9284153165475029,-0.9055688819741986,-0.906948179335512,-0.8095894021045482,-0.9598098770068997,-0.9817713583110885,-1.030249969667556,-0.9406035296552954,-0.8439994075827305,-0.9099752743893649,-0.9665169424278086,-0.8386983963261169,-0.8988186691430035,-1.022024950771751,-0.9279197163548148,-0.9665272888025459,-0.8850734432802738,-0.9823212305554634,-0.8921406839731052,-0.9472143368847411,-0.8512079651882963,-0.93544374496813,-0.7862283383343543,-0.8883664784310583,-0.8053291252649442,-0.9732291610920832,-0.8337235752933942,-0.931791285642874,-1.014098121485293,-0.8838749911610805,-0.920823001450333,-0.9296316474819475,-0.9357857660811048,-0.9756715635909452,-0.9679746897517517,-0.9598307142407977,-0.8714671537126342,-0.940018616836922,-0.9860704842961278,-0.9062863785801925,-0.8715360004038847,-0.9012630026801277,-0.908039096074613,-0.886394381751148,-0.8581928687655241,-0.9586527004082342,-0.9435120560967941,-0.9976547499009865,-0.8859655749519842,-0.8946815075768584,-0.8498794032096554,-0.8983623990350442,-0.8639878471367521,-0.844745523811757,-0.8683864347167106,-0.985674895693301,-0.8381258855327164,-0.8715589480924396,-0.8468028105763465,-0.8611474902709755,-0.8217511788856771,-0.9320917336829031,-0.8795083854063018,-0.9013406681161126,-0.9713881819334637,-0.8075363768896111,-0.953915614716522,-0.9732599858208494,-0.8243391292423282,-0.8301897373492398,-0.8264593153930808,-0.8419590251312709,-0.9359994658118133,-0.8680869772090812,-0.7852738375878826,-0.8845422545022934,-0.8387699326990685,-0.779265679983406,-0.7943393481378095,-0.9601223880318592,-0.9082703342067272,-0.8346825743957997,-0.99055287592334,-0.829888546733837,-0.9774226312092431,-0.9199429330126951,-0.8528393752635955,-0.8960664037893621,-0.8853784501556382,-0.8080934351917481,-0.8318142821567805,-0.9018176090540703,-0.8589732242625494,-0.8785755516744136,-0.8590430722612226,-0.9555600452090909,-0.9474676775489494,-0.9796300322060365,-0.8963565138938858,-0.9085345342913498,-0.9555914398946863,-0.922840722985283,-0.9536010696302726,-0.8233802280842065,-1.004606888290141,-0.89776110408059,-0.8469799289239385,-0.903257991938073,-0.8211546748329452,-0.8829241190498763,-0.9196167680071955,-0.690793022547275,-0.9954270440368796,-1.079154761839098,-0.7422095391464597,-0.8492555563550938,-0.9361597085967758,-0.9919450589624407,-0.8620411823109149,-0.7289958847620472,-0.8198749904711083,-0.8683864347167107,-0.8590663536654196,-0.8886928603291465,-1.0070427001870377,-0.8801221506131975,-0.9141307346326344,-0.9314263255888788,-0.8843048117023903,-1.010957466958922,-0.9750461527538068,-0.9759277637202458,-0.8696177321099197,-0.9074993112945046,-0.9701005102565404,-0.8932608801464441,-0.8631193428489481,-0.8154722558125447,-0.9417085536406685,-0.9014405138443689,-1.0058702699652673,-0.8972485720244975,-0.8563965203105393,-0.87726563821912,-0.8826069340312255,-0.9073450280901967,-0.8637100207824383,-0.8411747737539446,-0.9316410252881738,-0.9354009835359379,-0.9716352196169095,-0.8308519723753444,-0.9761121861753391,-0.9434908584612784,-0.9245728743587495,-0.8972039901828345,-0.8633626121161374,-0.8667266004917582,-0.9431198227160745,-0.9741945390937068,-0.7968531859759362,-0.9057345085619737,-0.9352192256364279,-0.8016576576070362,-0.9821379740138347,-0.8580297197649975,-0.942122603486404,-0.8048447055177788,-0.8309241842671328,-0.9805585143172232,-1.0059199769365352,-0.853202789493799,-0.7891989609724535,-0.8715015777381013,-0.949965788857683,-0.8029165585538761,-1.0188989154965276,-0.8687088119732641,-0.8942231265182086,-0.8312610901515841,-0.8116125923123668,-0.9899166631590761,-0.9947939485139624,-0.9195188959450479,-0.9396781363850072,-1.0171209367621925,-0.8831506100320602,-0.9444019271475467,-0.8583326860838983,-0.9640202280035414,-0.8622731585756336,-0.9177881019058811,-0.775664231481638,-0.8724075882292633,-0.8624818838677134,-0.8475228610485973,-1.026525693784622,-0.9144479208790405,-0.9829827058499045,-0.8189230733103079,-0.8599273225104549,-0.9265392598265871,-0.9123129945364146,-0.9191925804748425,-0.9182347194481377,-0.917417571229154,-0.9274130687023986,-0.9458408957113242,-0.8759195168507206,-0.9869321151933399,-0.917624650933049,-0.9165451434599389,-1.037128246650336,-0.9507023719335089,-0.8800198861389441,-0.8538120402055712,-0.9295778611821603,-0.815680697331989,-0.9482378393630999,-0.8181045165502999,-0.9173521679268001,-0.8446508154261144,-0.9625045454438125,-0.8626557830328386,-0.9042980703285836,-0.90416536098216,-0.8862928409955706,-0.9014848861739169,-0.8592525821898936,-0.8985404832282183,-0.8327394550518188,-0.9175374651751284,-0.7709312550415892,-0.9609136277522554,-0.9295455879084145,-0.9366509488598193,-0.9214635098580952,-0.7993966474785843,-0.9033022749888323,-0.9495130330859077,-0.919421013464452,-0.7868640289147801,-0.8937309438527906,-0.9154425159451575,-0.9065952790523453,-0.9503551967554026,-0.8578898530697283,-0.999497373683393,-0.9639891078222823,-0.8931041372650785,-0.9094476345562728,-0.8549473668010212,-0.8239023000332018,-0.9735784508708069,-0.9024937672914977,-0.9002638502128139,-0.8660225170282814,-0.9466229449997503,-0.930287589941949,-0.8881976131469843,-1.027275522924595,-0.8606596307484161,-0.8589965075598386,-0.8730377998689404,-0.7791630124691494,-0.8507026507540694,-0.8931713161538496,-0.8486312508975851,-0.8540930862616791,-0.82459383941429,-0.9113259570537865,-1.0123314674552006,-0.9112930373924735,-0.9376859815524599,-0.9131785148589514,-0.7773255431284887,-0.9546596252068064,-0.8549707597339221,-0.8299367445775612,-0.7815465437195663,-0.8548069957598615,-0.9433000583059453,-0.8459403052225376,-1.0071221375781587,-0.9338923920880821,-1.0148472791509076,-0.850114698143727,-0.8800880637754384,-0.959924476195914,-0.9524573481264134,-0.895586400075392,-0.8897274863687195,-0.8314655735507033,-0.9893609048269494,-0.8997194007022411,-0.8755769526432271,-0.8955640680599015,-0.9860502015617664,-0.8977054082492764,-0.9636259647809413,-0.8325833291629133,-0.8209963459114784,-0.8472750438907073,-0.9313941163653547,-0.868167610545337,-0.839663623125356,-0.9859589240936967,-0.841662046191938,-0.8810192960429414,-0.8376604323948935,-0.9180277773575264,-0.974338236958809,-0.880383439189993,-0.9052154439690036,-0.8878823120211372,-0.7754708247252118,-0.8452543995744713,-0.9013406681161124,-0.9251675523925383,-0.9420058386230947,-0.8901432468990594,-1.0088186160058705,-0.8955194023582068,-0.9153988201871358,-0.8799289744064573,-0.8910190794814665,-0.8538823103917776,-0.9358819369984657,-0.8354370113898475,-0.8493379774859947,-0.9012408113262514,-0.8866763783929287,-0.9254917611734855,-1.032431595797029,-1.0188203963407878,-0.9127294232136925,-0.8448165481333804,-1.0085112790643445,-0.9650466309976943,-0.8421490366912499,-0.8805765156986642,-0.8860897245764674,-1.0189578008926572,-0.8460230493313997,-0.8727743121792713,-0.7930163932731782,-0.9603098458310213,-0.8749828569749237,-0.9063856794985233,-0.8660225170282814,-0.8093299697898256,-0.899652710772329,-0.8203992930274866,-0.8686627654043887,-0.9362985634935045,-0.8814618539676008,-0.9301693394215916,-0.8331836532241856,-0.9901893758266648,-0.8182756259354179,-0.9309215863863078,-0.9979353686486916,-0.9016512629614624,-0.9299220397431174,-0.8667266004917583,-0.9612465864698818,-0.9016623536557351,-1.0105221422611184,-0.8635479141309994,-0.7835528061337028,-0.831862368424008,-1.0047959991958566,-0.913189465554657,-0.9217673242201635,-0.9939290719161,-0.9655749582502645,-0.8450532527598483,-0.8853784501556381,-0.8181289629392178,-0.8392228547888814,-0.7882480574032517,-0.9318985996341018,-0.980680885915495,-0.9792829009024919,-0.9756408150543928,-1.0138614303739935,-0.875965181956452,-0.844165268179164,-0.8969141541976021,-0.9835725697679861,-0.8844970322166151,-1.045263124768113,-0.9402419901280734,-0.7691651318150088,-0.8414956922052543,-0.8668073603748413,-0.817737733017133,-0.8360113635591324,-0.9136273857541705,-0.8053042903151577,-0.9386026848459362,-0.8806446502420826,-0.9237180305699353,-1.0403821413307708,-1.009551880786718,-0.8493497512803544,-0.8223472502538085,-0.8691116153866545,-1.0111948378032791,-0.8289360650858424,-0.9179406298884476,-0.935646835082554,-0.9928318085154202,-0.9824230249744761,-0.912170488450487,-0.8522528967389902,-0.892409659293309,-0.8137659368639116,-0.8122530393910509,-0.8719833714010835,-0.8142818922216065,-0.9819546832720948,-0.9246702114808284,-0.8637563313805579,-0.859927322510455,-1.0339705024806074,-0.9861718917105678,-0.8447455238117572,-0.8222986075629704,-0.8477116254953686,-0.9252540191752748,-0.8741138369800583,-0.8731408821032263,-0.9795789911997909,-0.8674992795386057,-0.9373979944505962,-0.8732325005403772,-0.8662534271216478,-0.7549403949981747,-0.99000757572859,-0.8160851671241183,-0.835915665602697,-0.8066938700647229,-0.7771711523210316,-0.8833091191649727,-0.8879048372432712,-0.851853860706166,-0.856069506523857,-0.868593690974094,-0.8260357135136471,-0.9673546402431737,-0.9630031152597585,-0.8857962519676859,-0.9888452861797946,-0.9804565263182249,-1.0023946328667168,-0.860496949442588,-0.819240501928463,-0.9086005723088667,-0.9602369499243403,-0.9731264049443936,-0.8921406839731052,-0.8823576372424052,-0.8100462949733181,-0.8084151161377426,-0.883682635339181,-0.8509142142425403,-0.9239778135864519,-0.9860806255068598,-0.9461368822744413,-1.0364144923726222,-0.896546150513179,-0.9083804269137463,-0.9797525197722126,-0.9357109596451246,-0.9805177203906107,-0.9890374108192268,-0.8747656829117155,-1.0360863863597474,-0.900674747064666,-0.9628057955787345,-0.9473093475734312,-0.9975845828800682,-0.830334270038278,-0.9143494955431429,-0.8646588922806495,-0.864045716383109,-0.9021945466472295,-0.8341192960242557,-0.8320667040568321,-0.9104037565827593,-0.8831619330564469,-0.9152349425147621,-0.869353207850526,-0.966527288802546,-0.949439308223543,-0.9021945466472294,-0.8455382900850795,-0.875953765903201,-0.87793792491269,-0.8030161891269689,-0.8451124185574367,-0.9787006692549056,-0.8614145343561368,-0.983725063216344,-0.8727743121792713,-1.0292400108818156,-0.9301155842152092,-0.95519369763415,-0.918506940637903,-0.8427188143147156,-0.9227540300643504,-0.9228949019254576,-0.8056394975421699,-0.7747870675224258,-0.9100741728013162,-0.7755868745666086,-0.9852588492370927,-0.8872739148650771,-0.8850734432802738,-0.8024182201321204,-0.9002971731600626,-0.8694222219382248,-0.8337115808239681,-0.8975828652553478,-0.9613922196481517,-0.8119821426607854,-0.9196276420377978,-0.8812576240804956,-0.7894650087242626,-0.9706466916442872,-0.852722111827763,-0.9036896591197667,-0.7791758466482389,-0.7583897414918004,-0.8870259297224632,-0.9658131289229817,-0.8781543144573167,-0.9699561845774272,-0.8364777343121573,-0.8108483212044036,-0.969584962754683,-0.9740097535445936,-0.9865976890303362,-0.8848135396794061,-0.9188117326199094,-0.7810857827409228,-0.8612171619283954,-0.8053415424526417,-0.844023103949175,-0.9471826645373108,-0.806855005561718,-0.9662271989547799,-0.9426213449736855,-0.9267443013043025,-0.9894619750147046,-0.8609152106915059,-0.8796561828350893,-0.7871308658666613,-0.8497734992337663,-0.7871054567210165,-0.8885803283890545,-0.9056793030648321,-0.8447100094115139,-0.8933056587753153,-0.896278416564853,-0.8769920182076915,-0.9264960874175346,-0.9644765419646036,-0.9899166631590762,-0.945153426698544,-0.9773203159660603,-0.8780290427998381,-0.8776759082941722,-0.9537478702466391,-0.8143064533699829,-0.8661610704713066,-0.8671995156825215,-0.8361070505623068,-0.8408537328215887,-0.8067930341791505,-0.8246180934226461,-0.8973042962117144,-0.9085015134825037,-0.8845196436484608,-0.9059111435455466,-0.8676952229901925,-0.9686872560326165,-0.9160540377073833,-0.8714671537126342,-0.9213007109516416,-0.821629478536402,-0.9194210134644519,-0.7984077905431535,-0.9993272737196759,-0.9029147246556566,-1.0520812706250406,-0.9549842930645509,-0.8427900094329547,-0.8980172604131839,-0.7173806520948276,-0.9467813897621774,-0.8537183376266437,-0.9406992080362352,-0.9525413376856671,-0.8381616789140386,-0.8793946781735719,-1.0034415777712222,-0.8181289629392178,-0.8547835983452186,-0.8999749996527682,-0.8162199458479313,-0.9063305136648551,-0.9292120317774626,-0.9350588216791498,-0.9457668845968333,-0.988814947298027,-0.8994637291186344,-0.9321346469260758,-0.8942678569645675,-0.8206674113183732,-0.8384598976695308,-0.9559994769873047,-0.8877922054174614,-0.9099532955047748,-0.9082813440779238,-0.8930817431792007,-0.899474846785612,-0.8754970017081727,-0.8467673824610866,-0.95127020346482,-0.8747885458783741,-0.9785065150524038,-0.9411987037815129,-0.929179745797335,-0.9696365298399189,-0.836549460581979,-0.9115783016285546,-0.8258056672123291,-0.9573165620629365,-0.9653263696802237,-0.9531080736201956,-1.040295631058787,-0.8661379797699671,-0.9170905080743121,-1.0224944987627071,-1.0017160276245958,-0.8491849033043393,-0.9274130687023986,-0.915245868605808,-0.9907244823865008,-0.8834789188203643,-0.828489589554389,-0.9630654183387545,-0.8671879842340989,-0.9928720964958174,-0.9348342099003437,-1.007171782765979,-0.9359674139626869,-0.8814051281902098,-0.8783934198296343,-0.9413793071870659,-0.9075654246389072,-0.9990670648159712,-0.8070656726685878,-1.002833485679452,-1.0159896653017688,-0.8935407097608928,-0.9947336326876658,-1.0042385174847657,-0.9022832149608015,-0.8329195639436019,-0.8216903309641655,-0.9200842352741405,-0.9735784508708067,-0.8904240562788046,-0.9774021690174418,-0.7797403413957753,-0.9567314147659205,-0.8620527826067265,-0.8457984393459236,-0.9997274628617542,-0.8664727347124086,-1.0222108393086038,-0.931437061749209,-0.9330246513356439,-0.8352215275003392,-0.9587674379118223,-0.9483432922734255,-0.9181911565681734,-0.9536744727631122,-0.9540833296940053,-0.9072017416209033,-0.9723245342991197,-0.8913893649803099,-1.0109772499913139,-0.9984563085082893,-0.8465193441381006,-0.9016734442135911,-0.9744716517169703,-0.9243457145462405,-1.003371815430352,-0.9709351162667874,-0.8661148884530273,-0.8688699557471187,-0.9080941581135736,-0.8835581474922859,-0.9355292619688601,-0.9000416657022051,-0.8491024673147524,-0.8487726432914766,-0.9097664535472826,-0.940284531405255,-0.9545548700834331,-0.9940900361637269,-0.8490082449540758,-0.8929585656680827,-0.8726597274997856,-0.8983512676008201,-1.0261944260226714,-0.8870259297224631,-0.8483601829411845,-0.9149617478343015,-0.9585692463249591,-0.9593617670097135,-0.8902892788302014,-0.9580057411101459,-0.9519112353575832,-0.9040326321543929,-0.7851464831482085,-0.8700545959880909,-0.9564282513602368,-0.9575359001102778,-0.8849039495900106,-0.8213251487687443,-0.8512432084897946,-0.902216714542576,-0.7883622263908894,-0.9112491426607765,-0.8953742234395627,-0.7869656917553649,-1.0199877450244195,-0.8978613478705942,-1.0054924166795092,-0.9321453749281815,-0.8073629914728567,-0.828224003515957,-0.9335282534556734,-0.829647515514872,-0.9887340390620726,-0.8972374267717548,-1.0122820753130028,-0.9029479497734074,-0.8596132851462918,-0.9760302249418304,-0.7770038609942681,-0.9291689835546599,-0.813753648225309,-0.9132332670243676,-0.8631425143045613,-0.871386825697979,-1.034753593857011,-0.9018508745906942,-0.830876043703271,-0.9552669783887644,-0.8863041238762234,-0.9281136783821258,-0.8530035169915773,-0.876353239281969,-0.9613714162590856,-0.8998416527367469,-0.8327274464072865,-0.9141416739214988,-0.9552251043602237,-0.907532368568747,-1.013723335037721,-0.9217998698199085,-0.924410623045841,-0.9396994200274894,-0.8760907487241262,-0.8967468985170788,-0.9349411746200934,-0.990956608535409,-0.9257078372791278,-1.0148768398185073,-0.8792923290919806,-1.0087789648877497,-0.9540518853815028,-0.9368217546577363,-0.86394154894877,-0.9826672885570171,-0.9645491174636988,-0.9265716378132886,-0.9649844558333569,-0.9878638570167451,-0.9376859815524597,-0.9831251191989756,-0.9939994969817639,-0.9721805387889638,-0.943353062220079,-0.8319825719328501,-0.9200842352741406,-0.8818701718507095,-0.8052918725530515,-0.8492673312920969,-0.9926202697910212,-0.8913332710047348,-0.8232466216146898,-0.9180713479899043,-0.9172540542292522,-0.8937980756300609,-0.797229577976131,-0.798420315372799,-0.8850621447107542,-0.8333876648955155,-0.8715015777381013,-0.9251783611823181,-0.7987584115363042,-0.9127622910703532,-0.9727769528519885,-0.9016401721307675,-0.9584544850956669,-0.8905251259790484,-0.9016956249200725,-0.913189465554657,-0.93157662057396,-0.9241184988950281,-0.8584724806305674,-0.9685633691194397,-0.9025159278372875,-0.8919613220313983,-1.0148669863583109,-0.9295778611821603,-0.8496205035190711,-0.8453726988731064,-0.8778467975677761,-0.8798607844426299,-0.85391744331639,-0.8838523632372095,-0.8970925258857081,-0.9806095043390105,-0.7515683601642634,-0.9459571871918939,-0.8976497089622433,-1.001396524859159,-0.8832411901626871,-0.9774124001668897,-0.9014405138443689,-0.8643350044976774,-0.8591827512235101,-0.9529401870002124,-0.9477209504912298,-0.9909465172248196,-0.9144041775932567,-0.8367048464064254,-0.8694682282866923,-0.8550292392661201,-0.8397469857046227,-0.8839768096505699,-0.8668073603748412,-0.8787348860720167,-0.7819303037995139,-0.9307926729406502,-0.8483601829411844,-0.9283075998827112,-0.9605076782618659,-0.8671072598012313,-0.9727152718036249,-0.8857849626179031,-0.9294380022357597,-0.7999593739684535,-0.9232199087974652,-1.0122820753130028,-0.8522998298720939,-0.8061234396790605,-0.9389542054860822,-0.8792468367870312,-0.9805585143172232,-1.0049651735259286,-0.8716622052148413,-0.9096675216803114,-1.00941319587174,-0.886687656393163,-0.9342349811476767,-0.9697396557839635,-0.840425487476433,-0.9728077919095838,-0.8168078109322903,-0.8420777873807146,-0.8250787841170077,-0.8207770708298325,-0.8313212375489994,-0.9284799405479905,-0.8533434244195006,-1.0089474713779703,-0.9211595952928027,-1.0211929298619338,-0.8969253034673511,-0.9171123159133782,-0.9530031479486308,-0.8117111555227019,-0.7576641736283959,-0.8331476459787904,-0.9410711981566539,-0.8550643250656643,-0.9346630408869284,-0.8742396696558673,-0.9232848964431294,-0.8270519935288227,-0.7836421377133825,-0.9296746742812778,-0.9180604555256696,-0.9122362632564001,-0.8822102923906521,-0.8758167616573687,-0.9082483140639458,-0.9787415389161737,-1.0059398590373083,-0.9335389654427929,-0.943278855906354,-0.8630614114881976,-0.9335282534556734,-0.9636363421955401,-0.9466863260869463,-0.9803443272646606,-0.8688239177186595,-0.8812349289491423,-0.9827486962596287,-1.006148597375159,-0.9255025661768852,-0.9874791137031709,-0.9596744239584589,-0.8346586128471927,-0.9707703126898762,-0.9563132332034311,-0.8070037174635567,-1.0059597407451255,-0.8547952971325942,-0.852991793629927,-0.8529683464232422,-0.8863154066132439,-0.9686872560326165,-0.8613797072139557,-0.8458220853110896,-0.8428730628036466,-0.969770591428715,-0.9305347924715119,-0.95190073011843,-0.8875668988870642,-0.9499868420141407,-0.9428334953744484,-0.8571435119045117,-1.0087492255263444,-0.8749142815156237,-0.8663111450281589,-0.8575634087343046,-0.9027375033751505,-0.857761621897366,-0.8972374267717548,-0.97589702325604,-0.9638646170495108,-0.909062704107918,-0.9077196703828777,-0.986029918410187,-0.8771402396424417,-0.9650362687484859,-0.8342751344730346,-0.9328853091350512,-0.910524574078042,-0.7830166026336861,-1.007122137578159,-0.9309538119584666,-0.8764445219179591,-0.9383362936602206,-0.9306422513511838,-0.7827611385346107,-0.9910676061702349,-0.7954715582596275,-0.8470271542282456,-0.8887041127394427,-0.8984180541373821,-0.9731983353869857,-0.857248505393856,-0.8014830004435527,-0.9335068291126745,-1.0437791912085619,-0.9179733111588811,-0.891366927813681,-0.9726330243210951,-1.0027836257139422,-0.9323813597450348,-0.8518773385881326,-0.9110515901967353,-0.9345025414625687,-0.873255403647753,-0.8464130197486331,-0.9876006277843286,-0.885434921380448,-0.8785755516744135,-0.8940553674130032,-0.8040740015695073,-0.755033111856692,-0.7985330299993858,-0.8154477297779423,-0.8329195639436019,-1.005760905981138,-0.803700814980301,-0.9757228089985392,-0.8359515536201843,-0.9042206589102021,-0.9149617478343015,-0.9833387005503241,-0.8310324903395776,-0.8868568091862407,-0.9213658339660745,-0.9470137274612233,-0.9460734643778991,-0.855157880160149,-0.8714901032140296,-0.9664445147032498,-0.9783327654739975,-0.8879273618939784,-0.9159885370461793,-0.8346705937074816,-0.9987967761261547,-0.8341672494170459,-0.8130282897907058,-0.8886478492631376,-0.803277660588168,-0.9033133454123214,-0.816183190221411,-0.9534752225412048,-0.8832525120258645,-0.9207143965421634,-0.8584957775085443,-0.9587257167720078,-0.8704797527800403,-0.8030161891269689,-0.894983240066539,-0.8285137295181052,-0.7826333752147299,-0.8673263514963673,-0.9707497102755169,-0.9726741489316965,-0.9410286924424781,-0.8280307965287281,-0.9328424304243456,-0.828018719595155,-0.8401755768885454,-0.9169814610994053,-0.9766242880453055,-0.7665344088819497,-0.8325232729479699,-0.9229815816147146,-0.880973892916243,-1.0051442682520753,-0.8833091191649727,-0.9403164361001035,-0.9171014120586665,-0.8667842868903427,-0.8872062894276618,-0.7972797501504726,-0.9017954313479305,-0.8588218674440002,-1.0089772048961265,-0.9822906901727206,-0.8677528449967767,-0.7978189017565327,-0.9049392244786387,-0.912455478365931,-0.8336036228328185,-0.8937309438527906,-0.9999474986218027,-0.8293220122485596,-0.8076354375583082,-0.9910373353209253,-0.8124746149880623,-0.912389719363387,-0.8524054199733834,-0.8296595687388894,-0.9825146309343185,-0.958569246324959,-1.015654961096533,-0.944105396658657,-0.862365931609082,-0.8402588886765793,-0.9031362023526684,-0.8638605211491031,-0.9320059012688707,-0.8828221791504788,-1.0463436338029681,-0.8333396666426002,-0.9976447263430004,-0.8180678455971729,-0.8865748699348521,-0.9576612135823399,-0.9983260990277675,-0.8936861865330582,-0.9219408874759814,-0.7569907529157803,-0.8848813479783603,-0.9246053212046749,-0.9685633691194396,-0.8998194263295276,-0.9303198374752631,-0.877083234362623,-0.9244322581995935,-0.8446744935180652,-0.8502205596196789,-0.8924432755083094,-1.0291914302013982,-0.9723245342991198,-0.8978502102244005,-0.8376126789871319,-0.8904128256039443,-0.8995304330593823,-0.9608303700445776,-0.8328235107152054,-0.8251636201384548,-1.0251121889822594,-0.9538631977385437,-0.8861687198270993,-0.9497973468061489,-0.9197581203773086,-0.9183871732553761,-0.9579326698677731,-0.9195515211232049,-0.7849171930847229,-0.87348440169244,-0.8107126494634211,-0.9442748540546867,-0.9370565617933636,-0.9717690054740374,-0.9958087165716115,-0.9229599124555735,-0.8033896937352384,-0.903080838020606,-0.8532027894937991,-0.9079399759896025,-0.8575517477097228,-0.9203559094176557,-0.9016845346350353,-0.8039869401924387,-0.9402207187676732,-0.9210727441413082,-1.000687263834211,-0.8655951709661971,-0.9712234552357145,-0.8395802522689537,-0.7829910599745057,-0.9787006692549055,-0.9167306038308092,-0.880053975617405,-0.9272189601167569,-0.951522464264507,-0.9915417288243596,-0.9237613328127563,-0.9162177688737542,-0.8837278992993262,-0.9362878830787035,-0.9758252917402787,-0.9033576257496253,-0.8686627654043886,-0.7898955627169962,-0.8631425143045613,-0.8695717336712366,-0.9869219827321711,-0.9875803764757579,-0.9983761816069132,-0.8807014250016858,-0.8785527872586826,-0.9770644809837271,-0.9115453910804442,-0.8573184939099354,-0.9106453755441796,-0.9525728318611654,-0.7950817568024059,-0.9069702310439962,-0.9527512791909545,-0.9410711981566537,-0.8520768744661481,-1.0170127826138664,-0.870043102380566,-0.8371111037371324,-0.8774821935515273,-1.008174092109096,-0.8269552587655513,-0.9267874621508428,-0.9356040829325191,-0.8135447129691152,-0.9895125062372886,-0.8603109902820026,-0.7549801321889206,-0.955622833548885,-0.742505892232513,-0.8511492231095554,-0.9183218390085253,-0.8491377980045407,-0.9724273751802753,-0.9943314336779261,-0.9783736505037326,-0.9783225439495913,-0.9950552748465785,-0.815766510712471,-0.8865071911721867,-0.9817204286353626,-0.8915688419858558,-0.8285016596241676,-0.9694199296486532,-0.7851592195217476,-0.9086556003239071,-0.9337317601966851,-0.8106386371250757,-0.8934623663031365,-0.972458225323844,-0.9376859815524599,-0.9417510286694675,-0.8749257111320938,-0.9713264126955469,-0.954931934747184,-0.8472160291212626,-1.0162061798670583,-0.9513332749357609,-0.9717587149081812,-0.9380911469574799,-0.9549738216307292,-0.8872175606918519,-0.742734811355978,-0.908908686282621,-0.9288675901332762,-0.878234023481213,-0.9635948318665891,-0.9202798487416749,-0.9733627278666469,-1.0332836009537747,-0.8348143506193458,-0.9576090016285352,-0.9569717864179695,-0.8596016519295434,-0.9195297711330502,-0.9406354235302857,-0.9819750505995557,-0.8545963959671256,-0.9555181840237265,-0.8669573230557546,-0.8665188976589028,-0.938474826513743,-0.9692961363793834,-0.818776526287851,-0.9510178757520807,-1.0226216309075415,-0.8550643250656642,-0.8622035722496166,-0.8080810602903646,-0.8982065464023294,-0.9373233166842699,-0.8705142158517574,-0.8737247850438947,-1.0473370995052165,-0.9666721264213631,-1.0059000944427832,-0.9177881019058811,-0.9596640037012955,-1.0220249507717512,-0.921192162363532,-0.837302215451506,-0.8548420906810802,-0.960351498150547,-0.92972845498027,-0.8937533216721492,-0.9419739911483757,-0.9284153165475029,-0.8267859456957406,-0.9084134521240865,-0.9960898553845431,-1.0020953048487953,-0.831285149632784,-0.9952060088243037,-0.8916024899023106,-0.8411509971461724,-0.9193775067946789,-0.8782681822769169,-0.9635221844877262,-0.8997194007022411,-0.9019506638392146,-0.9986365705300402,-0.8836034178295148,-1.0582887129701422,-0.9434908584612783,-0.8347784137122857,-0.8976051470440664,-0.9901186797551089,-0.8821989571519567,-0.8611474902709756,-0.94389353213167,-0.9384535150981108,-0.8411747737539447,-0.855450173885072,-0.8691921536691413,-0.9183436176072658,-1.0086302593121028,-0.873598878204408,-0.7876515727147378,-0.8411153309742962,-0.9498394601194455,-1.066393454593566,-0.786838611152249,-0.9387624832725262,-0.8923872477797965,-0.8865861492263456,-0.8595202150036961,-0.9257402443450323,-0.8753256536855298,-0.918746428564487,-0.9224180180373756,-1.0177892709200662,-0.9302768405157682,-0.9135726572090477,-0.8183856059340242,-0.9488914584924873,-0.8938316396279559,-0.9748307545415257,-0.9026267224052255,-0.7914006570631591,-0.9042427771345481,-0.9463588114452149,-0.9558844072376115,-0.9957986744317348,-1.0303179121028616,-0.9917635806985453,-0.9156609634575452,-0.9180931325306818,-0.9597994582203097,-0.7986332074237834,-1.0356230009033212,-0.9072568544794798,-0.793948990804825,-0.9562504901959528,-0.9276825965813954,-0.8901881823524731,-0.9165887845702674,-0.85860060563687,-0.9694818203555958,-0.9162832531482827,-0.8856833519943796,-0.9411668289947325,-0.800009374945069,-0.8093793918799761,-0.9647046180049103,-0.9153878959217235,-0.8311167186382428,-0.8964457596530868,-1.0161569760622617,-0.9128718420457494,-0.8714212528966687,-0.892577727707789,-0.8882651631129074,-0.9659166630719236,-0.9595285300604668,-0.7867115100213038,-0.9272297449931166,-0.9474676775489493,-0.8797698562692405,-0.7899588596882752,-0.964061720015892,-0.9369391655812025,-1.0259897660308315,-0.8734386068865974,-0.8864959108760739,-0.8794629042773777,-0.9752820104974765,-0.9908960591303206,-1.008689744173103,-0.868697300559867,-0.887082296069536,-0.8797812228048515,-0.9056020097150845,-0.8741367169956883,-0.769386118928591,-1.0301043636447718,-0.9816083740474101,-0.9035015218581539,-0.9511861016646532,-0.8910303025150155,-0.8476644383245058,-0.9285337904459914,-0.8552514250207363,-0.9008079706574537,-1.037639147295436,-0.9445925047341843,-0.9651191636269586,-0.9688420923968982,-0.9121924139127665,-0.8693302019371005,-0.9692342338155415,-0.8752342543570836,-1.0528603896053834,-0.9911382345566132,-0.9327459461182342,-0.9507234087788098,-1.0386698224171145,-0.9703581812918363,-0.8919613220313983,-0.7885905147793753,-0.876341828283918,-0.9796708630963769,-0.963262684837319,-0.8172361959678487,-0.8302379177079303,-0.9968324834193557,-0.8585307216401752,-1.0394589939001921,-0.7916028044417225,-0.9696262166422688,-0.984791856180787,-0.9181475916213035,-1.0186338890887146,-0.8184222626493001,-0.849491024084422,-0.9614026211738763,-0.8561162304266868,-0.7792785124716323,-1.0056216982543684,-0.9339459299124334,-0.8731637876137557,-0.962546102791965,-0.9731264049443936,-0.9133865556269153,-0.8028169156165059,-0.8651791721949852,-0.8903454385798806,-0.7597335059084863,-0.8637100207824383,-0.9140541559448214,-0.987590502181952,-0.9253080568113519,-1.0272073792569834,-1.0095716913622332,-0.9813434668860846,-0.8905700421640064,-0.8403659916964751,-0.8883664784310582,-0.9432046437544718,-0.9179188417283959,-0.9471826645373109,-0.9687801608208128,-0.9431516314994106,-0.9309538119584666,-0.9801096877390815,-0.7711517360416171,-0.926355763192522,-0.9063856794985234,-0.874845700680983,-0.9118963756918875,-0.9300940812627505,-0.9423773129697043,-0.8526048322640448,-0.7671994525545492,-1.0216139192473837,-0.9363519637401312,-0.9248756673196674,-1.00429826246987,-0.8159381103980866,-0.9624733762551564,-0.85140765794066,-0.9766242880453055,-0.8017075526649353,-0.7739347517717499,-0.8315617836336637,-0.9102279934170339,-0.8616350735665302,-0.8626789669396141,-0.8259509670676582,-0.99816581788799,-0.8960998828255697,-0.8922863890029926,-0.9055247097677678,-0.9196820102622427,-0.8783251106509479,-1.0505022608257442,-0.8119451951948481,-0.8487490795282195,-0.9142619974602465,-0.95343326982018,-0.9754665550391771,-0.9019284894047865,-0.9470981997660011,-1.0015862419182884,-0.7604439492822598,-1.02198581203459,-0.8455855959038092,-0.8567934406845094,-0.8821876217676147,-0.9350267375856157,-1.0125092592169218,-0.9559576350445662,-0.9729311383648896,-0.870054595988091,-0.995668117396555,-0.8724648990074042,-0.8594038631516616,-0.9141963684023253,-0.9088866816055783,-0.9741842741494033,-0.8548069957598615,-0.9370565617933636,-0.959601479782102,-0.9466546360737901,-0.8387222424617103,-0.8230279460625866,-0.8963007307818063,-0.8861912886053439,-0.905778670537124,-0.7936466468145632,-0.909304679411692,-0.9385813763334536,-0.9214092467519522,-0.8720865782707586,-0.8440349518829182,-0.9278981625156933,-0.9407098383667516,-0.829454640109994,-0.9081932613711686,-0.9085895663059311,-0.9025934854628633,-0.8933056587753152,-0.9848933952464093,-0.9718719051397668,-0.9168724011551443,-0.9357857660811048,-1.0057211343110972,-0.8561979911212126,-0.827728820327044,-0.9509442675572528,-0.8486194671347105,-0.9479003112142119,-0.9656060273217022,-0.8420540362708322,-1.0213495973465696,-0.7635279955574648,-1.02981308983718,-0.79119845803692,-0.8450532527598482,-0.8745027158334043,-0.9722731097793459,-1.0350338158726988,-0.838400262404539,-0.7836421377133825,-0.8397588939689773,-0.8615422218324532,-0.9553507209396975,-0.918594034380803,-0.9392097742251195,-0.8866425435314954,-0.821519932807476,-0.949807875309528,-0.8781315391215601,-0.9584440515752601,-0.9876006277843287,-0.9154097443221805,-0.8929697643257581,-0.8652716336503815,-0.8621223811037503,-0.9642898941708349,-0.8486783843129267,-0.9770440112912007,-0.9418359729804335,-0.8889966254154175,-0.8612868279498997,-0.9325422242451009,-0.9169160266894674,-0.8429323816297485,-0.9047513470561953,-0.8262414901225912,-0.8745027158334043,-0.8298282954925074,-0.817419720828902,-0.9430562019307226,-0.7982324222931565,-0.9373446537960303,-0.893137727341086,-1.009848998613159,-0.813360313760144,-0.8727628543882925,-0.9809663602794949,-0.8677528449967767,-0.8613913164178054,-0.8751314187023569,-0.8485134059047035,-0.8181411858597512,-0.8327994956770808,-0.8706635400658511,-0.8447218477108307,-0.8259388597226794,-0.8372305536708512,-0.8199603648957673,-0.935208532895204,-1.0242240965726201,-0.7650065359197918,-0.8804288727659946,-0.8507379149890993,-0.8344069750427545,-1.004188727281879,-0.8383406228973996,-0.8851412316687095,-0.9119731355692446,-0.8278496240260064,-0.9765218891555888,-0.8439994075827304,-0.879189968095633,-0.855987733556971,-0.9319951716613128,-0.9479847045179579,-0.8475582575846924,-0.8764673410914978,-0.8197042149458548,-0.8378872239150087,-0.9119073417842407,-0.8945026551106486,-0.9063746466004,-0.8532496703779029,-0.9292012699087319,-0.849491024084422,-0.7313241415405346,-0.9592992233917423,-0.9572747776892484,-0.9187899651171644,-0.9278766081758931,-0.8972374267717547,-0.7986707707184482,-0.9728180713781998,-0.9358498811241043,-0.8552280397648336,-0.9451428463465191,-0.9336139459112637,-0.85110222652746,-0.775651339198225,-0.8797698562692404,-0.9952863909448375,-0.7194407550312951,-0.873873560648221,-0.9456822933734141,-0.8839202452710312,-0.9364373978008352,-0.8399613086327251,-0.9462637053168635,-0.8926785535678561,-0.8350299395830068,-0.9150382505666088,-0.9015403485146962,-0.8360113635591324,-0.8316459583260175,-0.9377179746597588,-0.8916024899023107,-0.8720407100588824,-0.9613610143957367,-0.9204102346236704,-1.0155663444600753,-0.8600319761497243,-0.9727769528519884,-0.9509337516357277,-0.795836038389818,-0.9514278743026189,-0.8021190684680174,-0.8830939927323704,-0.8891653389555847,-0.8679948156527203,-0.8518655997280322,-0.8733126587883631,-0.9115783016285545,-0.9457034418886293,-1.0101559285575668,-0.9390181041918201,-0.974728167234332,-0.8998972163530676,-0.9362344791770917,-1.0237553418664052,-0.9531605321245734,-0.9196058938480114,-0.8512667032135111,-1.0014863953144846,-0.8277650632878872,-0.8426476131812158,-0.8063218960192016,-0.8185077886006951,-0.8682597537603595,-0.7409014779307704,-0.9703272643804255,-0.8988965457715365,-0.8730148910528388,-0.8196676155613324,-0.9282537368629333,-0.8182634050231014,-0.9527617750518753,-0.9197798649676998,-0.92183241427062,-0.7864699612826926,-0.8831506100320602,-0.7927010785914196,-1.0151921000480648,-0.9394865619049589,-0.9019728377284983,-0.9469714884831538,-1.0199485281130611,-0.9452274858466612,-0.8776531205436462,-0.8214712411277708,-0.9512596911464292,-0.9025048476324102,-0.9627123142455382,-0.9626396002658524,-0.913255166971422,-0.987803118035168,-0.8254301908701911,-0.8661264341884503,-0.8944914756441227,-0.9031915632909775,-0.9788845692930296,-0.8847457261835175,-0.9228407229852831,-0.8987185321333927,-0.9185831481145297,-1.0021651560496403,-0.8773682237236541,-0.9320059012688707,-0.888636596140402,-0.9973439727596491,-0.8770604312132659,-0.9270032362403057,-0.816281201547604,-0.8087243040740151,-0.916894214181767,-0.7741543773692686,-0.7697889321106143,-0.785668505159778,-0.9221469514128429,-0.8087366691327901,-0.9749846152632358,-0.9159776198139341,-0.7854902927471478,-0.764326500914367,-0.9324028099485757,-0.8933616289051147,-0.9398909511214586,-0.9050497223909855,-0.9211378832726401,-0.9537583551403364,-0.8978502102244004,-0.8677067476976308,-0.8360831298381757,-0.9093596648191518,-0.8409013021752314,-0.8577499635674722,-0.8238537491569725,-0.9031583471352076,-0.9523313498987629,-0.9064849695389329,-0.9021058696184168,-0.9401781746030908,-0.8609152106915059,-1.0033020482387147,-0.8288757446083219,-0.911095494446109,-0.8819155288348198,-0.7721884485020479,-0.9598411326881132,-0.786457246136114,-0.8375171640032221,-0.9987166765404489,-0.9411349531284022,-0.8974937325686458,-0.8808263165914152,-1.0592615352215902,-0.8438572154102849,-1.016835778284773,-0.8692841882836705,-1.0183196943985713,-0.9297607219064483,-0.8636289712602281,-0.8377678676101155,-0.9593200717174639,-0.8986962779493415,-0.8589382981332244,-0.8797584895867728,-0.9015514405734152,-0.8800880637754384,-0.8166363939967408,-0.9971835337589564,-0.8397231686692942,-0.8255513309298216,-0.9781896544126809,-0.98536034018018,-0.9064960010943236,-0.8957427085943819,-0.9602994324688523,-0.9328853091350511,-0.8072638973718569,-0.7998968683524146,-0.8699626428761179,-0.9228949019254576,-0.885163826644537,-1.0236185813084873,-0.9814147950790227,-0.9459889005691345,-0.8139379583236059,-0.9163814707860478,-0.8487137326566596,-0.9431410286908316,-0.99000757572859,-0.8772998347201485,-0.8476054506667593,-0.8851186361160859,-0.8845422545022934,-0.9090187016778036,-0.8258056672123291,-0.9824942747924794,-0.9062643102318441,-0.8114031057372161,-0.8549356700945399,-1.011689181517723,-0.9631588654007188,-0.8989410436730543,-0.8766612800848456,-0.8926337434804938,-0.9319737120756143,-0.8306352990332159,-0.9101181242014686,-0.7950943340258437,-0.8479357286964619,-0.8317181012819187,-0.9160540377073833,-0.8237687782381656,-1.067930241167465,-0.8025303732569876,-0.8174808866267148,-0.8948044479102683,-0.8551227981991826,-0.9014294204207005,-1.050416584027499,-0.9261830272683688,-0.9810275225496989,-0.9086776105968496,-0.8742167923347159,-0.8426238781330613,-0.883173255935663,-0.9277149346647383,-0.8756568962784453,-0.9198885802095816,-0.8947932722143144,-0.8943796732931714,-1.0267107674510867,-0.9035015218581538,-0.9349304786988175,-0.8930929402923303,-0.8438927656995289,-0.9259130628736155,-0.9679436967096795,-0.8238051954194026,-0.9001638739696234,-0.9802321153685998,-0.9309860364151548,-0.9683878355287204,-0.7843691732851311,-0.9324564332986287,-0.9290721177605107,-0.9609968782467505,-0.9243998052790794,-0.9819648669886311,-0.9818732097373876,-1.013022704582676,-0.8672341091078002,-0.895742708594382,-0.8764901596709457,-0.9590802886098744,-0.8224323680400718,-0.8075116098236607,-0.8222864464406549,-0.8997416295804034,-0.9678197146163122,-0.9964210957220847,-0.9325315008084177,-0.9124993150682361,-0.9533808263228288,-0.9582979703620371,-0.871570421710145,-0.8400089285239771,-0.9231440840952185,-0.9752615033928079,-0.8441889598899053,-0.860299366499825,-0.8459875885614399,-0.9248107914595287,-0.8908956167812253,-0.9138790948478906,-0.9058007507172866,-0.7957480757124078,-0.8631077568878638,-0.8574467913520931,-0.8785527872586827,-0.8899297725101682,-0.8233316464220235,-0.8769806155212326,-0.8218120223019373,-0.9221252626406024,-1.00008749617221,-0.7978941032492971,-0.8978502102244004,-0.9713470028779622,-0.8863605361251142,-0.8637331763918763,-0.9998874936711628,-0.8757139944068497,-0.9302123413500812,-0.9062643102318441,-0.9107881202562976,-0.91795152377454,-0.8797471227574434,-0.8096264570775833,-0.9606013741401789,-0.9428441016414113,-0.8455146361831946,-0.9138572098528304,-0.987651254239066,-0.9238262823713125,-0.8720177750481924,-0.8401993810995101,-0.9651088021565237,-0.9530556122283735,-0.9048066091712637,-0.7961124292460205,-0.9890475216085424,-0.8237080793582153,-0.7839866070284619,-0.9442113110951383,-0.9444972207476314,-0.7491027966841399,-0.8413530768945937,-0.823659517033586,-0.7739605933120886,-1.0055222523644118,-1.0008071742348772,-1.0042484752291136,-0.8083037795284642,-0.8970702313643006,-0.9759482568251249,-0.9258806618565915,-0.8871612029389022,-0.8434304950616854,-0.8700890758997035,-0.7827994634643027,-0.9706672962452171,-0.823671657883164,-0.9702345077351145,-0.8878823120211371,-0.7883495417643115,-0.9600598939649546,-0.9450581992660558,-0.9099423058633992,-0.9665479812197633,-0.8322830047525901,-0.9586735627939262,-0.9606534234571801,-0.8734386068865974,-0.8360831298381759,-0.942037685021146,-0.8622731585756337,-0.912554107984836,-0.8489257918098613,-0.965212411855546,-0.8651213787671647,-0.8338555030699264,-0.9131018563117698,-0.9979353686486916,-0.8342991070353606,-0.9139556882037553,-0.9058669880285957,-0.9158902772712461,-0.8482658781302005,-0.8058877092995028,-0.8398541540053249,-0.9559785562448564,-0.8672802315284258,-0.9654299560299545,-0.7991964714636821,-0.8354130714802109,-0.9235556290771012,-0.7801121714215206,-0.9658338366406511,-0.8476998289489035,-0.8505733360504548,-0.8326553909031034,-0.8759651819564519,-0.7626499852488033,-0.8103425201727971,-0.8874992957743685,-0.8454318423149202,-0.8408537328215889,-0.9874487328464197,-0.9332389833263504,-0.7955846906521015,-0.925513371054141,-0.8819608834863369,-0.8696982235235392,-0.9089966996639758,-1.0123314674552006,-0.9298897784146247,-0.8405087744931636,-1.0300461154725065,-0.9117976749257479,-0.8126346042348922,-0.8625862275738002,-0.8646588922806495,-0.965212411855546,-1.0000274996218854,-0.9002527422896305,-0.7589038147222611,-0.851125725142884,-0.837863354014245,-0.93543305479334,-0.9218866524687295,-0.8429086546002479,-0.8841125493962859,-0.8550058479332174,-0.9893204738607202,-0.8333276666473999,-0.9433848631391114,-0.8558825854052645,-0.9727666729488629,-0.9996074229416266,-0.8098981417437626,-0.9770440112912008,-0.8883101935697912,-0.954303410870987,-0.9740508200294273,-0.9067055751455375,-0.8107126494634211,-1.0115606753922377,-0.8859994356657345,-0.8670034602007075,-0.9098653746571522,-0.9407417286375682,-0.9025713268213211,-0.7282959563254489,-0.8819722217847906,-0.8925441165567112,-0.993647321739459,-0.9366616251347121,-0.9595389517888265,-0.9544186712339612,-0.9332925586331438,-0.8269310733065968,-0.8632467781579032,-0.8302379177079303,-0.9358819369984657,-0.8114031057372161,-0.9986766243384292,-0.8720292426289384,-0.8208258036879688,-0.7611274531903314,-0.9553821225038701,-0.9555286494919972,-0.9261614330126255,-0.8561395914218662,-0.9511861016646532,-0.9249297270603859,-0.8658377446150057,-1.0100569290886527,-0.8896488071143579,-0.8299126460055901,-0.9394120501675502,-0.893831639627956,-0.9479741557658626,-0.8592991330148075,-0.8452189065561655,-0.8112921791808423,-0.935208532895204,-0.8982956083606332,-0.9024716062015469,-0.8712835359399373,-0.9351336802831988,-0.9271326765894944,-0.9621616288337421,-0.9314477977857911,-0.7882099973991702,-0.8966688351894472,-0.8212764455407204,-0.828658554532565,-0.8619831784901606,-0.9442642638583757,-0.9209424520565875,-0.9145463356222034,-0.8667612127916201,-0.8917258547333928,-0.8802698449907278,-0.9433848631391114,-1.0196151234657123,-0.9192469744307022,-0.7651764502387668,-0.8146870564824263,-0.9183218390085254,-0.8898398732356289,-0.9438935321316699,-0.8799289744064575,-0.9711616755206107,-0.8430510067605637,-0.9075874613501445,-0.797254664457976,-0.9340637023244185,-0.9251026970017977,-0.8846779074894998,-0.9152021634589813,-0.9767471525425605,-0.9190293792909996,-0.8068673992670665,-0.7655945402104172,-1.0126277697159998,-0.8465784074732831,-0.988147256232592,-0.9254593454063771,-0.8507614236670583,-0.8396755325719573,-0.8424814538018033,-0.9931238593448453,-0.925934662921742,-0.9027707350152641,-0.9920257053121155,-0.9069261270908453,-0.9878334879927891,-0.9812109864855774,-0.9564177957357338,-0.812573073637073,-0.8082295466017064,-0.9414217970707922,-0.8441889598899053,-0.9658131289229817,-0.9193666298055417,-0.9403908761786239,-0.9855937296878466,-0.9807216730551028,-0.8826975699524724,-0.9499973684174077,-0.8677643689389418,-0.9116441191605417,-0.8519477683520275,-0.8135201288228828,-0.8921182657024797,-0.9639372386208555,-0.9334961167567865,-0.9322848277216572,-0.8677989398472437,-0.9191164235285973,-0.8672571706247231,-0.8187887395415255,-0.89358547436717,-0.9401143547462724,-0.8440941890571217,-0.8674877520749212,-0.9306100149901675,-0.785655777042338,-0.8577616218973662,-0.9951256202108355,-0.9123568380847485,-0.8515485893359227,-0.9904721096527654,-0.9737427791773349,-0.8397827099911024,-0.7899335415083981,-0.9033133454123214,-0.9150491790062433,-0.8444732085744343,-0.8479475219611177,-0.9210184580126503,-0.9691413725561405,-0.9277041554288737,-0.9383895779472404,-0.9315014761126255,-0.9091177041505681,-0.8519360304623815,-0.8293461279827621,-0.9352085328952041,-0.9941805671003633,-0.9582457931032099,-0.8470271542282456,-0.8413411911941552,-1.00035743611971,-0.8442955643612017,-0.9177009316765457,-0.7960621835007614,-0.933881684154904,-0.9381444451682267,-0.8369796891203515,-0.9535905830071939,-0.9043423024496863,-0.8806900703425694,-0.9512071278118137,-0.812991389868306,-0.897772242832223,-0.8650982603149772,-0.9261074451703755,-0.8438809157695178,-0.8874091502796215,-0.9561772848169946,-0.9005303992647888,-0.9171886392667541,-0.998586501010303,-0.9278766081758932,-0.7755868745666085,-0.8481833528194241,-0.9723965240579586,-0.955183228495978,-0.9315873550022027,-0.821093782706945,-0.9364694335641713,-0.8884452712463498,-0.8582977338895869,-0.8895588794453125,-0.9544710577068327,-0.8727857698198338,-0.9125760242303104,-0.7900601242943477,-0.968522069960205,-1.0001474891234792,-0.8276200819216507,-0.9161522799185734,-1.009393382185558,-1.00894747137797,-0.9078849045996965,-0.8665535182549317,-0.948533077968291,-0.7775956532800321,-0.885096039986622,-0.9217130790001843,-0.9397951904537498,-0.9612153764895773,-0.8032403127333687,-0.9430031813307949,-0.8721668418370421,-0.9481112803885416,-1.0023946328667168,-0.8433000652199666,-0.8840559937017565,-0.956835931599561,-0.9189096800012502,-0.9226131366938148,-0.8731408821032263,-0.8603691068372923,-0.7621253177791695,-0.8468500457578071,-0.9004193467490578,-0.7888187370999754,-0.8631540997991031,-0.8009712853779466,-0.8553449596507833,-0.8940777371123833,-0.8923648357034245,-0.8640920089897833,-0.9241401408877336,-0.9537478702466391,-0.879553864183428,-0.8060862236758547,-0.846779191997536,-0.994130273153373,-0.9079069335565182,-0.9328531502867962,-0.832463212400404,-0.8840559937017565,-0.8655605120382976,-0.9919954636993055,-0.914305747548379,-0.8581229515634692,-0.96627894523269,-1.0123709794339228,-0.9159885370461794,-0.982738520665594,-0.8649710977830415,-0.8649132904517077,-0.9057897106944856,-0.9514804254423734,-0.9999374980467529,-0.9794769012079866,-0.9116441191605418,-0.8468618541415122,-0.9114466523061018,-0.7682284816381126,-0.8551929606819738,-0.9558111738204361,-0.8373858131112564,-0.8235502413332171,-0.9706466916442872,-0.8066070914639915,-0.9079840306965756,-0.8861122953666765,-0.8112428736204712,-0.8859204253204686,-0.9038445662833848,-0.9535381481618865,-0.9000416657022052,-0.8494674802486556,-0.8955864000753919,-0.934673739868624,-0.8374216381250248,-0.8364179577220948,-0.7698408926525012,-0.85218249219284,-0.9139338050427941,-0.9359780980343503,-0.9896034559357602,-0.9235448012955301,-0.7913627486810332,-0.933870976098947,-0.9622032009923892,-0.8680754575496301,-0.9091727008660125,-0.8293099541184827,-0.9329817790289368,-0.906330513664855,-0.854608097317127,-0.8255997819767155,-0.9109637753500409,-0.9634910482199615,-0.8788941915839472,-0.9215611753974883,-0.8922191434843796,-0.8898960613464922,-0.85520465386947,-0.8918267769023309,-0.9730544691845364,-0.9852588492370926,-1.004128975779506,-0.9363519637401312,-0.8508084390742725,-0.9967823232782571,-0.9171232196384518,-1.0025342886904167,-0.9347700251933627,-0.8895251542255564,-0.8733928096795852,-0.7706458330517334,-0.9516170448242297,-0.8380184962159248,-0.7968406365139771,-0.9812517515907933,-0.9387731355338199,-0.9585796784827019,-0.8949050228934912,-0.9141963684023253,-0.9685427197599493,-1.0209382939237805,-0.748541915994021,-0.9833590392120265,-0.8911986310581946,-0.8424339736739016,-0.9968425151446941,-0.8783820353354229,-0.8900533691863651,-0.861402925465197,-0.9561982012114434,-0.827112447010683,-0.8950837949600025,-1.0121734041161128,-0.9619017621358223,-0.7944904027110711,-0.9966819954228129,-1.0050049751120638,-0.8860220087559901,-0.9449100486289687,-0.9326387296268582,-0.9086776105968496,-0.8896488071143579,-0.9639372386208555,-0.9134741375649339,-0.9111503717828358,-0.9343099057593256,-0.9949145691967728,-0.8935630923443513,-0.8427900094329548,-1.009135768863635,-0.9133975038284262,-0.9140979159805585,-0.8819608834863368,-0.8886591022433743,-0.9093376710551476,-1.0226216309075415,-0.9094586301751169,-1.0078169476646044,-0.8508201925201352,-0.8705716512728863,-0.9049060724738232,-0.9693683510410271,-0.9138243813775161,-0.9318449441833121,-0.8611823268042603,-0.8286102823402569,-0.9566477930774732,-0.8834110028746528,-0.8042107932625625,-0.8596830811409516,-0.9801198906256315,-0.9242483432498,-0.9422924174586146,-0.9253188639598784,-0.9264205308605806,-0.9122253011180955,-0.9741740090969375,-0.9478581117445796,-0.919703756652108,-0.9857966321711592,-0.918713774796046,-0.7968908331760379,-0.9990270266614413,-0.9426213449736855,-0.9704612305496804,-0.9143932414448392,-0.936020833101486,-1.0039198175153232,-0.7841906655909645,-0.7860629745764649,-0.9001083268140563,-0.7823394403965583,-0.8912098518306448,-1.0087095716805705,-0.8842030309832691,-0.9014627002821581,-0.9426956030448005,-0.8882426470283895,-0.9561563679649893,-0.8929809628429936,-0.8783478809674445,-0.940933047565022,-0.9391884794864128,-0.9019506638392147,-0.8134955439337083,-0.9760814515192878,-1.0277426720731215,-0.9430668056930007,-0.8948379741606857,-0.9637504863812002,-0.926301786676459,-0.7758962559517864,-0.8629223603546265,-0.8759309333503413,-0.9118634766235568,-0.9765321295277488,-0.8540813778557638,-0.970152049938565,-0.9788334894148237,-0.8920846372402117,-0.7742964548543406,-0.9093266739736605,-0.8363342633182022,-0.9718410363840374,-0.8570151690606181,-0.9116002413338864,-0.9091507025790608,-0.8666573717450281,-0.8396993509584249,-0.9274346338152356,-0.855134492346087,-0.8493262035284205,-0.8781998633568557,-0.9390181041918202,-0.7692691336586955,-0.9783736505037326,-0.9638646170495108,-0.8884340155577116,-0.8486548179324738,-0.8113784567019265,-0.8526986572054631,-0.964061720015892,-0.9266471820493494,-0.8888278798507616,-0.9143823051656238,-0.8469090860298997,-0.950702371933509,-0.9512807156670422,-0.9389861553824954,-0.9220601932628911,-0.9104586756135613,-0.9610385007896406,-0.7687229670043689,-0.9489757636525814,-0.8703993336394507,-0.934534643552608,-0.8294666961367406,-0.8000343742615064,-0.8772086410883104,-0.9738968117824393,-0.9515434829791017,-0.9976347026843041,-0.8580879908261156,-0.9843246415690303,-0.9669203690066727,-0.857505102025638,-0.9777806502483058,-0.96720990482935,-0.8727170217200991,-0.8722012382472293,-0.8776189378084317,-0.948817685332646,-0.8886140894674133,-0.9101510863587429,-0.9434484617614255,-0.9197689927367632,-0.8149938650075839,-0.9632938284864073,-0.9116221805112028,-0.7904017965566628,-0.9477315020616335,-0.8748799917703,-0.9445289831445088,-0.954303410870987,-0.8750285709621144,-0.8262172837698325,-0.9818121001495143,-0.8915351927994767,-0.7951949446519389,-1.0030129610329073,-0.8605201915120877,-0.8459639472223387,-0.9479108607880806,-0.985197949652759,-0.9354758147595263,-0.8368841018922513,-0.9457880312205267,-0.8507144056615005,-1.00925467549078,-0.8960329235022562,-0.8281757059948087,-0.9551099413156582,-0.8669803919351349,-0.8409607600833704,-0.8634668493926098,-0.7814569725839038,-0.9469398080131598,-0.9720159463712515,-0.9359674139626869,-0.9303198374752631,-0.9670548071334943,-0.8460585086150957,-0.9144479208790406,-0.9179406298884476,-0.8404254874764331,-0.8866876563931632,-0.8234530952033637,-0.8651907304172878,-0.9727872326464816,-0.8136061700847652,-0.7832209139189275,-0.897449162905621,-0.9205080119151597,-0.9660305378195868,-0.9717792959309228,-0.9251783611823181,-0.8429442448940498,-0.9013406681161125,-0.9599557281458349,-0.9757023111584803,-0.9934057579861312,-1.0772163199654934,-0.8857962519676859,-0.843608321438332,-1.02176073520174,-0.9114905375263092,-0.8684440108608039,-0.8461530594401937,-0.8255634439581248,-0.9866382315722415,-0.8390917709047087,-0.9043754751208151,-1.0131214142441172,-0.9801607011097722,-0.9289860063531635,-0.9455025118951298,-0.866461193591496,-0.8990300328687579,-0.8095276400469597,-0.9813332767210129,-0.9079399759896025,-0.9016401721307675,-0.852381956636812,-0.9081602281536006,-0.9063746466004,-0.8155090434814318,-0.96801601226426,-0.8749257111320937,-0.8712720585442872,-1.0021352204168856,-0.7914891028940323,-0.8519125541979059,-0.9468447602431984,-0.9927915189001163,-0.8557073097736164,-0.9943515474921332,-0.8508084390742724,-0.9135179253851562,-0.9034793854870181,-0.8220310213124563,-0.898674023214202,-0.8728659690926208,-1.0348888829241523,-0.8815639511686035,-0.9542090965820856,-0.8980729369043474,-0.911073542585888,-0.9736811593124313,-0.9885418554618716,-0.9765423697925245,-0.859019790226046,-0.7993340978589616,-1.005641586252279,-0.8872401027906707,-0.9790888621570567,-0.7643657501484481,-0.9155189785034498,-0.8791672195890835,-0.8132004672895854,-0.7924234978848116,-0.9199538031879644,-0.9266471820493493,-0.8735530893998372,-0.8477941967246532,-0.9385494126576395,-0.9099752743893649,-0.9536325288076115,-1.031346207633499,-0.80742491911013,-0.8662649710106025,-0.8504910346382258,-0.9142948102226108,-0.9380485062085009,-0.8826069340312254,-0.8237202194920311,-0.9886227794260054,-0.8684324959373642,-0.9359780980343503,-1.0148275715608046,-0.9475837693840053,-0.8852316081116851,-0.902017183871793,-0.8993303063947083,-0.9553507209396975,-0.9468870048743936,-0.7831187649392651,-0.8424339736739017,-0.7937096446434301,-0.9083363914321609,-1.0055918655200031,-0.8643002950363953,-1.0046566577692102,-0.9030254702941662,-0.8794060495584505,-0.8859655749519842,-0.8938204517686984,-0.9574419042427587,-0.9329067477513494,-0.8065946937588915,-0.8656067236337759,-0.8618091436043134,-0.7907433211858321,-0.9368324289861021,-0.9420164542087363,-0.980905194195647,-0.9116879948754398,-0.9665272888025458,-0.8418164883155949,-0.7999343723081288,-0.8812122332332887,-0.9887846074853714,-0.8070037174635567,-0.9613922196481517,-0.8635942334221554,-0.8748457006809829,-0.914305747548379,-0.9807318695749618,-0.8673839980078027,-0.8992969476207512,-0.8677874163641693,-0.92183241427062,-0.9707600115373521,-0.818507788600695,-0.808600643086561,-0.8281998551074492,-0.8911313034564546,-0.9757842999351853,-0.9532864207571615,-0.9576925393882946,-1.0111157203802144,-0.8777556607621507,-0.9570135840206241,-0.9495551590086803,-0.9117099319410752,-0.9104257245926216,-0.9662064996676435,-0.8700890758997036,-1.0129733461449022,-0.8845648647781574,-0.9965716231159706,-0.8315978595451048,-0.9223312853850292,-0.8284654488872785,-0.9922071356324746,-0.7815337484715551,-0.915333272638988,-0.9484276461596847,-0.9014183268605093,-0.8373022154515058,-0.933549677306998,-0.9414324192420824,-0.9210618871715407,-0.8699741375466284,-0.949965788857683,-0.856875136761477,-1.0066454192018162,-0.8671995156825216,-0.9052927703235015,-0.9209315935507915,-1.0086699162758845,-0.9008745750658079,-0.910293908581179,-0.8759765978609245,-0.9771156533389483,-0.9726021797220074,-0.8620179812509714,-0.8976831289491854,-0.9128280232332924,-0.914568204126953,-0.7751225709524914,-0.8513841671067179,-0.784573132346501,-1.0463914181605276,-0.9398377519550914,-0.8865635904998581,-0.9440524349844134,-0.880837669494215,-0.8919052640275199,-0.951469915446621,-0.9632419218451821,-0.9041874805592035,-0.9325100535651076,-1.0135260233462184,-0.8336036228328185,-0.9556437620787362,-0.8429798336852431,-0.9599348936256042,-0.9983060652926035,-0.8168935059112663,-0.8429205181984835,-0.8610081300429167,-0.9632315401812795,-0.8931489237523604,-0.8378275478879887,-0.8368960508928215,-0.9503867633758374,-1.0051641656963304,-0.8800085226860022,-0.8377320574026041,-0.8112182197164952,-0.879940338886677,-0.9301693394215916,-0.9311578813498815,-0.9206383654834291,-0.9442219018853566,-0.8688929738466068,-1.0304537835342251,-0.8146256809111777,-0.9520057772933943,-0.8597412401414742,-0.9831251191989757,-0.8358797760443782,-0.9454602054026388,-0.8085882759476543,-0.8758281794964126,-0.8534254507571238,-0.9240535698756864,-0.8780632095697894,-0.8821989571519567,-0.938325636439717,-0.9424728112789249,-0.9344490355284231,-0.8448994022959182,-0.7816872776244985,-0.9272189601167569,-1.0011368537817393,-0.9265716378132886,-0.8376246175943015,-0.89291376963288,-0.878803163398949,-0.911556361395169,-0.7695420716244175,-1.0076681001202727,-0.9802321153685999,-0.9051381110084802,-0.8984959654889944,-0.8291170001875489,-0.8637563313805579,-0.998005511006828,-0.8160729134090898,-0.8815979809414265,-0.8056394975421699,-0.8817681101060526,-1.0286666126593202,-0.9586214059783976,-0.8973488730700004,-0.8737705648509796,-0.8805878718220005,-0.989027299926549,-0.9166106043462512,-0.9553925894625728,-0.7625450806345813,-0.9264313250317047,-0.8389606665392604,-0.8860445812711683,-0.8044097214728325,-0.7873976123916049,-0.938240374317797,-0.966434167442356,-0.9302445914919366,-0.8738506737423735,-0.8612519956435515,-0.7910973391435469,-0.8866425435314956,-0.9412836979359623,-0.8695717336712365,-0.917635548570346,-0.9433424616755042,-0.974256126488307,-0.8231980320676185,-0.9738762755093688,-0.9557483978537448,-0.9586944247256265,-0.9072678766494491,-0.9047071349337309,-0.8324151608422325,-0.8977165476919761,-0.8356404729307934,-1.0001274918729113,-0.9846395279491881,-0.7933441876008167,-0.8243997816593597,-0.9249945945788007,-0.8099845677542259,-0.9871550030263738,-0.9609240344584997,-0.7354828346059479,-0.899241346914164,-0.9349839570816176,-0.9393375325195943,-0.8655951709661971,-0.804583743310788,-0.8709161842565563,-0.9520688000349554,-0.832030648473961,-0.9655646016709601,-0.9740508200294273,-0.9861617514383734,-0.8617743324095931,-0.8291049390758687,-0.9851370463037109,-0.8919725332094033,-0.8572835003661274,-0.9764194795271138,-0.9129594733612221,-0.9450264546561646,-0.8285861451895029,-0.9104367083987772,-0.9621928081211166,-0.9222987585376009,-0.8657453436201664,-0.9763989963124706,-0.9953567199753062,-0.9310934432160931,-0.9659270158764585,-0.9391884794864127,-0.9487228256977903,-0.9076535682737108,-0.8011460540999998,-0.9845582765890498,-0.9000861069919921,-0.9214960661880223,-0.9094696256610223,-0.9240860349556204,-0.9244647099808624,-0.8202286266645417,-0.9296208904709489,-0.8272696053887149,-0.9957585048594865,-0.8782112502126126,-0.959726523547203,-0.9127622910703531,-0.9176028552701871,-0.8485016205052293,-0.9435544499391648,-0.8136553324350551,-0.9229924160035119,-1.015103443004702,-0.9186158065263192,-0.8693186987520745,-0.8928465713659878,-0.8823009690576114,-0.9230357522869849,-1.0086104302454937,-0.9420058386230947,-0.8238901625823675,-0.8654449722541578,-0.8833317610048899,-0.8868793604543969,-0.8063094939289751,-0.9602369499243403,-0.8614725764642772,-0.9097224851568746,-0.9634287726656289,-0.7854011713767685,-0.7946162595869781,-0.8840559937017565,-0.8848474444784253,-0.7867369318901967,-0.8262535930330349,-0.8850847417055613,-0.8840673051301015,-0.9302768405157682,-0.853284829350669,-0.9080390960746129,-0.8863379716564105,-0.8267738505782583,-0.9439465027214201,-0.9823110505333837,-0.8272816932581066,-0.9540833296940053,-0.9198777092635737,-0.8322469585405524,-0.9986465841327451,-0.878325110650948,-0.8998416527367467,-0.9478897615229315,-0.9509337516357278,-0.8477352180958392,-0.9212247282829525,-0.9379205723300881,-0.8863831000193989,-0.7360264940883582,-0.8637910626997712,-0.9358605665375586,-0.9683671824261704,-0.9671065091291652,-0.8974937325686458,-0.9410924502938061,-0.8793605631366465,-0.901573624281456,-0.8807809035168735,-0.8071895688126798,-0.9756715635909453,-0.730475872291481,-0.8261325559497096,-0.8887603726539567,-0.7726545152912782,-0.767863920235871,-0.8542686930936894,-0.8517247207871801,-0.953181514717947,-0.957358344612925,-0.9627538626253338,-0.9033133454123216,-0.9129156587549585,-0.8743883576535085,-0.8718113328008533,-0.9205297387917459,-0.8771174379750979,-0.8151042878061678,-0.9366829773194344,-0.9885519713196671,-0.9399015905933983,-0.9134193998377743,-0.8962449441977344,-0.9484487334590098,-0.9606638329821728,-0.8461412411648542,-1.0411412007984315,-0.8387580103939395,-0.7938608190356796,-0.8501970359863646,-0.9283614597773865,-0.8764217021502834,-0.8991968638735346,-0.8210816037398475,-0.9290721177605105,-0.7957983412900531,-0.8766384659595996,-0.8633394465678027,-0.8600784847907778,-0.8664150275705057,-0.8470271542282454,-0.8294666961367406,-0.8948603242964792,-0.9786189248119003,-0.8946256200221409,-0.9216588305875445,-0.9487439064362945,-0.9527722707971722,-0.8673494105607037,-0.8200579247833656,-0.9745640050812465,-0.8884227597264717,-0.7939112041028266,-0.8446152970435713,-0.9414217970707922,-1.0409010519737214,-0.8295993008675935,-0.8431103130670388,-0.9641758138430978,-0.8556138147552317,-0.717812649651704,-0.8886816077763734,-0.8129667889895626,-1.0744277546675718,-0.9424409795843982,-0.9470348462437905,-0.9451534266985441,-0.9196276420377978,-0.8703074169510449,-0.80493167411899,-0.883467599858648,-1.008451783676344,-0.7851337465680609,-0.8959436366200721,-0.9782714347255571,-0.9437134098867093,-0.9444125158001666,-0.9059001048680808,-0.9303843291887498,-1.0387275870024824,-0.8068426116659928,-0.8353532187045191,-0.907014332852574,-1.0251707174905065,-0.7682545151185249,-0.9751794706616829,-0.8574001399580011,-0.9056903444334603,-0.9080611212908523,-0.9421650598488569,-1.0234622611508448,-0.9672202437914541,-0.992197057040586,-0.954931934747184,-0.9072458321756016,-0.7946414285701444,-0.949418242925635,-0.9659270158764586,-0.9313619060279414,-0.9088646763957767,-1.0150935917441306,-0.9425576905420696,-0.8882989361695758,-0.9239994588743005,-0.9490073761567925,-0.8380304290418098,-0.9632211584054827,-0.9237721580563034,-0.9576716556315112,-0.8639531237283652,-0.9231874132590846,-1.0046566577692102,-0.810317838875586,-0.9688524139413599,-0.9679850205452561,-0.956501437531591,-0.8509142142425404,-0.8771858411990016,-1.0147093179822484,-0.9933453578690545,-1.0331481016775863,-0.8240843403438752,-0.9068268853535386,-0.9602473639640986,-0.9953366264736769,-0.7816233108089855,-0.9236747262970877,-0.9789458616287215,-0.8813143593519851,-0.927046385031515,-0.9226781670766898,-0.845999408983245,-0.9440948045614911,-0.9324349843286662,-0.9910373353209252,-0.877539172914805,-0.8996860563552155,-0.8054781188834369,-0.8785414048296187,-0.9493445107019896,-0.8816660365467187,-0.8496675820578304,-0.8240964749348222,-0.9921869783463195,-0.8290325687209158,-0.8382094010448702,-0.9938787652425219,-0.9505445807535804,-0.9265824302241005,-0.9787006692549055,-0.8301897373492401,-0.9274561984266426,-0.9269061441160048,-0.9331211068237605,-0.8243876515329424,-0.9562714049891903,-0.9209207349169635,-0.8359874400970387,-0.8668073603748413,-0.8694567269277982,-0.8401160634102884,-0.8486666012045012,-0.934962566095563,-0.8677989398472437,-0.9236963786872827,-0.7991213925305718,-0.9710587005943565,-0.8825616125801077,-0.9209207349169634,-0.8597645026401125,-0.8269068871402632,-0.9619641365456406,-0.8955752341372554,-0.9633872533929437,-0.8236837985537897,-0.8151656273420758,-0.8861235805461899,-0.955287914714721,-0.9408267640750873,-0.9262154177079972,-0.8922191434843797,-0.9106234128332085,-0.861913568752691,-0.9296101333354752,-0.8404611829228045,-0.9195515211232049,-0.8427425466890823,-0.9625357136231363,-0.800384282704252,-1.0432521267651458,-0.836812404305768,-0.8863492539625675,-0.8687203232341234,-0.8561629517796248,-0.9771565892936506,-0.9569508869320307,-0.8934959429118859,-0.9330782389489105,-0.8625050724488524,-0.9431516314994105,-0.9475204483281614,-0.8746627921662152,-0.8040242533655312,-0.9126965541734011,-1.0418805113831433,-0.9491759583975986,-0.9356575228148384,-0.9909162426764433,-0.8596598164390377,-0.8358678125158306,-0.8361668493787587,-0.9126527269449207,-0.9175592623912637,-0.8087119388261805,-0.9028814983152551,-0.734721035495786,-0.8308640081264803,-0.9392949483522202,-0.9688214489780869,-0.9875398726127467,-0.8177988750297961,-0.9672719369443114,-0.8283326626422504,-0.8991301351862255,-0.7910720574005885,-0.8937980756300609,-0.8895813622148342,-0.9225481017269506,-0.8919613220313984,-0.9418465904806367,-0.8299487936011475,-0.987590502181952,-0.9005637123491042,-0.8563965203105393,-0.987053696614323,-1.0197720333486304,-0.836991636756306,-0.8736217717067266,-0.9443913383762051,-0.777724244189417,-1.0129536020963645,-0.941443041293524,-0.8239387113129227,-0.9294810379991622,-1.0065659441884571,-0.8877696773375401,-1.0383327982877166,-0.7934576233170868,-0.8909629621931542,-0.9067496898262497,-0.9192578528356448,-0.9721085330352779,-0.8668765771434823,-0.9175047683799796,-0.9948944667651941,-1.00672488794109,-0.8563031005432598,-0.926701138447558,-0.903833502366448,-0.8870484766910993,-0.8943573111458306,-1.0256583251746167,-0.904430760202239,-0.9895125062372886,-0.8773682237236541,-0.9078959191449205,-0.8362027266159804,-0.8082171737843734,-0.8760336751518174,-0.8553683417101664,-0.8668996481715747,-0.9648808216562292,-0.9054694914794204,-0.905480535406477,-0.9590490081325354,-0.8377081830804806,-0.9264421190770635,-0.9777090569284914,-0.8841577913472233,-0.8381258855327164,-0.8967803521487299,-0.9521528238681015,-0.9801504986480393,-0.8703648660188439,-0.9516275531950512,-0.8683979502509205,-0.9624629863012913,-0.8139502441795813,-0.9073229854908339,-0.9271973899876984,-0.8796220779402936,-0.8805992277988892,-0.9153878959217235,-0.9347486293116455,-0.8488551113117008,-0.9986365705300402,-0.8780176535810654,-0.8836260521283875,-0.8778467975677761,-0.8479711079983799,-0.8084398555242065,-0.9437028133898934,-0.9928620246539798,-0.8763646501314392,-0.9414430412935241,-0.8796561828350892,-0.8038127891493143,-0.9457245899309165,-0.9688317707424752,-0.8612403845617087,-0.8538588876389352,-0.8582977338895867,-0.906948179335512,-0.834934129138341,-0.7959616824948297,-0.9699458747785878,-0.80742491911013,-0.9491338156445591,-0.9340958194960515,-0.9414536632251211,-0.8257451180600464,-0.9322526481592852,-1.0070427001870377,-0.868363403190162,-0.8806332948509271,-0.8299367445775612,-0.989168843019229,-0.9445183957975619,-0.9899166631590762,-0.9497657605957376,-0.9324457088753211,-0.8620063804868267,-0.8065327023748013,-0.8248120998142546,-0.81253615304182,-0.9591949749659867,-0.8507496694092805,-0.8950391052909366,-0.7807400335579059,-0.7441337245414966,-0.9497657605957376,-0.9598932232285006,-0.9861820318784965,-0.9977650023928479,-0.9245836901005772,-0.8947932722143144,-0.8873978814489022,-0.9188770320342109,-1.0315691930258484,-1.0056316423024882,-0.8082048007776247,-0.8857736731242355,-0.8073629914728565,-1.0060293236282927,-1.0006672773704555,-0.9859284963931207,-0.92535128464816,-0.9371952838122906,-0.8035266019242923,-0.7521668697835606,-0.9189967355763565,-0.9135836031803549,-0.8793491911635559,-0.9934057579861313,-0.8612984384056435,-0.7886158760765598,-0.860101738168224,-0.8054781188834368,-0.8390440989602393,-0.9816185613567013,-0.995135669142655,-0.8531910688702736,-0.9607783303135016,-0.8887603726539567,-0.9925195212186005,-0.9451957469222976,-0.9195080206284227,-0.8588684416137317,-0.8646820224799404,-0.8999638881644085,-0.997704866180375,-0.8676836981296814,-0.9105465391730396,-0.8313693523338468,-0.9132880159073588,-0.9412305774888531,-0.958965588537983,-0.7574133613820131,-0.8563731663241206,-0.9853704886995551,-0.8929249688523667,-0.9286522492300334,-0.9330246513356439,-0.9821685191452636,-0.9671168491966211,-0.8816773786368798,-0.8182022977234908,-0.8489375713207656,-0.9495340962809076,-0.905811790605532,-0.8688239177186594,-0.8865071911721867,-0.9175374651751285,-0.9744716517169701,-0.8504087252609771,-0.784369173285131,-1.0072710658010584,-0.8818928506343613,-0.8128560758215443,-0.8219945255292155,-0.9430349940484711,-0.9892193892155572,-0.9218974997254303,-1.0068043504077642,-0.8528159238663406,-0.7980570155070376,-0.9302553412907664,-0.7441337245414966,-0.9872461699090049,-0.9100521963052448,-0.9719439284238572,-1.0654740728896221,-0.8362266439189797,-0.8901881823524732,-0.9223963356388618,-0.9199972826046825,-0.9101400991056268,-0.940018616836922,-0.9580892442773794,-0.7462941779218165,-0.9352085328952041,-0.9865368720934864,-0.9396568522604408,-1.02701265814984,-0.9817917294416366,-0.9610385007896406,-0.9431410286908316,-0.9693064530890114,-0.9301693394215915,-0.8132988380663039,-0.9833590392120265,-0.79764340403466,-0.9651813301136736,-0.8493732983794581,-0.9616522240394392,-0.9719439284238572,-0.7731591039365702,-0.8477470141498583,-0.8999083286646479,-0.9512912277530998,-0.7935962449507936,-0.7934702262845154,-0.7862156192801056,-0.9399441472768475,-0.9471193166650124,-0.7871943851425771,-0.9435968418768684,-0.9511966147963312,-0.8281757059948088,-0.8841125493962858,-0.8515368459438499,-0.9124883560900927,-0.8338195248373595,-0.9142291835201937,-0.9304703111867675,-0.8525696452489967,-0.9768802383096916,-0.9204862845257391,-0.9538527139972921,-0.8322229268651519,-0.9021723782071804,-0.8587287115265216,-0.8843839663856418,-0.9330353691045158,-0.9181911565681734,-1.019458189432014,-0.9275316706183137,-0.8972262813805667,-0.9231115858876434,-0.8222256381310423,-0.9180059912658524,-0.9771565892936506,-0.8484898349420575,-0.8630498247494174,-0.9420589153550855,-1.0384772505933868,-0.9137587208886161,-0.9138134382903328,-0.9545862978274935,-0.917472070419585,-1.017867869617663,-0.8932160992727348,-0.7422230123082953,-0.9045965951737824,-0.9026045645796391,-0.9222662305430033,-0.8359754781092567,-0.876581428048758,-0.7807784576946267,-0.9604764442712793,-0.90216129378288,-0.9628784970078,-0.9549109906164029,-0.8289722552655185,-0.9542614945600603,-0.7577961467307682,-0.8408418400626837,-0.9868206523983981,-0.8038625504400612,-0.821398198196222,-0.7782255457128093,-0.7947798437303251,-0.8380781586463162,-0.9489757636525814,-0.8471452059712078,-0.8752571050839861,-0.9787006692549055,-0.903080838020606,-0.8908731671792567,-0.984649683897781,-0.9357002725232049,-0.9867091770121529,-0.9869523798036052,-0.9594659973130889,-0.9085125205521385,-0.8468264284964185,-0.8780973750103118,-0.8913444900822576,-0.8829241190498761,-0.9919753021119023,-0.9296961869342049,-0.8188620152382207,-0.8874654922868832,-0.9522998477370455,-1.0109080076841808,-0.812696130174126,-0.9974442340301538,-0.8866651002492429,-0.9400398927705144,-0.8422321532689191,-0.9990370363505049,-0.9511966147963311,-0.8546314995364962,-0.8600203485964736,-0.9138134382903328,-0.8870372032784194,-0.9362344791770916,-0.9074772724426766,-0.9055136663794755,-0.9975745586170489,-0.8727972273099864,-0.8836486858474922,-0.790224651602315,-0.8845874744760973,-0.900907875423453,-0.8140485243522034,-0.9826164053179653,-0.873873560648221,-0.8777214820203502,-0.7972922927007384,-0.9988468351053628,-0.8739994279174328,-0.9903610452759134,-0.9481745619874011,-0.9682742380131777,-0.9647875413789296,-0.8850056496994807,-0.8702384730635621,-0.8198993840709968,-0.9037007247977619,-0.9385600673371949,-0.9124773969803306,-0.8322469585405524,-0.9939391329452724,-0.9430349940484711,-0.9086666055270217,-0.8003218102738423,-0.8524640754894015,-0.9437875820331606,-0.8295510834180135,-1.0242143330377678,-0.8551111038923538,-0.9914307842708939,-0.8945361926719344,-0.899919440839012,-0.8452662302493813,-0.8941001062520907,-0.8635710740871303,-0.9268306209874596,-0.8912098518306448,-0.8925105041398673,-0.8049689435003068,-0.8158400578544792,-1.0174355016412588,-0.7871562741921073,-0.8890416188233259,-0.8510787272632303,-0.8129421873663588,-0.8589732242625494,-0.9406035296552953,-0.919834224194773,-0.8978279345175222,-0.8694337237535704,-0.9257078372791278,-0.8495969632714092,-0.9193448754412024,-0.9461368822744413,-0.805403625519528,-0.9014183268605094,-0.7239993093919359,-0.8080934351917481,-0.8501970359863646,-0.9440312494827701,-0.9502815372298886,-0.9552355730394465,-0.9742048039298512,-0.9788232731193103,-0.9448888823560154,-0.9260858491522262,-0.7729391955386917,-0.878769025398597,-0.7835017549437908,-0.967168547875705,-0.9260210580758949,-1.0172389099911583,-0.9411137019510448,-0.8897949201922879,-0.8511492231095555,-0.8822896349838868,-0.9630758017933999,-0.9470559645554215,-0.8770604312132659,-0.8830600206101509,-0.8656067236337758,-0.843169615202066,-1.0224847187122161,-0.9095465903404838,-0.9450264546561646,-0.972561052068198,-0.8815752945721653,-0.9143604322147804,-0.9442324925567855,-0.8171627744825384,-0.9271218905839729,-0.8629455370995321,-0.8582278252305736,-0.9299005323151505,-0.9194862696092857,-0.8227241335952167,-0.9074221729713243,-0.9039109469411243,-0.8624123143833233,-0.8659301357499921,-0.9542824529456675,-0.8331356432178376,-0.9265392598265871,-0.9002749579989439,-0.9480690903093508,-0.9836437363192021,-0.950144725818125,-0.8873302654592595,-0.9751281967003107,-1.0000274996218854,-1.003062809598681,-0.9610697165138438,-0.9439570964826738,-0.904220658910202,-0.85730682955404,-0.9441477638590264,-0.9149289589908061,-0.9492075642345039,-0.8975940062188472,-0.8957203804759608,-0.8527338388969914,-0.9003304948739657,-0.8379707632131326,-0.9292658392516105,-0.7827100357092658,-0.8982956083606332,-0.815889085599262,-0.8409131940931834,-0.8587287115265216,-1.0016561286189987,-0.9708321173096819,-0.9341921643858934,-0.9279412696932926,-0.9511545615724081,-0.9773612433486403,-0.83756492285673,-0.8580413742938041,-0.8292014230571484,-0.8679602525461635,-0.8600319761497244,-0.8220310213124563,-0.9344062285751309,-0.7889074723945768,-0.9763580285940194,-0.9045081536393136,-0.7704511665251732,-0.8476290462224616,-0.8610197442567737,-0.7794966324494289,-0.8363342633182022,-0.9264313250317046,-0.9828097476114082,-1.0162652212882224,-0.9731058524127784,-0.8914342376193547,-0.9764706856839073,-0.8991635001488884,-0.8470507658930485,-0.8512314608847584,-0.8348023718222176,-0.8191184285559691,-0.9335282534556734,-0.7813289960061639,-0.9995073786621087,-0.9301478377118338,-0.8680524177721065,-0.9946431520902359,-0.9007413613241039,-0.9261938242074388,-0.8734729532160684,-0.8633510294196677,-0.9145682041269529,-0.8585423693679887,-0.9398696718162577,-0.8107496530989081,-0.9188117326199094,-0.7652156558774788,-0.9269816610915235,-0.9094806210139939,-0.9243565329460273,-0.84170956986362,-0.9772691543275066,-0.848112610447457,-0.8802357638723843,-1.0016161939585442,-0.8068302175798822,-0.9627642494401212,-0.9339780511339654,-0.9701623575464058,-0.8296836746616146,-0.8907384576855318,-0.8023185153042401,-0.7769266374632807,-0.943575646146084,-0.9045855404548537,-0.8519829810506782,-0.8587869351591231,-0.8382690498879223,-0.8998749913182386,-0.8842482683047789,-0.9536115561380325,-0.7971794026440975,-0.9916425767382117,-0.917602855270187,-0.8906823227166911,-0.9170686997166569,-0.889378996828686,-0.9263233776603071,-0.9569195368472733,-0.8705831379024062,-0.8836826353391809,-0.9001194365193989,-0.9055909672694399,-1.0035312650834551,-0.9335068291126744,-0.8870597499605086,-0.9173957706464533,-0.863096170771253,-0.8710539592929935,-0.745999329758412,-0.941039319051016,-0.8315497579820464,-0.903578994886446,-0.8996193639534443,-0.9032247782252211,-0.9052043968077045,-0.866311145028159,-0.8970479362888027,-0.9915618992276781,-1.0199877450244195,-0.8321027580773903,-0.7805606959103181,-0.993607065192272,-0.9719850821900509,-0.9521738286678542,-0.932756667089547,-0.9810581022549072,-0.979262477581981,-0.9819546832720948,-0.8598342863598777,-0.7826717064005827,-0.9459889005691346,-0.8701580316241413,-0.9398377519550914,-0.854584694456904,-1.0105320380868685,-0.7823905674278033,-0.8788714354215865,-0.8059249344697061,-0.9927915189001163,-1.0494546202671176,-0.9237072046920496,-0.8714556787352985,-0.9397419858663334,-0.9620992672276598,-0.9675200256325447,-0.8688929738466067,-0.9355185727712731,-0.8564081970649278,-0.9548376825408599,-0.919149062992505,-0.9193992603869116,-0.870789871323731,-0.8568401251108635,-0.9196058938480113,-0.8897724428189491,-0.8233437921063108,-0.9500605243877887,-0.9461368822744414,-0.9323277320770845,-0.8769578097035228,-0.8751771249295767,-0.9090847045242814,-0.8669111834553757,-0.9958790087154161,-0.8636173921361241,-0.9712234552357145,-0.9844668607931909,-0.8470507658930485,-0.9102389796092013,-0.9994673581463278,-0.9570449310246619,-0.8986962779493414,-0.8561979911212125,-0.7829527444233144,-0.9249081035432656,-0.8738048981323006,-0.8862589914917648,-0.9689349823388564,-0.8364657793358912,-0.8246302201593149,-0.9160758702203655,-0.8205455502286269,-0.897137113266417,-0.9940497975453745,-0.922862394943038,-0.8837052676090598,-1.025658325174617,-0.7874611101508443,-1.0214181318147824,-0.9176137531663309,-0.9336460785543953,-0.9968826410365466,-0.8554267940624727,-0.8952066800465688,-0.9629304232393947,-0.7813161971954761,-0.9033244157001403,-0.9201385765198632,-0.9458091773714188,-0.8287309575489503,-0.8378514188088483,-0.8516660143506961,-0.8984514455439426,-0.9485963314287064,-0.9749435881116405,-0.9411349531284023,-0.883580782950829,-0.8417333306932785,-0.9691929632431304,-0.813753648225309,-0.9382723485214728,-0.8604853281724215,-0.9660305378195867,-0.930738953735149,-0.8158278004579153,-0.8199603648957673,-0.9287060891369239,-1.0156648069122018,-0.8351616609974383,-0.8582744316359425,-0.9356254592517244,-0.770632856813152,-0.950681334622701,-0.9392417154279297,-0.8903117431551715,-0.9707497102755169,-0.8627832868107727,-0.7977060862247447,-0.9347379311871323,-0.8446034572507977,-0.9707806137330925,-0.8569101469815841,-1.0046765648705058,-0.8655374053153336,-0.8717769210067446,-0.7853120398924238,-0.952446848910741,-0.9329067477513495,-0.9909666997432356,-0.8773910188735692,-0.8181045165502999,-0.8457393215406269,-0.8211546748329452,-0.9095136062753542,-0.906043597185036,-0.968356855709712,-0.8704223112949254,-0.9857357658115079,-0.8958208526262379,-0.9301155842152091,-0.9104586756135612,-0.9781998773256926,-0.8559176362244209,-0.8487726432914764,-0.9282645097169233,-0.9755178112161765,-0.8918492025000638,-0.9260318569034222,-0.8597296086561169,-1.0395070947328835,-0.9864861884486776,-0.9621928081211166,-0.7549403949981748,-0.8482187217929111,-0.8886928603291465,-0.7837186995344694,-0.8002593329665079,-0.8584608319544927,-0.8611010393676226,-0.8616002553388666,-0.9546177245368954,-0.9623071235317756,-0.9190184981816198,-0.9711822691956439,-0.8253332660204603,-0.9376753169407841,-0.8012833456399803,-0.85047927664347,-0.9807318695749618,-0.904242777134548,-0.9334425531332927,-0.9070363829527458,-0.8338435104982228,-0.9822499681852884,-0.9020947843768968,-0.8974157342057247,-0.9354651249512191,-0.9315658860220247,-0.8550994094255943,-0.9192252172346014,-1.0741112605312355,-0.9224722218039956,-0.9037449861548335,-0.9423560898089427,-0.9509758146241155,-0.9888452861797946,-0.9572016506462993,-0.8003967766052035,-0.9336889203583815,-0.9588717328193589,-0.8158645720951486,-0.9584544850956669,-0.8850056496994807,-0.9274022859579332,-0.9992372090750024,-1.0455118363748925,-0.8541633333268291,-0.7695030864135635,-0.9168287735449843,-0.9741637439363057,-0.8112798530716759,-0.9455342405222563,-0.903125129757776,-0.991924896350525,-1.0281804316363932,-0.9314800051530897,-0.8374574616062597,-0.846034869257763,-0.8236959390454709,-0.8598226561332284,-0.8439164650603754,-0.936715004683922,-0.9625564918486601,-1.0031724677242693,-0.8151288241744368,-0.8676606479494158,-1.025785065206157,-0.8906374121942106,-0.9074993112945046,-0.9111064701778822,-0.9646631536448357,-0.8888953819207297,-0.8924544806319256,-0.8698017015389197,-1.0031624992990915,-0.8345028460107252,-0.9745537440285169,-0.8938987638429756,-0.9416342177300058,-1.0324800240198355,-0.8564081970649278,-0.912466437738945,-0.9019284894047865,-0.9665583272622507,-0.8815299200821263,-0.8931377273410859,-0.9041874805592035,-0.8701235544449994,-0.9333032733254503,-0.9801709034653089,-0.897983852861509,-0.7956852392749283,-0.8795993406091207,-0.9786700158889103,-0.8231251423690082,-0.7666387676083176,-0.9890879637322456,-0.9339780511339654,-0.9431516314994106,-0.916643333036356,-0.9866280960929503,-0.9566686991848328,-0.9238262823713124,-0.7427886644261611,-1.0281804316363932,-0.9664548618533615,-0.8683518871978111,-0.950292060368811,-0.8795311250888168,-0.8455146361831946,-0.839770802064468,-0.7951823690198369,-0.8850960399866219,-0.7727709880682634,-0.8364657793358913,-0.9336567891896893,-0.8609732864613163,-0.8314294918993432,-0.9647357151054377,-0.9612881982007269,-0.9410605719080998,-0.9013517626321035,-0.9573374535658782,-0.8804856614391855,-0.9779033694593756,-0.9551518203929676,-0.8721897729278876,-0.9474465684142827,-0.8960664037893621,-1.0308612903780991,-0.9851573478384049,-0.9069812566971822,-0.9070915058581466,-0.7611405914809695,-0.8391751902910382,-0.8661841605570954,-0.9833488699337586,-0.8639299740140979,-0.7874992063488063,-0.7686709308930578,-0.8663226881480134,-0.860403974886216,-0.8771288388828632,-0.8714212528966687,-0.9569508869320306,-0.8714786285388758,-0.9675096898739568,-0.8460939664127146,-0.8435134853693803,-0.8453253811403039,-0.9853197450574103,-0.8817114040319541,-0.8179089191346429,-0.936063566217594,-0.8314535465075604,-0.9408692789117945,-0.7578357341799079,-0.8954077283561942,-0.913167564031925,-0.8885240570744273,-0.9001749829894186,-0.859845916429217,-0.9126308125414131,-0.778045628482032,-0.9162177688737541,-0.943819368311543,-0.9941000955638221,-0.8902555812798929,-0.9759175170064324,-0.9806706888655334,-0.8728659690926208,-0.8560344619231168,-0.9438511535194519,-0.9341493456616025,-0.8857510937052238,-0.9893811196904861,-0.8998638785949794,-0.9732291610920832,-0.8781429268632754,-0.9350695161323568,-0.8330756268190782,-0.8405563633689296,-0.8757368326158265,-0.8798266874788466,-0.921745626515255,-0.8583210355106066,-0.9109857298553036,-0.9145025970438794,-0.8662996017544969,-0.9581414300613453,-0.9590281539141591,-0.9054694914794204,-0.9733627278666469,-0.9416448375050968,-0.7921458199094407,-0.9126417698089431,-0.880338003269199,-0.9094256429197496,-0.9560726959808026,-0.9521948330042544,-0.8960887232858139,-0.8970813786942631,-0.9162286832445271,-0.957786510658821,-0.9159885370461794,-0.8609965156723922,-0.9654713874579608,-0.9424515902686992,-0.9541462152102266,-0.8530504088270516,-0.9081712393596264,-1.0087987906416225,-0.7556156430355317,-0.8516777559617253,-0.9175810590896043,-0.8568634663702263,-0.9725713341446991,-0.8778240142534265,-0.9903711425521242,-0.8719260289726417,-0.919040260271551,-0.8760450901637425,-0.8625746344519991,-1.010353898394023,-0.9856343135260663,-0.9305025523876868,-0.8362625185909027,-0.8095646978469355,-0.897527158363467,-0.9685014197201778,-0.8503852068327623,-1.0078665586276787,-0.8898735865278843,-1.0014164967684525,-0.9252107867940148,-0.8959659591747892,-0.8839428714572,-0.7987709308681682,-0.8920622175610848,-0.8739422177695731,-0.8804856614391855,-0.8570501735604515,-0.8234773828102385,-0.8476644383245058,-0.9843144822667195,-0.9797729328778174,-0.8833770429437251,-0.9680883224169167,-0.9186593492693579,-0.8868229812087641,-0.92590226266059,-0.9531185655520513,-0.8598342863598777,-0.8401041602087208,-1.0013865387551402,-0.8157174756004679,-0.9673856521574008,-0.8879611477987085,-0.9457880312205267,-0.8321147757370974,-0.9229707470987366,-1.000987012902765,-0.8419233931896655,-0.9166433330363561,-0.8847570287937813,-0.8679487312047873,-0.9422075142982038,-0.9613402103313894,-0.9413261921353299,-0.9109418203156555,-0.8511139759162694,-0.9008301726740728,-0.958965588537983,-1.008342699681016,-0.9761429198636846,-0.9088316675820666,-0.7973926260005167,-0.9070694570979666,-0.9773612433486403,-0.8502558438493675,-0.8947932722143144,-0.8540930862616791,-0.9409224197562729,-0.9967221277768443,-0.8311528138675824,-0.8542921046105951,-0.9396674943829865,-0.9271218905839729,-0.8919164759101605,-0.8282481512203935,-0.8253090330294466,-0.9739070797565854,-0.8131389795108829,-0.9013406681161126,-0.9013295734635582,-0.8765015687379002,-0.922298758537601,-0.9875499987342414,-0.906507032515468,-0.9088866816055784,-0.8165996571147945,-0.9074993112945046,-0.8619019665832072,-0.9376113267233923,-0.9066614583183735,-0.9908254134811036,-0.8156439174051382,-0.8435253404610913,-0.9186811198669536,-0.8601366170556861,-0.8344668956884989,-0.9236205931008684,-0.9041543009907103,-0.995668117396555,-0.942769855266915,-1.0079360098736427,-0.9730236379451427,-0.7941127124029688,-0.8992858277544464,-0.9592992233917423,-0.9277364927607408,-0.9077086536989719,-0.8843274280491361,-0.919214338443434,-0.8111195966070601,-0.958454485095667,-0.8472042256740696,-0.8918940520039362,-0.915999454148309,-0.9810275225496988,-0.9601119726365254,-0.800009374945069,-0.976101941397516,-0.9503657190787135,-0.9927713734793122,-0.8674992795386057,-0.846684711093805,-0.9820768809008793,-0.8590547130421904,-0.8811781885634711,-0.8650867008572031,-0.9394972059564627,-0.8045464560856632,-0.8434660633362792,-0.856746753714305,-0.9753640346045163,-0.7741543773692686,-0.7544103657824434,-0.8943908541571743,-0.8763075943982228,-0.9772793868694867,-0.7835400436480575,-0.9614338250758603,-0.8676260715308178,-0.9705539655269045,-0.9894316550424288,-0.8342991070353606,-0.9901085799042445,-0.9955475880137523,-0.9035347253979783,-0.9165778744874873,-0.8624355048349992,-0.8114893714645929,-0.8747656829117155,-0.9822906901727206,-0.8693992178510399,-0.964652787276334,-0.7826205977355823,-0.9396249251696126,-0.9669307110646553,-0.8552280397648336,-0.9154315922011868,-0.9061208528667686,-0.8165016840154098,-0.9262154177079973,-0.8070532820080717,-0.8000218747009359,-0.8782454098940683,-0.9400079786895429,-1.0208599316262734,-0.915551746216455,-0.9219408874759812,-0.8902218824540318,-0.8623427392864162,-0.8049440974378284,-0.9569090865907796,-0.880213042393715,-0.8356763727663957,-0.7772612173523132,-0.9183436176072658,-0.870663540065851,-0.8506203618536297,-0.8136922022484915,-0.8368243543301067,-0.954921462739214,-0.9171341232338922,-0.9395291373874469,-0.86021799562669,-0.819545605808487,-0.9330889561022572,-0.9459360443497223,-0.8406872188870246,-0.8692496764451512,-0.8597412401414742,-0.8968138045324682,-0.8124130722729663,-0.8698017015389198,-1.023589273097369,-0.9074882919354937,-0.8664265693063666,-0.8990077863956463,-0.9662685961988002,-0.9789356465059387,-0.9193013651681369,-0.8580180650778862,-0.9442219018853567,-0.9203450439916544,-0.9136164403074192,-0.8707094808258378,-0.9285230207162339,-0.8705486775591587,-1.00008749617221,-0.8294305275307873,-0.8063839036091929,-1.0222010565441615,-0.8480182781049003,-0.8059993796523668,-0.9041653609821603,-0.9996174268188804,-0.859357317999911,-0.8660456108081145,-1.0122326807607034,-0.8322709895220426,-0.8719604348822256,-0.8022063325603955,-0.8332556630470627,-0.914819654358169,-0.9023940381008732,-0.886202572778933,-0.8696637281156435,-0.8876570283617429,-0.8582860828418459,-0.9084684914734248,-0.8403064917040688,-0.9073009423559528,-0.9367256802287423,-0.8250424231516825,-0.81212991571546,-0.8830713447961042,-1.013210244717255,-0.8857285137106065,-0.9223096009475343,-0.9487333661255938,-0.8965015337410193,-0.9268414103825962,-0.9105026084531554,-0.8483601829411844,-0.9356895852792207,-0.8569334863336827,-0.8490789127048203,-0.9743690266013181,-0.8023185153042401,-0.8176154352750441,-1.0042086436592745,-0.9286414808740777,-0.9037339210187919,-0.9306315060215832,-0.9670651477537591,-0.9425364714428827,-0.9331746888980648,-0.9717998765177942,-0.8460821473119499,-0.8526282894673387,-0.8684555256315661,-0.853987704829525,-0.9248324172519041,-0.8402826905274201,-1.0030827483313627,-1.0079062456399404,-0.8912435133003774,-0.9493655776359283,-0.9707703126898761,-0.7769523794931064,-0.9231765811587728,-0.7844711594443737,-0.9028039654321419,-0.8395206965882377,-0.8138150895627336,-0.8520534020822873,-0.9071245779935632,-0.9807828505841648,-0.9489652259171565,-0.8716851495809711,-0.9699768038463601,-0.9092056972984716,-0.8960217631285525,-0.8680639377373075,-0.8562680655028541,-0.898418054137382,-0.9847410827217478,-0.8859768620003573,-0.7957480757124079,-0.953338869447795,-0.870617596881662,-0.9723039648175873,-0.9386559540108399,-0.8422677721485015,-0.8294064142505772,-0.8832411901626871,-1.0237846453234194,-0.8018821609189221,-0.953024134007109,-0.8402707896862773,-0.8532496703779029,-0.8189963369881456,-0.8361548899575965,-1.0006372969263138,-1.0005673390631937,-0.7947169307369764,-0.8909180658175027,-0.8805424464499142,-0.895229020977314,-0.8830939927323704,-0.8205333631242546,-0.9209641686841025,-0.9935164819971533,-0.9587257167720077,-0.8787462659949116,-0.8339754193020319,-0.8800767012027986,-0.9169487444781197,-0.8503499279708325,-0.9284260875266269,-0.7799711533127363,-0.9747999794829707,-0.7427213474783123,-1.018162560694509,-0.8539642849674687,-0.9335068291126745,-0.8986072557018443,-0.9241401408877336,-0.9796708630963769,-0.8955082355846874,-0.854654901115064,-0.8922079354051946,-0.9492497037134117,-0.9425258617141494,-0.8656298285063888,-0.8491613509810725,-0.8576916695409836,-0.8260720307576089,-0.7894143398748213,-0.8503381680249334,-0.8508084390742725,-0.8337475637145814,-0.8351137647051449,-0.8747656829117155,-0.9317268913152609,-0.9612361832557074,-0.9838572050861852,-0.8659416839487518,-1.013170765468487,-0.9150928914596594,-0.9424091468146942,-0.7566868572930284,-0.8392347704903558,-0.7791630124691494,-0.8510669773877965,-1.0100767297586852,-0.8938652023655469,-0.8089715693397389,-0.8908394917155391,-0.8625630411743828,-1.0481960694450252,-0.8298764968355231,-0.9268737778144335,-0.9074552330556037,-0.8946926846688755,-0.8688584464686984,-0.9098104198128311,-0.9474043487339501,-0.8577033286632388,-0.9390819985496474,-0.7566075600996861,-0.8147238796058454,-0.7730297536317732,-1.0180054027361545,-0.8224566857895922,-1.0369450322943836,-0.9125760242303104,-0.9596952641333601,-0.8462003308909776,-0.8818021320001443,-0.845928483974857,-0.8359515536201845,-0.8404730810680375,-0.9094916162340365,-0.9374939999807999,-0.9606221942054014,-0.7864445307839582,-0.8918940520039361,-1.0175534384001657,-0.9699458747785878,-0.9410924502938061,-0.93188786879109,-0.945121685287138,-0.8867327669596968,-0.9552251043602236,-0.9036675273572687,-0.9257402443450322,-0.8982399456715339,-0.7983075848318115,-0.8689850401474124,-0.9040215705391106,-0.8041610535209972,-0.9122033764462836,-0.8329195639436019,-0.9695643351526498,-0.8017200259442195,-0.8352574453424524,-0.9495130330859077,-0.9249729725781181,-0.9379845414504442,-0.9075654246389072,-0.9256862319382309,-0.8996082480724595,-1.0025741867812077,-0.916763328236901,-0.9205840537397983,-0.9305777775124441,-0.9339352225930875,-0.8451597482133185,-0.8291170001875489,-0.8844518076187079,-0.9574836813230814,-1.009829193477788,-0.8148220664660475,-1.0329060944732584,-0.8811895369328894,-0.8067186622360982,-0.9799566316934643,-0.9558739456643851,-0.8434660633362792,-0.860159868861597,-0.9093706615016782,-0.8636173921361241,-1.0094528220773866,-0.9728180713781996,-0.8979170340293139,-0.8861912886053439,-0.8158400578544792,-0.8195334038341573,-0.8643928505025941,-0.8730492540515684,-0.8907384576855318,-0.9427804622498283,-0.8174319543546117,-0.8860784389657612,-0.8517364615889119,-0.8772770372009061,-0.992368379181844,-0.8779037532668373,-0.9665272888025459,-0.8437979615998132,-0.9155189785034497,-0.8329555810485935,-0.8915464093360479,-0.8970256406591731,-0.8504910346382258,-0.9736811593124312,-0.9485330779682909,-0.9508285860237901,-0.8953518861319275,-0.8161464329395797,-0.8395921628981537,-0.9828809693955826,-0.9536954440490947,-0.8780404318708791,-0.9156500423196626,-0.8631540997991031,-0.9063194800951814,-0.8539291539700469,-0.9510178757520807,-0.8483601829411844,-0.8479711079983798,-0.8674070555396699,-0.9711719724127134,-0.8333276666473998,-0.904176420838323,-1.0357774857564725,-0.7807016075300472,-0.9416023576860881,-0.9308786172213861,-0.9379099103858536,-0.9573896803287572,-0.9183762845370083,-0.8444613667895057,-0.9118086422051505,-0.9422287408055434,-0.7859230242205658,-0.8554735530687082,-0.8465311571348098,-0.8516894974108816,-0.926657973580328,-0.9734140948229586,-0.9302553412907663,-0.9341065249745341,-0.8072019573811747,-0.8361548899575963,-0.9169923663804406,-0.9374619992298354,-0.9419739911483757,-0.8858414079280784,-0.988288925365452,-0.8298162447192752,-0.9269385092874285,-0.9930130915551918,-0.886631264957423,-0.9178534741449749,-0.8935071348344119,-0.9005526081245893,-0.8286826895742423,-0.9456928676901396,-0.8860220087559902,-0.8687663667523048,-0.909876365227716,-0.8083780056384513,-0.9095905672334119,-0.9615794298964595,-0.9196493897132754,-0.8902443484796744,-0.831573809111374,-0.8608106644320805,-1.0023247976579248,-0.9444654572825837,-0.8797925891936121,-0.8986295120904944,-0.803700814980301,-0.8245332012720895,-0.9264421190770635,-0.8830486962789765,-1.0116002174772403,-0.8999749996527682,-0.9022167145425759,-0.8769121962887733,-0.9090957045328066,-0.8097005619363247,-0.9408055059362695,-0.8957873631615931,-0.8517482022288042,-0.8147361536104801,-0.8891428456665442,-0.8385076028277859,-0.9210184580126503,-0.9534332698201798,-0.884610083596157,-0.9017843422903283,-0.957462793010778,-0.8667842868903427,-0.9083143728907961,-0.952110812878417,-0.8161341801444171,-0.9407629882175425,-0.8864056633393088,-0.960601374140179,-0.9532339691807044,-0.9127075106516873,-0.9929325254013991,-0.937632657281091,-0.8743883576535085,-0.8008464272255948,-0.8897612039193437,-0.8622847557506742,-0.9830437426686566,-0.8837618457480498,-0.8007340382424116,-0.7887933823251816,-0.9255133710541409,-0.8070532820080716,-0.877083234362623,-0.9195515211232048,-1.0276356358165086,-0.8100709845439472,-0.9422181276116481,-0.8974714480138073,-0.85140765794066,-0.9825655194438689,-0.9990570554277668,-0.7884763788472042,-0.7822755269085183,-0.945238065251289,-0.8355207956717774,-0.8676836981296814,-0.89423430933956,-0.9853704886995551,-0.9615482307196036,-0.9489230738052479,-0.9119731355692446,-0.7595755393639265,-0.8416145198367242,-0.9590698618974532,-0.8606712496650508,-0.9083253822281969,-0.8679372097104722,-0.8446508154261144,-1.0230322575559385,-0.9870131711380552,-0.9182238289219028,-0.9551413507957867,-0.8696522293422814,-0.8555203095193007,-0.9781692082661363,-0.9625980469541792,-0.8178111028837893,-0.9710278059870376,-0.7879942893194087,-0.9753127703460055,-0.8994637291186344,-0.9381551044470205,-0.9087876539654354,-0.8504322430387974,-1.0291622806924086,-0.9096015611244299,-0.9020726134851894,-0.9487860665081459,-0.9233715395224178,-0.9646735199019407,-0.9660408894037561,-0.7301335494277742,-0.9215611753974882,-0.9073119639903356,-0.8749599990856725,-0.8813824368570093,-0.8769578097035228,-0.9596640037012955,-0.9136492762542965,-0.8202286266645415,-0.9627123142455383,-0.9395184936977026,-0.906153960428359,-0.8911088597921131,-0.7820198207206772,-0.8653409732585184,-0.8186665988056432,-0.9196385159398229,-1.0001474891234792,-1.0045372068768783,-0.7950314459189649,-0.8976385686900936,-0.8502087978843786,-0.895586400075392,-0.8663457739263233,-0.9361276622341634,-0.8715818951768102,-0.7999218711849302,-0.8501382240553591,-0.8603342373752192,-0.8705142158517574,-0.9582249214041555,-0.9686562857897532,-0.9953165325663992,-0.9383469507596858,-0.925513371054141,-0.9114795664193466,-0.8955640680599016,-0.891546409336048,-1.0069334635416582,-0.8859655749519844,-0.8555203095193007,-0.9310827030935545,-0.9758662818234883,-0.8948044479102683,-0.8465193441381006,-0.9431198227160745,-0.8229914944882479,-0.9838572050861851,-0.9136602213076807,-0.8433593540122739,-0.8930145575521152,-0.9052596312660804,-0.8763075943982228,-1.0007871901658214,-0.9976046311039258,-0.8332796649384887,-0.8933056587753153,-0.897527158363467,-0.962546102791965,-0.8564315500960951,-0.88527679287328,-0.891950110712477,-0.8675223340064507,-0.8231129934583707,-0.9266903474192445,-0.8987519123762686,-0.8223229292680583,-1.0131115437107603,-0.8638836727245168,-0.988511507267366,-0.9826062283539627,-0.9130470962661236,-0.967302951510022,-0.9184089503048193,-0.9294272429835485,-0.9393481782597974,-0.9742458621929067,-0.9884305741932512,-0.9753845395535035,-0.8508084390742725,-0.8976831289491856,-0.8007839908489679,-0.955936713386404,-0.9227540300643504,-0.9243240773668074,-0.9139119213578516,-0.7797916388369396,-0.9688627353758632,-0.8260236074108294,-0.8457038488738241,-0.9113369300099717,-0.8630845844991092,-0.8572018432084709,-0.6987524597452234,-0.9153441975563071,-0.9001305460876217,-0.839103688467641,-0.9120608532329408,-0.8450532527598482,-0.9963809512430474,-0.8755655315280519,-0.9078738899208414,-0.8537651902016151,-0.9853400428278555,-0.9295348299014943,-0.8599505799753844,-0.9334639789515179,-0.9190620218461863,-0.9064960010943236,-1.0008671240479428,-0.9381764226412855,-0.9017178050809466,-1.0033917480226755,-0.8127084348030356,-0.9447301201930633,-0.8528628260160013,-0.9755588142188045,-0.9079730172202255,-0.9824840965633999,-0.9250918873279562,-0.9264852940009356,-0.8271728960743334,-0.8321147757370974,-0.8357720981224486,-0.8939770690571431,-0.7306127565270126,-0.945862040680352,-0.8108606538734013,-1.0284624446230402,-0.8037754661595489,-0.8442955643612017,-0.8889741278574985,-0.8755997944266547,-1.0093834751966173,-0.8624818838677134,-0.9199646732347934,-0.8518655997280322,-0.8055401914243635,-0.9362451602011089,-0.8306112207284464,-0.7479538755832473,-1.028899897949261,-0.9220168111265651,-0.9532024968494365,-0.8241814120689692,-0.7705420170243801,-0.9963909875144394,-0.8037008149803011,-0.9841315968913913,-0.9122910719720982,-0.8952848708651341,-0.934160050526675,-0.9290505906569351,-0.8583326860838983,-0.8236230934110578,-0.8836034178295149,-0.9760404704724082,-1.0309097923678872,-0.8377320574026041,-1.0007672056977088,-0.8355207956717774,-0.9040215705391105,-0.9396674943829866,-0.9065401259734729,-0.7056734372214956,-0.9819852341048718,-1.0536863859801928,-0.9505130193742745,-0.9816185613567013,-0.9088316675820666,-0.7500499983334444,-1.0119362628150055,-0.9286953214052497,-0.8632931136062653,-0.9476365336984428,-0.8399732138586326,-0.8249454527421798,-0.8426594804545903,-0.9392097742251194,-0.9144041775932565,-0.9416235978351435,-0.8429798336852431,-0.9267982520484164,-0.9455130882224739,-0.8752913800558074,-1.0003274463894312,-0.8776759082941722,-0.8764787504554802,-0.8925553204143707,-0.888906631767364,-0.9847410827217478,-0.8401398693074862,-0.9476998469979828,-0.9597786203078291,-0.7585743206832143,-0.952499343831795,-0.8626441908457971,-0.8374216381250248,-0.9158247648977396,-0.8670611281795534,-0.8505380649918027,-0.9857256210528363,-0.8650520215570853,-0.8522646302645674,-0.7799455109172692,-0.8431933348882686,-0.9677163840712836,-0.9672512600146872,-0.9488598421263279,-0.9487755266658179,-0.8624818838677134,-0.8932832697414633,-0.918594034380803,-0.942430368780633,-0.8101573921158777,-0.856665045394056,-0.8673032918189577,-0.8767639363021268,-0.8984514455439425,-0.8965796116352412,-0.8712376254501409,-1.0134668223479246,-0.9631069514856592,-0.9064849695389329,-0.880837669494215,-0.9360528831214612,-0.8890416188233259,-0.8283930226649667,-0.8624934782362125,-0.9655542449805706,-0.9512596911464292,-0.9547748425676076,-0.9972035900456837,-1.0145121980538232,-0.9201929145565075,-0.8894576999498065,-0.8499499985293253,-0.9922272925091307,-0.8810533468525047,-0.9252324032371543,-0.8632236095010376,-0.8358678125158306,-0.9494919694236492,-0.9178861585185824,-0.9956480301793401,-0.8280791025016873,-0.8411985496896676,-0.9693064530890114,-0.9203015810048356,-0.824799975751697,-0.8495969632714091,-0.8800198861389441,-0.8324511997708934,-0.8995415499019487,-0.8332436618420809,-0.8368124043057679,-0.8756226356142239,-0.9740097535445936,-0.9105355566917747,-0.9272620988695699,-0.8398184327579384,-0.9733010839406272,-0.903955198004857,-0.9870840896296527,-0.874090956365526,-0.9608824069572717,-0.8056767341806514,-0.7878166030238256,-0.9178207886074492,-1.0136148183605052,-0.9093706615016782,-0.7805350728826989,-0.8924208648390063,-0.8908058149787754,-0.8608455145959697,-0.8461176041189546,-0.8438098126947801,-0.9447195351002328,-0.9461685896287194,-0.9247026549112963,-0.8231494396523635,-0.9558739456643851,-0.8122037921605636,-0.9595076862641592,-0.8296354621157415,-0.8398422470916785,-0.8438098126947802,-0.9523208492939761,-0.8925105041398673,-0.9197581203773088,-0.9883192803947517,-0.9267550917043833,-0.982423024974476,-0.9749025592334857,-0.948047994565676,-0.8907047771287634,-0.8482187217929111,-0.889345264787529,-0.8459875885614399,-0.9823212305554634,-0.9180713479899043,-0.8582627802718699,-0.9512702034648199,-0.962088873233653,-0.9327352250236934,-0.8959324751341475,-1.0342315988210764,-0.862331142891175,-0.9786087062764157,-0.8684324959373642,-0.8911761890894526,-0.9615482307196035,-0.7946540127627874,-0.9407842473170988,-0.8869019111491416,-0.9709969103967324,-0.8584025862030007,-1.0013865387551402,-0.9671478687356965,-0.7680722622253716,-0.8924992997196133,-0.8064955052571589,-0.8976497089622433,-0.8505968492770238,-0.9370458900181997,-0.8670841942971859,-0.9116660572819414,-0.9884609248726022,-0.8935071348344119,-1.0271002872163946,-0.8960329235022562,-0.9891688430192289,-0.9121266359448121,-0.7989336643301495,-0.8600087208860151,-0.9497447025385296,-0.8371708308344241,-0.8411034419142511,-0.9623071235317756,-0.9346523417827615,-0.8302620068388051,-0.8416145198367242,-0.9755075601962294,-0.8642308719318004,-0.9157592478375526,-0.9163923832071063,-0.9815879991116435,-1.008184010982122,-0.8710883996472458,-0.8658030953975621,-0.9890475216085423,-0.9346309432069965,-0.9455025118951298,-0.9031362023526684,-1.0284721678295432,-0.9262693992570412,-0.9051823020806362,-0.8711457972119248,-0.9252972495366016,-0.9071686722985974,-0.910821058166751,-0.8997860856892598,-0.9651502473708433,-0.9933554248102741,-0.9294595203665407,-0.8614029254651971,-1.023188643408438,-0.8264472154953394,-0.9130580485379888,-0.9306315060215832,-0.9012851934876107,-0.9638749918946958,-0.8046210288079724,-0.9600494778916345,-0.9087656463577394,-0.9592783746129171,-0.9064187773871412,-0.8634668493926099,-1.004537206876878,-0.9092056972984717,-0.8992747077506406,-1.0163537769890953,-0.8279945651995549,-1.038775721703198,-0.7894903419295262,-0.9482062012030927,-0.937707310411943,-0.9529611744452132,-0.955675154014166,-0.9246702114808285,-0.9920156248769472,-0.8744341027201535,-0.8589732242625495,-0.8217511788856772,-0.9958087165716115,-0.8977945199209004,-0.7941630814889344,-0.8802471243917813,-0.9163050801998207,-0.8468854704149787,-0.9347486293116455,-0.9190184981816198,-0.8236352347975406,-0.8333516664650044,-0.8349461060451746,-0.9458197502695743,-0.8266891798009697,-0.9328745896421448,-0.8217876854759992,-0.8421846590861175,-0.9005748164367022,-0.926809041820374,-0.9674269998299613,-0.9705436620781158,-0.878586933661092,-0.8353771603293928,-0.8831506100320601,-0.8696407304168773,-0.9061098167440854,-0.9216262800072489,-0.9511230204342653,-0.8534723194105359,-0.9698633924424613,-0.8305269411644634,-0.8716392602447414,-0.907102530037261,-0.9972637564857153,-0.8315617836336637,-0.9998074814683074,-0.9851877993560416,-0.8063963045550245,-0.8118343427079198,-0.7709053119547173,-0.9775760839955118,-0.8599040644164906,-0.7478201655478408,-0.9535276608468156,-0.8955975658743162,-0.8957092162080281,-0.8904240562788047,-0.8510787272632303,-0.887702089667474,-0.8421134127895126,-0.958736147227171,-0.9198016090440372,-0.8924320702440045,-0.7855030235460586,-0.9948341570332213,-0.8957761997284813,-0.9667135046124058,-1.015162548560574,-0.8524523447090752,-0.9089746971175819,-0.7660776723022281,-0.9944923328010127,-0.857108511216637,-0.8295993008675935,-0.9783429868916115,-0.9013628570115366,-0.891860415087473,-0.8158768289392706,-0.8719604348822256,-0.8745827576621895,-0.9252648269549644,-0.8308640081264802,-0.9832776820410398,-1.0228660713896027,-0.8328955516749984,-0.9797218993163315,-0.9321024621789173,-0.8206552260236939,-0.9820870633502917,-0.957003134791104,-0.8078459011469946,-0.8700201147099991,-0.9136383310697949,-0.8666919868096162,-0.8932496851384836,-0.9590594350716748,-0.9153551223432357,-0.9456505697137817,-0.8896488071143579,-0.90145160713152,-0.8970702313643008,-0.8658030953975621,-0.9393588238793523,-0.9220601932628911,-0.9233282189990729,-0.9610385007896407,-0.7935332381192359,-0.9213875406146971,-0.866991926144644,-0.8793264467761674,-0.9720468095724609,-1.0078864023291514,-0.8361907677079435,-1.0445357820582306,-0.8319585326204667,-0.8263504099351557,-0.9037228557472694,-1.009076310295708,-0.8661610704713067,-0.7862664942626005,-0.9174284713262391,-0.9453438527858528,-0.8184589177228141,-0.8649595366258469,-0.8260478194390444,-0.792309914111896,-0.851560332566049,-1.0004274086609182,-0.8322709895220426,-0.8674070555396699,-0.9084244602607308,-0.8344309438174018,-0.8047204483545823,-0.9010077691118984,-0.7609434933028865,-0.902272131898132,-0.8908731671792568,-0.9079069335565183,-0.9796300322060365,-0.9214418049991003,-0.8091569687026121,-0.9801096877390816,-0.838471824213551,-0.8681445732134713,-0.9012519070714913,-0.9186593492693579,-0.9384322031985048,-0.8867440442427567,-0.8974268772440461,-0.8496911203490359,-0.8622731585756336,-0.7999843748474091,-0.8851525292287201,-1.000697256916396,-0.8382809791472069,-1.0046666113691647,-0.8719260289726417,-0.9265608452767685,-0.928781459763275,-0.8979170340293139,-0.9049723752689912,-0.9519532551548947,-0.8366928946752207,-0.8448520580551366,-0.8472042256740696,-0.916501500271549,-0.9416873154078269,-0.9550157066771207,-0.9292873613689149,-0.9392630089596843,-0.8408894100891031,-0.9753230234132689,-0.8741252770627332,-0.8859430004238422,-0.8183978250215478,-0.9824739182288759,-0.9830437426686567,-0.8502793658557168,-0.8728545125048046,-0.8072391219459076,-0.872120977846537,-0.839103688467641,-0.8816660365467187,-1.034753593857011,-1.003850088409619,-0.887082296069536,-0.8108483212044039,-0.8787917842128475,-0.801832276726249,-0.9964512030199972,-0.9664445147032498,-0.8520768744661481,-0.8695487335394146,-0.9033908345782571,-0.89660191835619,-0.9204862845257391,-0.9170577953433469,-0.8253938453853409,-0.8469090860298997,-0.9096015611244299,-0.8420896626844435,-1.032867368058455,-0.821045065754615,-0.9024716062015469,-0.9202255158383732,-0.9112601165419235,-0.8624702893433489,-1.0160979283513967,-0.8924768904571142,-0.9361383444769262,-0.8338435104982228,-0.9771054190823014,-0.9676750487637883,-0.9955375432398317,-0.8066442834360137,-0.9333889864359874,-0.9082483140639458,-0.906164996013419,-0.8368841018922513,-0.8687088119732642,-0.8349700593434474,-0.8311768764829783,-0.8924320702440046,-1.0009570420352714,-0.9003860283234074,-0.8540579605623965,-0.9627954092121545,-0.8822896349838867,-0.8717654501068507,-0.9259562624659978,-0.9441477638590264,-0.9638542420926517,-0.9414005523686504,-0.887702089667474,-0.8848474444784253,-0.8803039247896148,-0.8299608424498112,-0.9820768809008793,-1.050349941686103,-0.8731408821032262,-0.7986332074237836,-0.8463303137664395,-0.9037007247977619,-0.9475837693840055,-0.9232524031921064,-0.9393268866587392,-0.869859184006239,-0.8980283959875657,-0.9455342405222562,-0.9369071458794622,-0.9149945355028083,-0.9363092437864746,-0.8276442472463637,-0.8859881489049388,-0.8373858131112564,-0.8577033286632388,-0.8631656851381432,-0.9372272936700041,-0.9199755431531862,-0.9458937572476097,-0.8813370524379421,-0.8669457883858713,-0.8060986292011666,-0.985025380383673,-1.000697256916396,-0.8446863323151381,-0.9921668206506404,-0.9016845346350351,-0.8386268538509842,-0.9428441016414114,-0.8701350469898337,-0.8659878752038044,-0.8484898349420575,-0.9060215229231589,-0.9046960815655166,-0.9402632610072564,-0.9168614944472256,-0.9947135265994929,-0.8329075578958327,-0.8628412368448787,-0.9427380336021242,-0.8550526299591154,-1.0128746220534899,-0.8574817782320507,-0.7787008411450446,-0.9392204214134188,-0.8615306146620676,-0.9174611708404885,-0.9174502711319017,-0.8947150384340257,-0.9434590611150013,-0.9880865346719385,-0.886270274803347,-0.7995842669787844,-0.9679230341302969,-0.9647771763469533,-0.8121791674255133,-0.9183871732553761,-0.8398422470916785,-0.933603234784456,-0.7956475350304305,-0.9363733229860832,-0.9224180180373754,-0.8316940543252669,-1.009125859345602,-0.9243457145462405,-0.9446030912504999,-0.8460585086150957,-0.8291531824699221,-0.9221794836147679,-0.8945026551106486,-0.8792923290919806,-0.7823905674278032,-0.9102060206348891,-0.7589696963647495,-0.753309365400431,-0.7759220321656037,-0.9839994918697875,-0.7897436292873784,-0.8737591201240764,-0.7341764093186324,-0.8839089319607536,-0.8834902376370664,-0.8420065320411713,-0.959497264196204,-0.8259630742351622,-1.0140093687930107,-0.8737018942408217,-0.8807922570050216,-0.9202472493846422,-0.928027478041464,-0.9164796778979881,-0.9455236644315148,-0.9482167473737214,-0.8730721619660083,-0.8746399259123723,-0.914819654358169,-1.037166813969672,-0.9979954909717779,-1.0139403335502537,-0.9032137067161902,-0.8919052640275199,-0.9019284894047864,-0.9866280960929503,-0.9495235647418131,-0.916512411263481,-0.991168502324403,-0.9413155687653317,-0.9353796020867676,-0.9424940318113425,-0.8896825276468006,-0.8026798863806167,-0.8337115808239681,-0.8916361365489849,-0.9381444451682267,-0.880849022250692,-0.7689440811918641,-0.8960887232858139,-0.8688008977895915,-0.9063305136648551,-0.7834634643683138,-0.9136383310697949,-0.9239669907523753,-0.9236422467600753,-0.8927457644816915,-0.8678450322494218,-0.7862283383343543,-0.9492813070950044,-0.9904216273890629,-0.9305670314383591,-0.9790173645038172,-1.0293274503286116,-0.8196066129552642,-0.9685117448952284,-0.9445607444733239,-0.8042605299279582,-0.9224939024188723,-0.9028039654321419,-0.940731098667414,-0.8723388103254378,-0.9847817016984018,-0.9792318418025426,-0.8267859456957406,-0.9365228240678387,-0.8480064858242536,-0.8459048409839016,-0.8931153340974501,-0.8751199917725568,-0.9438723430634038,-0.9161195336854248,-0.9184089503048193,-0.8896263260493138,-0.9079289619788544,-0.8946256200221409,-0.922103573358221,-1.0160388772089384,-0.926960085440576,-0.874262546378375,-0.8596598164390377,-0.886980834065765,-0.8818361525816459,-0.9129047047748192,-0.8474284630575021,-0.9932346147814222,-0.9240427479289041,-0.8950502779173916,-0.8561045496900481,-0.8328595319740297,-0.8367287493566837,-0.810342520172797,-0.8226998237510447,-0.8675223340064508,-0.9587570077970747,-0.7901613759226654,-0.8664496523168556,-0.922363811085409,-0.9865470085099848,-0.9699149447245361,-0.812843773427588,-0.9241184988950281,-0.9741432132905304,-0.9622032009923892,-0.8311648452623583,-0.9709969103967323,-0.8963007307818063,-0.9338495596186785,-0.8087119388261805,-0.886563590499858,-0.9349625660955629,-1.0076581761688832,-0.8901095438203098,-0.8376126789871319,-0.809787009033857,-0.9269169326320454,-0.7816361045908767,-0.8302258728803867,-0.7873722118540888,-0.9097444696177054,-0.9504498934715074,-1.0040393418586744,-0.950807551505561,-0.8660571574671039,-0.9656060273217022,-0.9633249711286425,-0.9628784970078,-0.8721897729278876,-0.8563731663241207,-1.009571691362233,-0.804558885352713,-0.9690588217440673,-0.9171995420844911,-0.9589030190796147,-0.940582266471147,-0.8040864381395821,-0.9627434756984852,-0.952425850132177,-0.8399613086327249,-0.8647514093657206,-1.036144294970541,-0.899063401546298,-0.9395929969939113,-0.8845083380047923,-0.936586888654758,-0.9296854306699659,-0.899452611314237,-0.8740108694976282,-0.8846213879394959,-0.9192252172346014,-0.8578548828327551,-1.0014664247991543,-0.8844857262839236,-0.9470348462437905,-0.9376006612625655,-0.9895024001992112,-0.89719284437628,-0.860473706745302,-1.0060690831150711,-1.0119757902242523,-0.8974603055288852,-0.8567117368169995,-0.8094288109525136,-0.8734615045896413,-0.8869019111491416,-0.8768551761836159,-0.9259670620491856,-0.8033025581933622,-0.8791444704939001,-0.8830713447961043,-1.0055918655200031,-0.8991746215279878,-0.8851412316687094,-0.9090297024850178,-0.8882088718313953,-0.8796107093481751,-0.8958431782404775,-0.8581112981426127,-0.9456082698453943,-0.8876232308812112,-0.8447573616133806,-0.7860248087687818,-0.9696159033349236,-0.8646010640752184,-0.9453755867378849,-0.9317698213614777,-0.8818928506343614,-0.8385791554766908,-1.0005873275231902,-0.9073450280901968,-0.7580468323263412,-0.9315551513463923,-0.8489611298522447,-0.8534840361717376,-0.9185069406379028,-0.8385314543891601,-0.8835921004626514,-0.92100760040295,-0.9358071382501845,-0.755602408678003,-0.9361062973829415,-0.9875803764757579,-0.9736195355476388,-0.985847351266919,-0.8263141049262078,-0.8630150635997034,-0.9380058635211189,-0.9441901291583172,-0.8661610704713067,-0.9658131289229817,-0.8231494396523635,-0.9044749858343236,-0.8814845432564317,-0.9435438516571447,-0.9684910944350495,-0.9259886608377017,-0.920638365483429,-0.8514428929763874,-0.7847388100508347,-0.9177772060799941,-0.8562680655028541,-0.9500605243877887,-0.913069000678481,-0.9262909909958101,-0.9492286342077972,-0.959278374612917,-0.8586588379560302,-0.9783021005803881,-0.7689700904456557,-0.9008523741435107,-0.8672225781193662,-0.8813030125898811,-0.9641446986837608,-0.889345264787529,-0.8487255151107453,-0.9618289868786446,-0.8182511839282606,-0.7622302801647282,-1.0433383918940202,-0.8506321178982134,-0.8332556630470626,-0.8663226881480135,-0.9218541099328026,-0.9580370556507718,-1.0001474891234792,-0.9688627353758632,-0.9018619628302327,-0.944010063505681,-0.8328835452810914,-1.0283263100786637,-0.9357109596451246,-0.9773510116636704,-0.9440418422930204,-0.9022610486993218,-0.8515838185404888,-0.9086996203366654,-0.9183327283724565,-0.9957585048594866,-0.882334970405231,-0.821897195517785,-0.9604035610096414,-0.9419315261737446,-0.8495381097984951,-0.8465429699666758,-0.9478264609093798,-0.9592054003184094,-0.8543155154859357,-0.8823803034973072,-0.9575776730897603,-0.8664265693063665,-0.9101181242014688,-0.9075654246389073,-0.9482694764675282,-0.89660191835619,-0.9957082906152785,-0.8453963567463488,-0.9077417033495817,-0.9595806375703919,-0.9320702763204071,-0.826834324396369,-0.8880061936720937,-0.8511962170968572,-0.9159557849590776,-1.0163242592794879,-0.9288029931045658,-0.9853501915562811,-0.9461897272746095,-0.910359818972696,-0.9691310540891773,-1.02691528375032,-0.8360472474687061,-0.9389116039329795,-0.9401143547462723,-0.9892396069709299,-0.956783674609888,-0.8947485680346183,-0.9060215229231587,-0.8981174756121828,-0.9532864207571615,-0.9441901291583173,-0.80919404347783,-0.9352726875088356,-0.9953768130713111,-0.9554239896506681,-0.9699252548521458,-0.7959742458145238,-0.8671533889687568,-0.7742835397966303,-0.853472319410536,-0.9511335342631969,-0.9556019045606806,-0.9900681794704848,-0.8609732864613164,-0.9414111747796496,-0.905104966288441,-0.9420164542087363,-0.9594138835768429,-0.9723553877055446,-0.9660098343184711,-0.9510809639562764,-0.9105245740780421,-0.859962208471977,-0.9076205154137934,-0.8585656643495593,-0.8489375713207656,-0.7881592478680942,-0.942218127611648,-1.018201846393926,-0.8927345630141134,-0.7790731672956014,-0.9844465450190782,-0.792953340367515,-0.9132661167480155,-0.9725816161124988,-0.8613216588476109,-0.7355780040213274,-0.7730426896362192,-0.8087613986831964,-0.9076645856262103,-0.904718188166901,-0.9318985996341017,-0.9591324204717511,-0.8498794032096554,-0.9502604906024453,-0.988754266741742,-0.8939211374612416,-0.8966242245221796,-0.9518271901978846,-1.0085707709427236,-0.9765116486760411,-0.9117209002759562,-0.926614806702332,-0.9431516314994106,-0.8991301351862254,-0.947900311214212,-0.8387580103939396,-0.8444021553738479,-0.8887941268932867,-0.9251999783830521,-0.9381870815567649,-0.9094146469020609,-0.8185444398442886,-0.864959536625847,-0.8436320287898036,-0.8180311730001493,-0.9133975038284262,-0.8733584601983312,-0.9032801337348231,-0.7960119345838981,-0.8219458619641563,-0.8939099507221071,-0.9024937672914977,-0.9458937572476097,-0.8733241093660474,-0.844271875641964,-0.9705745720963435,-0.7778142451768288,-0.9439253148422284,-0.8427781439975767,-0.8816320094007477,-0.7910467748496292,-0.8483601829411844,-0.8673724690120156,-0.9623694716687556,-0.8543506305961271,-0.9145244665945247,-0.8516777559617252,-0.8699281579532875,-0.8858978496418197,-0.8237202194920311,-1.043558814825499,-0.8595085805272684,-0.8729805267014837,-0.8517716830230975,-0.9009411745502589,-1.0031126556872862,-0.9884609248726022,-0.8883214508273456,-0.9198016090440373,-0.9099313160892969,-0.8843613514847876,-1.0063076070466723,-0.9708733182037705,-0.8861574352224326,-0.9328745896421449,-0.8243269982233992,-0.9874993670884048,-0.8835355114538408,-0.920670950991721,-0.9518482021835204,-0.9037671160204933,-0.9957685474044659,-0.9191925804748425,-0.9026599581237665,-0.9280598041074724,-0.8411628855340681,-0.8098734469038974,-0.8184955711547864,-1.0071717827659787,-0.8379468956920838,-0.9724376586702101,-0.7378041745612449,-0.9574419042427587,-0.8805197328850728,-0.9327030610006596,-0.8785414048296187,-0.9272620988695699,-0.9056130520260848,-0.8281394810054645,-0.8182145195485105,-0.840425487476433,-0.8831053164826944,-0.7823522224676044,-0.9114247089035935,-0.8220918440174431,-0.9474360136705803,-0.7745159778855437,-0.9855531441784355,-0.8796789186970437,-0.7681764120304658,-0.8190451757992351,-0.9051602068142413,-0.9837453938901061,-0.808860309324175,-0.9526883015971174,-0.886890635873443,-0.8055153629819857,-0.9180386702094853,-0.8948156234666447,-0.9496709956611289,-0.9815268717666369,-1.0126968944358423,-0.976767628456226,-0.9776170006705079,-0.9930433021777046,-0.950807551505561,-0.9514068530339689,-0.9114576238092477,-0.7848534895125331,-0.9054363588900106,-0.815754252210799,-0.8951173107475913,-0.8537417642355328,-0.9182238289219029,-0.9408161350657206,-0.9189423268083802,-0.8760336751518174,-0.9252324032371543,-0.8538940215272619,-0.9083474005026932,-0.8723273468142565,-0.9688627353758633,-1.041035542140613,-0.9457245899309163,-0.7448187699031221,-0.8329555810485935,-0.8703533765086455,-0.7903764925654103,-0.9747076484772241,-0.8264351154204423,-0.8502911266148788,-0.881178188563471,-0.9130032858648428,-0.9632315401812795,-0.9306529965567187,-0.946834198790897,-0.9076535682737108,-1.0410835701325805,-0.9262370107051434,-0.8088973976963951,-0.878290954069322,-0.9714293592433779,-0.8849604510937198,-0.8724992836673278,-0.9088536735910793,-0.8141345097709591,-0.8002968199362034,-1.0103637958676073,-0.9733730014747686,-0.9502394435088453,-0.8838184202651583,-0.8386387780206684,-0.9609864723293455,-0.9570762770019954,-1.0236674264623251,-0.8890303706848266,-0.9935668070140025,-0.9565850720139845,-0.9457774579677821,-1.0615154261714712,-0.9720879589831365,-0.9524048508906282,-0.9796198242175379,-0.7445770611561976,-0.9581205560888463,-0.8309241842671329,-0.8376723703214761,-0.9260426556050213,-1.027713481472341,-0.8845422545022934,-0.9651295249861545,-0.8875330979743798,-0.9219408874759814,-0.7907053812893902,-0.8643234348321235,-0.922797377542871,-0.935219225636428,-0.8966799875094793,-0.8516894974108815,-0.9363840024263549,-0.8282843714570498,-0.8513959126047058,-0.8192893261845903,-0.8602296205083849,-0.9211704511109765,-0.8671072598012313,-0.8496087334767694,-0.9039551980048568,-0.9633561127641221,-0.8478059919580658,-0.850937718049917,-0.9575150129371341,-0.8372066650475257,-0.8597528714694705,-0.9112381686474728,-0.9389435552790167,-0.9101400991056267,-0.8359515536201844,-0.993607065192272,-0.8981954130366063,-0.7692301346151228,-0.8936749968528828,-0.9791399287129495,-0.9042759534566868,-0.8856381879752023,-0.7997968492060967,-0.8651213787671647,-0.9065621876076676,-0.9444654572825837,-0.9125431496647158,-0.9132332670243676,-0.8459521263050293,-0.8960775636070798,-0.9954471357133938,-0.8698706800438787,-0.9004748747188897,-0.9520898066884237,-0.922613136693815,-0.8840786164137215,-0.9357857660811048,-0.8778695802908311,-0.8828788138810446,-1.0251121889822596,-0.9691723272978856,-0.9621096611093768,-0.9309108442810192,-0.8716163146706238,-0.7847642958239116,-0.8246059665076405,-0.7990838504187154,-0.9891688430192289,-0.8997860856892598,-0.9646527872763339,-0.8919837442464968,-0.8977388261627098,-0.9377179746597588,-0.9554658549629077,-0.7150349641800743,-0.9430455980492142,-0.8949385453761616,-0.9826164053179653,-0.9086115781784866,-1.0022649350346444,-0.863929974014098,-1.0124203672388263,-0.9319522519957768,-0.8981063411422948,-1.0053531717759685,-0.964808271108825,-0.8470035419052272,-0.8129421873663588,-0.8584957775085443,-0.9426849951070613,-0.8498323364052466,-0.8351736346413241,-0.8688469370378191,-0.8534488854055643,-0.9180168843763169,-0.830635299033216,-0.850596849277024,-0.8853445656917989,-0.9373659904220976,-0.940539738660733,-0.8503264079163954,-0.9765833297778537,-0.8601249909170179,-0.8790193399465109,-0.8186421684716711,-0.9843652777297663,-0.8795424947096077,-0.8673955268503521,-0.9768290536219733,-0.8909405142881314,-0.8745141508289046,-0.8418402461274942,-0.9463165432348734,-0.8491966792210154,-0.9319415217705455,-0.9471404330932135,-0.8825956038866271,-0.9951256202108355,-0.9603202590802715,-0.8944579364061789,-0.8792127160135936,-0.8445205740537053,-0.9488493031035014,-0.9888452861797946,-0.8401041602087208,-0.937653987353544,-0.8293461279827621,-0.9306422513511838,-0.8598110257492633,-0.9407098383667516,-0.8317421475433356,-0.860241245232987,-0.8555319982326786,-0.8881976131469843,-0.849302655123602,-0.8448875664844406,-0.8423627484641044,-0.8265077132126475,-0.821544277565123,-0.7396316650874272,-0.8246908511678785,-0.8172606683304904,-0.8966130715085521,-0.7784182680281855,-0.9324993297584723,-0.7737538368240897,-0.9637919900061424,-0.9519637598144165,-0.8960440837369553,-0.917068699716657,-0.8037256994771288,-0.8591478336118877,-0.9469609284442522,-0.9193992603869117,-0.7884002790461201,-0.9346202437353901,-0.9691000980290941,-0.8436438822157131,-0.9317376240122538,-0.9408480217335847,-0.7525788995181835,-0.9628784970078,-0.8103178388755858,-0.7692691336586955,-0.9668893421689992,-0.9873373283736415,-0.8547602002901166,-0.9001527648127289,-0.9113369300099716,-0.9237396819450814,-0.9163814707860477,-0.9410924502938062,-0.8236352347975407,-0.8324511997708934,-0.9362451602011088,-0.8706635400658511,-0.9054032250881372,-0.8234045178404111,-0.9008967754410045,-0.9717072604442143,-0.9860603429810977,-0.8604853281724215,-0.9463588114452149,-0.9336674997021155,-0.9093926544678046,-0.8747428193474925,-0.8752799552143303,-0.9393268866587392,-0.9818324704347479,-0.9549738216307293,-0.9324349843286662,-0.8661148884530273,-0.9271111044529668,-0.8020317948809761,-0.8932832697414633,-1.0322669228450556,-0.9798954025813164,-0.9701932797128621,-0.9155626685268464,-0.9079179478344945,-1.009502352647085,-0.9757228089985391,-0.961007284051479,-0.8830600206101509,-0.884497032216615,-0.8881750953500103,-0.897527158363467,-0.8720292426289386,-0.9280813541926158,-0.8952178505816335,-0.9785678310674227,-0.9572747776892484,-0.9925295965360429,-0.8479829007710002,-0.9664548618533615,-0.7890595668262315,-0.9395291373874469,-0.9617666037038299,-0.8960217631285525,-0.9662996429679563,-0.8951731676050171,-0.8786552224849062,-1.0322184846242581,-0.9084905062795098,-0.8941224748321676,-0.8120437180349342,-0.9385174478932184,-0.8696062327283539,-0.8892103238267086,-0.8485134059047035,-0.9176791378254167,-0.8092681879327767,-0.9665272888025459,-0.9511335342631969,-0.8646473269489706,-0.8928801711316026,-0.9784860755268825,-0.8762961828057908,-1.030938892466474,-0.7504631903031621,-0.7857830489390821,-1.0142558848732404,-0.9476998469979828,-0.8505968492770238,-0.9830030518772563,-0.8250787841170079,-0.9128170682015099,-0.7703083798064254,-0.9683878355287204,-0.8918043507406767,-0.9080721336986396,-0.8891315988086353,-1.0165603769575127,-0.8304185691565429,-0.9842636841822419,-0.9072788986855144,-0.8040740015695073,-0.7558802815261159,-0.8848361430231023,-0.8469327009863299,-0.861658284936668,-0.8734729532160683,-0.9412730740863673,-0.9446983645587623,-0.8962449441977344,-0.8577965959363559,-0.7991964714636821,-0.941740410091868,-0.8328475250608601,-0.7593253584597317,-0.9936674494014585,-0.9283183721116371,-0.9192469744307021,-0.9373126479462442,-0.8897387256942345,-0.8080191829406032,-0.9623902534834816,-0.942027069674752,-0.8452543995744715,-0.9705333585199428,-0.9315229465772703,-0.8385553052721091,-0.8681676105453369,-1.002624057162005,-0.8302138278780955,-0.9793237462657587,-0.9365014682316307,-0.9118854094676588,-0.9477420535145626,-0.8664496523168554,-0.8825502818536743,-0.917973311158881,-0.8741939144148739,-0.9854922627803834,-0.9300080644811635,-0.8913781464675921,-0.8446863323151381,-0.8652485192128329,-0.9050055248450143,-0.986820652398398,-0.9746358294255347,-0.9558530221744345,-0.9184742783551426,-0.9831556336613242,-0.8298282954925074,-0.9605076782618659,-0.85933404447863,-0.8496440431145268,-0.8892328154088781,-0.9318234811379245,-0.9622447713549812,-0.861890364257543,-0.9891284042024068,-0.9605493220027799,-0.9521318186049661,-0.9381657636047054,-0.9825756968295114,-1.0288998979492612,-1.0520337447059385,-0.9242267037907961,-0.9418890592845847,-0.9226456524581905,-0.9982359440533085,-0.8758624321204787,-0.9976046311039257,-0.9435862440709911,-1.0008171661197665,-0.8111195966070602,-1.0352753256984346,-0.854608097317127,-0.8762961828057908,-1.041774927707516,-0.9846598397416237,-0.8986183839650733,-0.8593456813180596,-0.9567627710148425,-0.9111613468535636,-0.912565066173366,-0.9052596312660804,-0.7938986081358249,-0.9398909511214586,-0.9496709956611289,-0.7915649057405211,-0.9098653746571523,-0.9503867633758374,-0.8118466603983785,-0.9560308572425892,-0.9776170006705079,-1.034579624775203,-0.9171559300358909,-0.9159667024515683,-0.8988854209519698,-0.9500605243877888,-0.9754563034805813,-0.905977372785877,-0.8949273713547932,-0.8570618414093584,-0.864010995300407,-0.9155080556718219,-0.8480654455877801,-0.9797423130599189,-0.8457156732614101,-0.9108430161119973,-0.8587520014532717,-0.9428122824825735,-0.8701465393828789,-0.7773641360392182,-0.8997194007022411,-0.9808848046534312,-0.9494498406972324,-1.009987623686548,-0.8968249550497578,-1.0014264825737333,-0.8711687551789263,-0.8606596307484161,-0.909876365227716,-0.8516073038672226,-0.9212572930511868,-0.7398479573534011,-0.850690895684208,-0.9075764430614095,-0.8430272830697711,-0.8533902975778433,-0.8991412569780124,-0.8788600571194483,-0.9751897251304487,-0.864022569149672,-0.912378759068842,-0.8924656856148587,-0.8588335112232172,-0.8004842284517542,-0.8464366485449457,-0.9480901855836289,-0.875394196919308,-0.8714671537126342,-0.8223958900675513,-0.8395802522689537,-0.8973600169385751,-0.8696407304168774,-0.9692548684427642,-0.9745024371442075,-0.928221417550791,-0.9407417286375682,-0.9203885049260447,-0.7943015800059824,-0.81447836067019,-1.0021751343951815,-0.8991968638735346,-0.8826069340312254,-0.9633249711286426,-0.8100833290470802,-0.8831959012586053,-0.911128421244777,-0.8384121897968804,-0.8739765443076833,-0.8699511480537284,-0.9378459361750202,-0.8018572192105027,-0.8440586472514809,-0.9195623959253661,-0.8907609106825467,-0.8972374267717548,-0.8901657149093083,-0.834550777364685,-0.9435226547359634,-0.8640225691496722,-0.9206600892837704,-0.9433530622200789,-0.8288395502146358,-0.9003860283234074,-0.8868568091862405,-0.9697190314725188,-1.0304149649534406,-0.813667622558499,-0.7965393901120019,-0.9032690629042932,-0.8265440097175709,-0.931866406734356,-0.9377393027915595,-0.8940329971539083,-0.9676647146610236,-0.8291290611237795,-0.8701580316241413,-1.0115409037700847,-0.9007635649825098,-0.8250303024737939,-0.941336815385439,-0.9165669642748422,-0.8815185760946845,-0.8895926033865165,-0.9681916132667128,-0.8530855760121606,-0.8478295819325957,-0.9244430755865933,-0.8710654395623788,-0.9411243275997067,-0.885717223497432,-0.9207578400426466,-0.9257186397604835,-0.781392986915035,-0.9407948766867303,-0.9940196175126524,-0.9455130882224739,-0.8199603648957674,-0.7699837660626357,-0.7922720492356146,-0.9361169798695033,-0.9011298463595576,-0.9997774752413658,-0.9459889005691346,-0.9179079474544275,-0.9849847714558839,-0.8771402396424416,-0.8480890283454915,-1.0390933548050434,-0.8088850350946047,-0.7617184519230186,-0.9861617514383733,-0.9734654590687848,-1.0431179223846172,-0.9269277210225185,-0.7425193600169628,-0.9553611882424364,-0.9036675273572687,-0.9138681524158723,-0.9573478991463865,-0.7753934485150104,-0.901074358751818,-0.8914118015821868,-0.8694107199707166,-0.8539994145197056,-0.9370779049790897,-0.9039773227244143,-0.852440613767317,-0.907532368568747,-0.7591277889789044,-0.8898623489057169,-1.0239116172795382,-0.9684084881908047,-0.7560919256280945,-0.9661340486702661,-1.0089772048961265,-0.8433474965872608,-0.7979692976549912,-0.9529191990929767,-0.8763418282839179,-0.9675613675628022,-0.7990212763124647,-0.9075544060826326,-0.9199320627089806,-0.9686562857897532,-0.9849644663641426,-0.8177132749319899,-0.9731058524127784,-0.8896825276468006,-0.9836437363192021,-0.9203885049260447,-0.8500676443671997,-0.851759942706864,-0.9566686991848328,-0.8631772703216877,-0.8863605361251142,-1.0052139075838535,-0.8977054082492764,-0.8837052676090599,-0.8241450115119304,-0.968635638411059,-0.8077963852357845,-0.8334476588244759,-0.9910776962478774,-0.8619483743241239,-0.9301048328011203,-0.9039441354420084,-0.8385195286932797,-1.0390548589944613,-0.8340233809672244,-0.900397134602282,-0.8774480041575112,-0.9317483565856179,-0.9170250814454314,-0.8719833714010836,-0.9004415583479031,-1.0051840627467188,-0.9954672269843945,-1.0079161671488357,-0.8319705523634836,-0.8701695237136267,-0.9333889864359874,-0.9809867481265993,-0.8195212016781506,-0.8894801852767716,-0.8935630923443516,-0.7772226193311669,-0.8988854209519699,-0.9886531242048446,-0.9270787453069992,-0.9266795562652712,-0.9658856039925223,-0.8673148217342995,-0.9279628225311615,-0.9224722218039956,-0.9812415604732607,-0.8125238458039248,-0.8104042201272154,-0.8426594804545903,-0.8652254041577836,-0.9652952916077028,-0.8557657389729972,-0.8505733360504549,-0.7583897414918006,-0.8658030953975621,-0.8949161971939048,-0.8595434834841109,-0.8805083758829328,-0.8610778129762722,-0.9388370465634597,-0.9688730567004121,-0.7255446230246628,-0.9220710384780556,-0.9154425159451576,-0.9651398862341148,-0.8155213056689568,-0.8430747297837837,-0.8450887527354746,-0.7957229417328622,-1.020458230404361,-0.8978836227485163,-0.9965214498444075,-0.912334916573952,-0.9219408874759814,-0.8467201426681664,-0.7698538822400002,-0.8307075297600233,-0.8050558986803338,-0.8798153215306039,-0.8695257327992082,-0.9751999794913861,-0.8159871322514834,-1.0043181766751013,-0.9794156421050257,-0.8356165388502073,-0.9795585740526188,-0.9287383915829043,-0.8432763485358757,-0.7764888923867488,-0.943935908841273,-0.8368841018922513,-0.9470031678933286,-0.9241401408877336,-0.7677206523208816,-0.953936580701254,-0.8112552002914989,-0.9536639869471846,-0.8466256551747059,-0.87179986235374,-0.9175701608051561,-0.9942006839667734,-0.8727857698198338,-0.8692151632363532,-0.8888391305517551,-0.8655836181444286,-0.97021389394298,-0.8624355048349992,-0.8069169721848711,-0.97243765867021,-0.8739536600987492,-0.8731523349336014,-0.8278013046619339,-0.9813332767210128,-0.8649942196338655
